#DOUBLE_1x60_DISCRETE_HIDDEN_START
2.348066e-02  1.000000e-50  1.000000e-50  1.726519e-02  1.000000e-50  2.831492e-02  1.000000e-50  1.000000e-50  6.215470e-03  1.864641e-02  1.000000e-50  1.000000e-50  1.000000e-50  2.831492e-02  1.001381e-01  1.000000e-50  1.035912e-02  1.312155e-02  1.000000e-50  1.243094e-02  1.000000e-50  4.143646e-02  5.524862e-03  1.000000e-50  4.903315e-02  1.000000e-50  1.000000e-50  4.143646e-03  1.000000e-50  1.222376e-01  3.176796e-02  2.417127e-02  2.071823e-03  1.000000e-50  1.174033e-02  1.035912e-02  1.000000e-50  1.000000e-50  1.000000e-50  1.312155e-02  3.729282e-02  4.212707e-02  5.524862e-02  1.000000e-50  1.000000e-50  1.305249e-01  1.864641e-02  1.000000e-50  1.000000e-50  1.000000e-50  1.000000e-50  1.864641e-02  4.834254e-03  2.140884e-02  2.624309e-02  4.834254e-03  1.000000e-50  6.215470e-02  4.143646e-03  1.000000e-50  

#DOUBLE_60x60_DISCRETE_HIDDEN_TRANSITION
3.870246e-02  1.000000e-50  1.000000e-50  7.382550e-03  1.000000e-50  1.000000e-50  1.000000e-50  1.000000e-50  2.639821e-02  1.000000e-50  1.000000e-50  1.000000e-50  1.000000e-50  2.885906e-02  6.644295e-02  1.000000e-50  1.000000e-50  3.378076e-02  1.006711e-02  1.476510e-02  1.000000e-50  1.722595e-02  2.102908e-02  1.000000e-50  2.953020e-02  1.000000e-50  1.000000e-50  3.221477e-02  1.000000e-50  9.485459e-02  1.029083e-02  1.744966e-02  1.000000e-50  1.000000e-50  4.205817e-02  1.000000e-50  1.000000e-50  1.000000e-50  1.000000e-50  2.617450e-02  4.161074e-02  5.950783e-02  1.000000e-50  1.051454e-02  1.000000e-50  1.275168e-01  3.243848e-02  2.371365e-02  1.000000e-50  1.000000e-50  1.000000e-50  1.000000e-50  9.843400e-03  6.689038e-02  2.483221e-02  2.237136e-03  1.000000e-50  4.407159e-02  3.355705e-02  6.040268e-03 
1.607531e-01  1.000000e-50  1.000000e-50  1.000000e-50  1.000000e-50  1.000000e-50  1.000000e-50  1.000000e-50  1.000000e-50  1.000000e-50  1.000000e-50  1.000000e-50  1.000000e-50  1.000000e-50  1.000000e-50  1.000000e-50  1.000000e-50  1.000000e-50  1.000000e-50  1.000000e-50  1.000000e-50  4.344678e-02  1.000000e-50  1.955105e-02  1.000000e-50  1.230992e-02  1.000000e-50  2.389573e-02  1.375815e-02  1.000000e-50  1.000000e-50  1.000000e-50  1.000000e-50  1.448226e-03  1.000000e-50  1.000000e-50  1.000000e-50  1.000000e-50  1.000000e-50  1.000000e-50  1.737871e-02  1.000000e-50  1.000000e-50  1.000000e-50  1.000000e-50  1.000000e-50  2.461984e-02  1.000000e-50  1.000000e-50  1.000000e-50  1.000000e-50  1.000000e-50  1.000000e-50  6.517017e-02  1.000000e-50  1.000000e-50  1.000000e-50  2.360608e-01  3.113686e-02  3.504707e-01 
1.000000e-50  1.000000e-50  1.000000e-50  1.000000e-50  1.000000e-50  1.000000e-50  4.177215e-01  2.079566e-02  1.000000e-50  2.518083e-01  1.000000e-50  1.000000e-50  1.000000e-50  1.000000e-50  1.000000e-50  1.000000e-50  1.000000e-50  1.000000e-50  1.000000e-50  1.000000e-50  1.000000e-50  1.000000e-50  1.000000e-50  1.000000e-50  1.000000e-50  1.000000e-50  1.000000e-50  1.000000e-50  1.000000e-50  1.000000e-50  1.000000e-50  1.000000e-50  1.000000e-50  1.000000e-50  1.000000e-50  1.000000e-50  1.000000e-50  1.000000e-50  4.837251e-02  1.000000e-50  1.179928e-01  1.000000e-50  1.000000e-50  1.000000e-50  1.000000e-50  1.000000e-50  1.000000e-50  1.000000e-50  9.041591e-03  5.334539e-02  1.000000e-50  1.000000e-50  8.092224e-02  1.000000e-50  1.000000e-50  1.000000e-50  1.000000e-50  1.000000e-50  1.000000e-50  1.000000e-50 
1.000000e-50  1.000000e-50  1.000000e-50  7.880133e-02  1.000000e-50  1.000000e-50  1.000000e-50  1.000000e-50  1.000000e-50  1.000000e-50  1.000000e-50  1.000000e-50  1.000000e-50  1.000000e-50  9.544950e-02  1.000000e-50  3.440622e-02  1.000000e-50  1.000000e-50  1.109878e-01  1.000000e-50  4.550499e-02  1.000000e-50  1.000000e-50  1.000000e-50  1.000000e-50  1.000000e-50  8.879023e-03  1.000000e-50  1.165372e-01  4.772475e-02  1.000000e-50  6.881243e-02  1.000000e-50  1.997780e-02  1.000000e-50  1.000000e-50  1.000000e-50  1.000000e-50  1.000000e-50  1.000000e-50  2.885683e-02  5.549390e-02  1.000000e-50  1.000000e-50  2.330744e-02  1.109878e-02  1.000000e-50  3.218646e-02  1.000000e-50  1.000000e-50  8.879023e-03  1.553829e-02  1.775805e-02  4.217536e-02  1.000000e-50  1.553829e-02  1.043285e-01  4.439512e-03  1.331853e-02 
1.000000e-50  2.823529e-02  1.000000e-50  1.000000e-50  1.000000e-50  1.000000e-50  1.000000e-50  1.000000e-50  1.000000e-50  1.000000e-50  1.000000e-50  1.000000e-50  1.000000e-50  1.000000e-50  1.000000e-50  1.000000e-50  1.000000e-50  1.000000e-50  1.000000e-50  1.000000e-50  1.000000e-50  1.000000e-50  1.000000e-50  1.000000e-50  1.000000e-50  1.000000e-50  1.000000e-50  1.000000e-50  1.000000e-50  1.000000e-50  1.000000e-50  1.000000e-50  1.000000e-50  1.000000e-50  1.000000e-50  1.000000e-50  1.000000e-50  1.000000e-50  1.000000e-50  2.494118e-01  1.000000e-50  1.000000e-50  1.000000e-50  1.000000e-50  1.000000e-50  1.000000e-50  1.000000e-50  1.000000e-50  1.000000e-50  1.000000e-50  1.000000e-50  1.000000e-50  2.588235e-02  1.317647e-01  1.000000e-50  1.000000e-50  1.000000e-50  1.152941e-01  1.882353e-02  4.305882e-01 
1.000000e-50  1.000000e-50  1.000000e-50  1.000000e-50  1.000000e-50  2.159420e-01  1.000000e-50  1.000000e-50  1.000000e-50  1.000000e-50  1.000000e-50  1.000000e-50  1.000000e-50  1.000000e-50  4.855072e-02  1.000000e-50  1.000000e-50  4.130435e-02  1.000000e-50  1.297101e-01  1.000000e-50  8.260870e-02  1.000000e-50  1.884058e-02  1.000000e-50  1.000000e-50  1.000000e-50  1.000000e-50  1.000000e-50  9.275362e-02  5.507246e-02  1.000000e-50  1.000000e-50  1.000000e-50  4.927536e-02  1.000000e-50  1.000000e-50  1.000000e-50  1.000000e-50  1.000000e-50  3.405797e-02  3.478261e-02  2.463768e-02  1.000000e-50  1.000000e-50  1.000000e-50  1.000000e-50  7.246377e-03  1.000000e-50  1.000000e-50  1.000000e-50  1.000000e-50  1.000000e-50  1.521739e-02  1.000000e-50  1.000000e-50  1.000000e-50  1.500000e-01  1.000000e-50  1.000000e-50 
1.000000e-50  1.000000e-50  7.440247e-02  1.000000e-50  1.000000e-50  1.000000e-50  6.264456e-02  5.242868e-02  1.000000e-50  1.000000e-50  1.000000e-50  6.360833e-03  1.000000e-50  1.000000e-50  1.000000e-50  1.000000e-50  1.000000e-50  1.000000e-50  1.000000e-50  2.505783e-03  1.000000e-50  3.084040e-03  1.000000e-50  1.000000e-50  1.000000e-50  3.084040e-03  8.095605e-03  1.349268e-03  3.149576e-01  1.000000e-50  1.000000e-50  1.000000e-50  1.000000e-50  1.144950e-01  1.000000e-50  1.000000e-50  1.000000e-50  1.000000e-50  9.579800e-02  1.000000e-50  1.000000e-50  1.000000e-50  1.000000e-50  1.000000e-50  1.572860e-01  1.000000e-50  1.000000e-50  9.136469e-02  9.444873e-03  1.000000e-50  1.000000e-50  1.000000e-50  1.000000e-50  1.000000e-50  1.000000e-50  1.000000e-50  1.000000e-50  1.000000e-50  2.698535e-03  1.000000e-50 
1.000000e-50  1.359416e-02  1.000000e-50  1.000000e-50  1.690981e-02  1.000000e-50  6.598143e-02  1.329576e-01  3.978780e-03  1.193634e-02  1.000000e-50  1.000000e-50  1.000000e-50  1.000000e-50  1.000000e-50  1.000000e-50  1.000000e-50  6.299735e-03  1.000000e-50  1.823607e-02  1.000000e-50  1.425729e-02  1.000000e-50  1.000000e-50  8.289125e-03  1.000000e-50  1.525199e-02  1.989390e-03  5.636605e-03  1.624668e-02  1.757294e-02  1.000000e-50  1.000000e-50  4.973475e-03  3.315650e-03  2.155172e-02  6.962865e-03  5.769231e-02  1.850133e-01  1.000000e-50  1.000000e-50  1.000000e-50  1.000000e-50  1.000000e-50  1.000000e-50  8.620690e-03  1.094164e-02  1.000000e-50  1.492042e-02  6.730769e-02  1.000000e-50  4.244032e-02  1.797082e-01  5.636605e-03  1.000000e-50  1.989390e-03  1.000000e-50  3.879310e-02  9.946950e-04  1.000000e-50 
2.388535e-02  1.000000e-50  1.000000e-50  1.000000e-50  1.000000e-50  1.000000e-50  1.000000e-50  1.000000e-50  1.000000e-50  1.000000e-50  1.000000e-50  1.000000e-50  1.000000e-50  1.000000e-50  1.000000e-50  1.000000e-50  4.538217e-02  8.359873e-03  1.000000e-50  1.000000e-50  1.000000e-50  1.393312e-02  1.000000e-50  2.687102e-01  1.000000e-50  1.831210e-02  1.000000e-50  7.802548e-02  1.000000e-50  4.816879e-02  2.269108e-02  1.000000e-50  3.980892e-03  1.000000e-50  1.000000e-50  1.000000e-50  1.000000e-50  1.000000e-50  1.000000e-50  1.000000e-50  4.259554e-02  3.184713e-02  2.229299e-02  1.000000e-50  1.000000e-50  1.000000e-50  2.746815e-02  3.582803e-03  4.378981e-03  1.000000e-50  1.000000e-50  1.000000e-50  1.000000e-50  4.538217e-02  1.433121e-02  1.000000e-50  1.000000e-50  7.961783e-03  2.599522e-01  8.757962e-03 
1.000000e-50  2.900916e-03  1.105974e-02  1.000000e-50  1.000000e-50  1.000000e-50  9.301061e-02  5.439217e-04  1.000000e-50  1.629045e-01  1.000000e-50  7.524250e-03  1.000000e-50  1.000000e-50  1.000000e-50  1.000000e-50  1.000000e-50  8.158825e-04  1.000000e-50  1.000000e-50  1.000000e-50  1.000000e-50  1.000000e-50  1.000000e-50  1.000000e-50  1.000000e-50  1.011694e-01  1.000000e-50  1.000000e-50  1.000000e-50  1.000000e-50  1.000000e-50  1.000000e-50  1.000000e-50  1.000000e-50  1.000000e-50  1.000000e-50  1.000000e-50  1.000000e-50  1.000000e-50  1.000000e-50  1.000000e-50  1.000000e-50  3.850059e-01  2.066902e-02  1.000000e-50  1.000000e-50  1.000000e-50  1.000000e-50  1.532046e-02  1.000000e-50  1.927296e-01  6.345753e-03  1.000000e-50  1.000000e-50  1.000000e-50  1.000000e-50  1.000000e-50  1.000000e-50  1.000000e-50 
1.000000e-50  1.000000e-50  1.028120e-01  1.000000e-50  1.000000e-50  1.000000e-50  1.000000e-50  1.000000e-50  1.000000e-50  1.000000e-50  1.000000e-50  1.000000e-50  1.000000e-50  1.000000e-50  1.000000e-50  1.000000e-50  1.000000e-50  1.000000e-50  1.000000e-50  1.000000e-50  1.000000e-50  1.000000e-50  1.000000e-50  1.000000e-50  1.000000e-50  1.000000e-50  4.868190e-01  1.000000e-50  1.000000e-50  1.000000e-50  1.000000e-50  1.000000e-50  1.000000e-50  1.000000e-50  1.000000e-50  1.000000e-50  1.000000e-50  1.000000e-50  1.000000e-50  1.000000e-50  1.000000e-50  1.000000e-50  1.000000e-50  1.388401e-01  1.000000e-50  1.000000e-50  1.000000e-50  1.000000e-50  1.000000e-50  1.054482e-02  1.000000e-50  2.609842e-01  1.000000e-50  1.000000e-50  1.000000e-50  1.000000e-50  1.000000e-50  1.000000e-50  1.000000e-50  1.000000e-50 
1.000000e-50  1.000000e-50  1.000000e-50  1.000000e-50  1.000000e-50  1.000000e-50  1.000000e-50  1.000000e-50  1.000000e-50  1.000000e-50  1.000000e-50  1.000000e-50  1.000000e-50  1.000000e-50  1.000000e-50  1.000000e-50  1.000000e-50  1.000000e-50  1.000000e-50  1.000000e-50  1.000000e-50  1.000000e-50  1.000000e-50  1.000000e-50  1.000000e-50  1.000000e-50  1.000000e-50  1.000000e-50  1.000000e-50  1.000000e-50  1.000000e-50  1.000000e-50  1.000000e-50  1.000000e-50  1.000000e-50  2.921109e-01  1.000000e-50  1.000000e-50  1.000000e-50  1.000000e-50  7.078891e-01  1.000000e-50  1.000000e-50  1.000000e-50  1.000000e-50  1.000000e-50  1.000000e-50  1.000000e-50  1.000000e-50  1.000000e-50  1.000000e-50  1.000000e-50  1.000000e-50  1.000000e-50  1.000000e-50  1.000000e-50  1.000000e-50  1.000000e-50  1.000000e-50  1.000000e-50 
3.843899e-03  1.000000e-50  1.000000e-50  1.954525e-03  1.000000e-50  1.000000e-50  1.000000e-50  1.000000e-50  1.000000e-50  1.000000e-50  1.000000e-50  1.000000e-50  4.678481e-01  2.143462e-02  5.537820e-02  1.000000e-50  1.824223e-03  1.000000e-50  7.883250e-03  1.000000e-50  1.000000e-50  5.993876e-03  1.511499e-02  1.000000e-50  7.948401e-03  1.000000e-50  1.000000e-50  2.332400e-02  1.000000e-50  1.570135e-02  1.140139e-02  2.019676e-03  6.462962e-02  1.000000e-50  1.000000e-50  1.000000e-50  1.000000e-50  1.000000e-50  1.000000e-50  1.000000e-50  1.000000e-50  1.074989e-02  1.029383e-02  1.000000e-50  1.000000e-50  1.322562e-02  1.003323e-02  1.000000e-50  2.866636e-03  1.000000e-50  1.000000e-50  1.000000e-50  1.000000e-50  1.000000e-50  1.288032e-01  1.087367e-01  1.000000e-50  3.452994e-03  1.000000e-50  5.537820e-03 
1.300191e-02  1.000000e-50  1.000000e-50  1.000000e-50  1.000000e-50  1.000000e-50  1.000000e-50  1.000000e-50  5.315488e-02  1.678776e-01  1.000000e-50  1.000000e-50  1.000000e-50  1.000000e-50  1.000000e-50  1.000000e-50  1.300191e-02  2.256214e-02  1.000000e-50  1.000000e-50  1.000000e-50  1.000000e-50  1.000000e-50  1.000000e-50  1.000000e-50  9.560229e-03  1.000000e-50  2.217973e-02  1.000000e-50  3.441683e-03  6.500956e-03  1.000000e-50  1.000000e-50  1.000000e-50  2.676864e-02  1.000000e-50  1.000000e-50  1.000000e-50  1.000000e-50  3.556405e-02  2.512428e-01  1.000000e-50  1.000000e-50  1.000000e-50  1.000000e-50  3.250478e-02  1.000000e-50  1.407266e-01  1.000000e-50  1.000000e-50  1.000000e-50  1.000000e-50  3.747610e-02  1.510516e-01  1.000000e-50  1.000000e-50  1.000000e-50  1.338432e-02  1.000000e-50  1.000000e-50 
1.000000e-50  1.000000e-50  1.000000e-50  6.246173e-03  1.000000e-50  1.000000e-50  1.000000e-50  1.000000e-50  5.633803e-03  1.000000e-50  1.000000e-50  1.000000e-50  4.083282e-01  1.000000e-50  1.516228e-01  2.841396e-02  1.000000e-50  1.000000e-50  6.858543e-03  1.000000e-50  1.000000e-50  1.000000e-50  1.000000e-50  1.000000e-50  1.000000e-50  1.000000e-50  1.000000e-50  1.000000e-50  1.000000e-50  1.000000e-50  1.000000e-50  1.000000e-50  8.450704e-02  1.000000e-50  1.000000e-50  1.000000e-50  5.266381e-03  1.000000e-50  1.000000e-50  1.000000e-50  1.000000e-50  1.000000e-50  1.000000e-50  1.000000e-50  1.000000e-50  1.000000e-50  9.797918e-04  1.000000e-50  1.000000e-50  1.000000e-50  1.000000e-50  1.000000e-50  1.000000e-50  1.000000e-50  2.192284e-01  8.291488e-02  1.000000e-50  1.000000e-50  1.000000e-50  1.000000e-50 
1.000000e-50  1.000000e-50  1.000000e-50  1.000000e-50  1.000000e-50  1.000000e-50  1.000000e-50  1.000000e-50  1.000000e-50  1.000000e-50  1.000000e-50  1.000000e-50  1.000000e-50  1.000000e-50  3.210650e-02  1.000000e-50  1.000000e-50  1.000000e-50  1.464370e-01  1.000000e-50  1.000000e-50  1.000000e-50  1.000000e-50  1.000000e-50  1.000000e-50  1.000000e-50  1.000000e-50  4.698512e-03  1.000000e-50  1.000000e-50  1.000000e-50  1.000000e-50  1.000000e-50  1.000000e-50  1.000000e-50  1.000000e-50  1.000000e-50  1.000000e-50  1.000000e-50  1.000000e-50  1.000000e-50  1.000000e-50  1.000000e-50  1.000000e-50  1.000000e-50  1.000000e-50  1.000000e-50  1.000000e-50  1.000000e-50  1.000000e-50  1.000000e-50  1.000000e-50  1.000000e-50  1.000000e-50  8.065779e-01  1.000000e-50  1.000000e-50  1.018011e-02  1.000000e-50  1.000000e-50 
7.668474e-02  1.000000e-50  1.000000e-50  1.000000e-50  1.061193e-01  1.000000e-50  1.000000e-50  1.000000e-50  1.316809e-02  1.000000e-50  1.000000e-50  1.000000e-50  1.000000e-50  1.000000e-50  3.563129e-02  1.000000e-50  1.000000e-50  1.394268e-02  1.000000e-50  1.006971e-02  1.000000e-50  4.027885e-02  1.781565e-02  1.000000e-50  1.000000e-50  4.647560e-03  1.000000e-50  2.323780e-02  1.000000e-50  7.745933e-02  1.626646e-02  3.718048e-02  1.000000e-50  1.000000e-50  1.549187e-03  1.000000e-50  1.000000e-50  1.000000e-50  1.000000e-50  1.866770e-01  1.000000e-50  4.957397e-02  1.000000e-50  1.000000e-50  1.000000e-50  8.133230e-02  3.950426e-02  1.000000e-50  1.000000e-50  1.000000e-50  1.000000e-50  3.872967e-03  1.161890e-02  3.098373e-02  1.000000e-50  2.323780e-03  1.000000e-50  6.816421e-02  1.000000e-50  5.189775e-02 
4.939064e-02  1.000000e-50  1.000000e-50  1.667736e-02  1.000000e-50  3.656190e-02  1.000000e-50  1.000000e-50  1.000000e-50  2.309173e-02  1.000000e-50  1.000000e-50  1.000000e-50  1.000000e-50  1.000000e-50  1.000000e-50  1.000000e-50  1.000000e-50  1.000000e-50  2.758178e-02  1.000000e-50  2.886466e-02  1.924310e-02  1.000000e-50  4.105196e-02  3.207184e-03  1.000000e-50  9.621552e-03  1.000000e-50  9.044259e-02  1.988454e-02  2.116742e-02  1.667736e-02  1.000000e-50  2.629891e-02  1.000000e-50  2.565747e-03  1.000000e-50  1.000000e-50  1.000000e-50  3.271328e-02  4.746632e-02  7.889673e-02  1.000000e-50  1.000000e-50  1.270045e-01  2.758178e-02  2.950609e-02  1.000000e-50  1.000000e-50  1.000000e-50  1.000000e-50  1.000000e-50  7.376523e-02  8.146248e-02  1.796023e-02  1.000000e-50  5.131495e-02  1.000000e-50  1.000000e-50 
9.337861e-03  1.000000e-50  1.000000e-50  1.000000e-50  1.000000e-50  1.000000e-50  1.000000e-50  1.000000e-50  1.000000e-50  1.000000e-50  1.000000e-50  1.000000e-50  1.052632e-01  1.000000e-50  1.884550e-01  1.000000e-50  1.528014e-02  1.000000e-50  2.801358e-02  1.000000e-50  1.000000e-50  2.461800e-02  9.337861e-03  1.000000e-50  1.000000e-50  1.000000e-50  1.000000e-50  5.942275e-03  1.000000e-50  2.971138e-02  1.000000e-50  1.000000e-50  1.358234e-01  1.000000e-50  1.000000e-50  1.000000e-50  1.000000e-50  1.000000e-50  1.000000e-50  1.000000e-50  1.000000e-50  2.631579e-02  6.791171e-03  5.093379e-03  1.000000e-50  3.820034e-02  1.782683e-02  1.000000e-50  1.000000e-50  1.000000e-50  1.000000e-50  1.000000e-50  1.000000e-50  1.103565e-02  3.081494e-01  1.188455e-02  1.000000e-50  2.292020e-02  1.000000e-50  1.000000e-50 
3.800905e-02  1.000000e-50  1.000000e-50  1.000000e-50  1.000000e-50  1.511312e-01  1.000000e-50  1.000000e-50  1.000000e-50  1.000000e-50  1.000000e-50  1.000000e-50  1.000000e-50  1.266968e-02  5.339367e-02  1.000000e-50  6.334842e-03  1.000000e-50  1.000000e-50  1.000000e-50  1.000000e-50  6.063348e-02  3.529412e-02  1.000000e-50  1.000000e-50  1.000000e-50  1.085973e-02  2.714932e-02  1.000000e-50  1.837104e-01  6.153846e-02  1.000000e-50  1.000000e-50  1.000000e-50  1.000000e-50  3.800905e-02  1.719457e-02  1.000000e-50  1.000000e-50  1.000000e-50  2.624434e-02  1.000000e-50  1.000000e-50  1.000000e-50  1.000000e-50  3.619910e-02  1.000000e-50  9.049774e-03  1.000000e-50  1.000000e-50  1.000000e-50  1.000000e-50  1.000000e-50  1.447964e-02  1.000000e-50  4.524887e-03  1.000000e-50  2.036199e-01  9.954751e-03  1.000000e-50 
1.000000e-50  1.000000e-50  1.000000e-50  1.000000e-50  1.000000e-50  1.000000e-50  1.000000e-50  1.000000e-50  1.000000e-50  1.000000e-50  1.000000e-50  1.000000e-50  1.000000e-50  1.000000e-50  1.000000e-50  1.000000e-50  1.000000e-50  1.000000e-50  1.000000e-50  1.000000e-50  1.000000e-50  1.000000e-50  1.000000e-50  1.000000e-50  1.000000e-50  1.000000e-50  1.000000e-50  1.000000e-50  1.000000e-50  7.372263e-01  1.000000e-50  1.000000e-50  1.000000e-50  1.000000e-50  1.000000e-50  1.000000e-50  1.000000e-50  1.000000e-50  1.000000e-50  1.000000e-50  1.000000e-50  2.627737e-01  1.000000e-50  1.000000e-50  1.000000e-50  1.000000e-50  1.000000e-50  1.000000e-50  1.000000e-50  1.000000e-50  1.000000e-50  1.000000e-50  1.000000e-50  1.000000e-50  1.000000e-50  1.000000e-50  1.000000e-50  1.000000e-50  1.000000e-50  1.000000e-50 
5.265823e-02  1.000000e-50  1.000000e-50  1.822785e-02  1.000000e-50  3.569620e-02  1.000000e-50  1.000000e-50  1.417722e-02  2.354430e-02  1.000000e-50  1.000000e-50  1.000000e-50  1.620253e-02  3.417722e-02  1.000000e-50  1.000000e-50  1.620253e-02  3.544304e-03  2.835443e-02  1.000000e-50  2.050633e-02  8.101266e-03  1.000000e-50  3.189873e-02  7.594937e-03  1.000000e-50  3.797468e-03  1.000000e-50  1.769620e-01  3.316456e-02  1.493671e-02  1.000000e-50  1.000000e-50  1.367089e-02  1.000000e-50  1.000000e-50  1.000000e-50  1.000000e-50  5.316456e-03  5.088608e-02  7.670886e-02  1.000000e-50  1.000000e-50  1.000000e-50  5.924051e-02  9.113924e-03  3.341772e-02  1.392405e-02  1.000000e-50  1.000000e-50  1.189873e-02  2.329114e-02  6.126582e-02  2.734177e-02  5.063291e-03  3.291139e-03  5.443038e-02  3.797468e-03  7.594937e-03 
1.816850e-01  1.000000e-50  1.000000e-50  1.391941e-02  1.000000e-50  1.000000e-50  1.000000e-50  1.000000e-50  8.058608e-03  1.000000e-50  1.000000e-50  1.000000e-50  1.000000e-50  1.000000e-50  4.615385e-02  1.000000e-50  2.564103e-02  1.000000e-50  1.000000e-50  1.000000e-50  1.000000e-50  5.787546e-02  3.589744e-02  1.000000e-50  1.611722e-02  1.000000e-50  1.000000e-50  9.523810e-03  1.000000e-50  6.300366e-02  1.978022e-02  1.000000e-50  1.000000e-50  1.000000e-50  4.395604e-03  1.000000e-50  5.860806e-03  1.000000e-50  1.000000e-50  1.494505e-01  8.424908e-02  4.468864e-02  1.025641e-02  2.197802e-03  1.000000e-50  1.904762e-02  1.000000e-50  6.739927e-02  1.831502e-02  1.000000e-50  1.000000e-50  1.000000e-50  1.245421e-02  2.930403e-02  1.465201e-02  1.000000e-50  1.000000e-50  3.882784e-02  8.791209e-03  1.245421e-02 
2.993197e-02  1.000000e-50  1.000000e-50  1.000000e-50  1.000000e-50  1.000000e-50  1.000000e-50  1.000000e-50  8.843537e-03  1.000000e-50  1.000000e-50  1.000000e-50  1.000000e-50  2.176871e-02  2.476190e-01  1.000000e-50  1.000000e-50  1.000000e-50  1.000000e-50  1.000000e-50  1.000000e-50  3.333333e-02  6.122449e-03  1.000000e-50  6.734694e-02  1.428571e-02  1.000000e-50  1.360544e-02  1.000000e-50  1.272109e-01  1.292517e-02  1.000000e-50  1.000000e-50  1.000000e-50  2.585034e-02  1.000000e-50  1.000000e-50  1.000000e-50  1.000000e-50  1.496599e-02  1.000000e-50  3.401361e-03  1.000000e-50  1.000000e-50  1.000000e-50  2.292517e-01  1.000000e-50  1.020408e-02  1.000000e-50  1.360544e-03  1.000000e-50  1.000000e-50  1.428571e-02  1.000000e-50  1.088435e-02  1.000000e-50  1.000000e-50  7.278912e-02  1.000000e-50  3.401361e-02 
1.000000e-50  1.000000e-50  1.000000e-50  1.000000e-50  1.000000e-50  1.501905e-02  1.000000e-50  1.000000e-50  5.402376e-02  1.000000e-50  1.000000e-50  1.000000e-50  1.000000e-50  5.402376e-02  6.881865e-02  1.000000e-50  1.000000e-50  9.414929e-03  1.000000e-50  1.000000e-50  3.810805e-03  7.576777e-02  1.000000e-50  1.000000e-50  7.823358e-02  1.000000e-50  1.000000e-50  1.658821e-02  1.000000e-50  1.158933e-01  1.000000e-50  2.914145e-02  2.017485e-02  1.000000e-50  1.143241e-02  1.000000e-50  1.793320e-03  1.000000e-50  1.000000e-50  1.000000e-50  1.000000e-50  2.869312e-02  1.912127e-01  1.000000e-50  1.000000e-50  5.245461e-02  4.281551e-02  1.000000e-50  1.000000e-50  1.000000e-50  1.000000e-50  1.000000e-50  1.000000e-50  1.000000e-50  1.000000e-50  1.255324e-02  1.255324e-02  2.107151e-02  1.000000e-50  8.451020e-02 
3.759820e-02  1.000000e-50  1.000000e-50  1.000000e-50  1.000000e-50  1.000000e-50  1.000000e-50  1.000000e-50  1.000000e-50  1.000000e-50  1.000000e-50  1.000000e-50  1.000000e-50  1.000000e-50  3.030303e-02  1.000000e-50  1.000000e-50  1.000000e-50  2.244669e-03  1.000000e-50  1.000000e-50  3.872054e-02  1.000000e-50  1.000000e-50  2.008979e-01  1.000000e-50  1.000000e-50  7.295174e-03  1.000000e-50  2.772166e-01  1.795735e-02  6.285073e-02  1.000000e-50  1.000000e-50  2.300786e-02  1.000000e-50  1.000000e-50  1.000000e-50  1.000000e-50  3.310887e-02  1.000000e-50  1.290685e-02  1.000000e-50  1.000000e-50  1.000000e-50  1.655443e-01  1.000000e-50  1.000000e-50  1.000000e-50  1.000000e-50  1.000000e-50  1.627385e-02  7.295174e-03  9.539843e-03  1.459035e-02  5.611672e-03  1.000000e-50  2.188552e-02  1.000000e-50  1.515152e-02 
1.000000e-50  1.000000e-50  1.000000e-50  1.000000e-50  1.000000e-50  1.000000e-50  7.606871e-02  1.000000e-50  1.000000e-50  3.883508e-01  1.000000e-50  8.782126e-03  1.000000e-50  1.000000e-50  1.000000e-50  1.000000e-50  1.000000e-50  1.000000e-50  1.000000e-50  1.000000e-50  1.000000e-50  1.000000e-50  3.874467e-04  1.000000e-50  1.000000e-50  1.000000e-50  1.000000e-50  1.000000e-50  1.000000e-50  1.000000e-50  1.000000e-50  1.000000e-50  1.000000e-50  1.000000e-50  1.000000e-50  1.000000e-50  1.000000e-50  1.000000e-50  1.000000e-50  1.000000e-50  1.000000e-50  1.000000e-50  1.000000e-50  9.763657e-02  1.000000e-50  1.000000e-50  1.000000e-50  5.165956e-04  1.000000e-50  5.424254e-03  2.393129e-01  1.685393e-01  1.498127e-02  1.000000e-50  1.000000e-50  1.000000e-50  1.000000e-50  1.000000e-50  1.000000e-50  1.000000e-50 
3.751066e-02  1.000000e-50  1.000000e-50  1.000000e-50  1.000000e-50  1.000000e-50  1.000000e-50  1.000000e-50  1.676613e-02  9.661836e-03  1.000000e-50  1.000000e-50  1.000000e-50  4.546746e-03  5.797101e-02  1.000000e-50  1.000000e-50  7.104291e-03  3.694231e-03  6.820119e-03  1.000000e-50  3.552145e-02  1.000000e-50  1.381074e-01  5.541347e-02  4.830918e-03  1.000000e-50  5.029838e-02  1.000000e-50  1.437908e-01  1.278772e-02  2.472293e-02  1.000000e-50  1.000000e-50  2.017619e-02  1.000000e-50  1.000000e-50  1.000000e-50  1.000000e-50  1.932367e-02  2.074453e-02  3.012219e-02  1.000000e-50  1.000000e-50  1.000000e-50  1.190679e-01  2.273373e-02  1.932367e-02  1.000000e-50  1.000000e-50  1.000000e-50  1.000000e-50  1.000000e-50  2.074453e-02  3.722648e-02  1.193521e-02  1.000000e-50  2.415459e-02  1.619778e-02  2.870134e-02 
5.607477e-02  1.000000e-50  1.000000e-50  2.336449e-03  1.000000e-50  1.000000e-50  1.000000e-50  1.000000e-50  1.226636e-02  1.000000e-50  1.000000e-50  1.000000e-50  2.920561e-03  1.693925e-02  1.000000e-50  1.000000e-50  1.000000e-50  1.000000e-50  1.000000e-50  1.000000e-50  1.000000e-50  8.761682e-03  2.336449e-03  1.000000e-50  4.088785e-02  2.803738e-01  1.000000e-50  1.933411e-01  1.000000e-50  7.009346e-03  1.635514e-02  1.000000e-50  1.000000e-50  1.000000e-50  1.000000e-50  1.000000e-50  1.000000e-50  1.000000e-50  1.000000e-50  1.109813e-02  1.000000e-50  1.000000e-50  1.000000e-50  1.000000e-50  3.504673e-03  7.067757e-02  4.497664e-02  1.000000e-50  1.000000e-50  1.000000e-50  1.000000e-50  1.000000e-50  1.343458e-02  9.345794e-03  1.000000e-50  4.672897e-03  1.000000e-50  2.920561e-02  1.384346e-01  3.504673e-02 
5.745529e-03  1.000000e-50  1.000000e-50  8.247614e-03  1.000000e-50  1.473450e-02  1.000000e-50  9.266982e-05  4.614957e-02  1.000000e-50  1.000000e-50  1.000000e-50  1.000000e-50  5.235845e-02  8.840701e-02  1.000000e-50  7.691595e-03  1.603188e-02  4.448151e-03  6.672227e-03  1.000000e-50  5.930868e-02  1.547586e-02  9.266982e-04  5.838198e-02  2.594755e-03  1.000000e-50  1.732926e-02  1.000000e-50  1.089797e-01  2.140673e-02  4.392549e-02  7.876934e-03  1.000000e-50  1.862663e-02  1.000000e-50  6.301548e-03  1.000000e-50  1.000000e-50  1.000000e-50  8.525623e-03  3.678992e-02  1.062923e-01  1.000000e-50  1.000000e-50  9.127977e-02  3.864331e-02  1.000000e-50  2.038736e-03  1.000000e-50  1.000000e-50  1.000000e-50  4.355481e-03  2.733760e-02  2.168474e-02  4.633491e-03  2.224076e-03  1.630989e-02  2.872764e-03  2.529886e-02 
1.491086e-02  1.000000e-50  1.000000e-50  1.620746e-02  1.000000e-50  5.121556e-02  1.000000e-50  1.000000e-50  2.884927e-02  5.510535e-03  3.047002e-02  1.000000e-50  1.000000e-50  1.000000e-50  3.792545e-02  1.000000e-50  1.000000e-50  1.231767e-02  1.000000e-50  3.500810e-02  1.685575e-02  2.333874e-02  2.236629e-02  1.000000e-50  3.598055e-02  1.000000e-50  1.000000e-50  4.862237e-03  1.000000e-50  5.348460e-02  2.431118e-02  1.000000e-50  1.491086e-02  1.000000e-50  1.750405e-02  1.000000e-50  2.431118e-02  1.000000e-50  1.000000e-50  3.889789e-03  4.376013e-02  2.722853e-02  1.497569e-01  1.000000e-50  1.000000e-50  2.982172e-02  1.000000e-50  8.233387e-02  2.269044e-02  1.000000e-50  1.000000e-50  9.724473e-04  1.000000e-50  1.241491e-01  1.000000e-50  1.000000e-50  1.000000e-50  4.343598e-02  1.620746e-03  1.000000e-50 
1.000000e-50  1.000000e-50  1.000000e-50  1.000000e-50  1.000000e-50  1.000000e-50  1.000000e-50  1.000000e-50  1.876910e-02  1.000000e-50  1.000000e-50  1.000000e-50  1.000000e-50  3.928416e-03  4.670450e-02  1.000000e-50  1.000000e-50  1.745962e-02  1.440419e-02  1.000000e-50  1.000000e-50  5.150589e-02  1.003928e-02  1.000000e-50  3.099083e-02  1.000000e-50  1.000000e-50  1.309472e-02  1.000000e-50  3.129638e-01  7.507639e-02  1.000000e-50  1.000000e-50  1.000000e-50  1.527717e-02  1.000000e-50  1.222174e-02  1.000000e-50  1.000000e-50  1.000000e-50  1.000000e-50  1.885639e-01  1.000000e-50  1.000000e-50  1.000000e-50  1.000000e-50  1.000000e-50  1.000000e-50  1.000000e-50  1.000000e-50  1.000000e-50  1.000000e-50  1.000000e-50  1.000000e-50  1.754692e-01  1.309472e-03  1.000000e-50  1.222174e-02  1.000000e-50  1.000000e-50 
1.900950e-02  1.000000e-50  1.000000e-50  1.000000e-50  1.000000e-50  9.254627e-03  1.000000e-50  1.000000e-50  1.725863e-02  1.000000e-50  1.000000e-50  1.000000e-50  1.560780e-01  2.601301e-02  1.000000e-50  4.352176e-02  2.751376e-03  6.253127e-03  6.253127e-03  1.000000e-50  1.000000e-50  2.076038e-02  2.001001e-03  1.000000e-50  3.751876e-02  1.000000e-50  1.000000e-50  1.425713e-02  1.000000e-50  6.678339e-02  2.901451e-02  3.626813e-02  1.950975e-02  1.000000e-50  2.001001e-02  1.000000e-50  1.000000e-50  1.000000e-50  1.000000e-50  1.000000e-50  2.151076e-02  1.850925e-02  1.000000e-50  1.000000e-50  1.000000e-50  4.227114e-02  1.900950e-02  2.626313e-02  6.253127e-03  1.000000e-50  1.000000e-50  1.000000e-50  7.503752e-03  4.502251e-02  2.373687e-01  1.000000e-50  1.000000e-50  3.601801e-02  7.753877e-03  1.000000e-50 
1.000000e-50  1.000000e-50  1.000000e-50  1.000000e-50  1.000000e-50  1.000000e-50  1.000000e-50  1.000000e-50  4.413292e-02  2.024922e-02  1.000000e-50  1.000000e-50  1.000000e-50  1.000000e-50  1.000000e-50  1.000000e-50  1.000000e-50  8.307373e-03  1.000000e-50  1.000000e-50  1.000000e-50  8.307373e-03  1.000000e-50  1.000000e-50  1.000000e-50  1.464174e-01  1.000000e-50  2.170301e-01  1.000000e-50  5.970924e-02  2.751817e-02  1.000000e-50  1.000000e-50  1.000000e-50  2.596054e-02  1.000000e-50  1.000000e-50  1.000000e-50  1.000000e-50  8.826584e-03  4.205607e-02  1.000000e-50  1.000000e-50  1.000000e-50  1.000000e-50  1.547248e-01  4.517134e-02  3.530633e-02  1.000000e-50  1.000000e-50  1.000000e-50  1.000000e-50  2.699896e-02  7.217030e-02  1.000000e-50  1.000000e-50  5.192108e-03  1.505711e-02  3.686397e-02  1.000000e-50 
5.855856e-02  1.000000e-50  1.000000e-50  1.520270e-02  1.000000e-50  1.000000e-50  1.000000e-50  1.000000e-50  3.716216e-02  2.308559e-02  1.000000e-50  1.000000e-50  1.000000e-50  2.139640e-02  4.617117e-02  1.000000e-50  1.689189e-02  1.000000e-50  1.000000e-50  2.308559e-02  1.000000e-50  3.885135e-02  1.858108e-02  1.000000e-50  1.000000e-50  1.000000e-50  1.000000e-50  1.000000e-50  3.378378e-03  1.064189e-01  2.477477e-02  1.000000e-50  1.745495e-02  1.000000e-50  1.000000e-50  1.801802e-02  4.617117e-02  1.000000e-50  1.000000e-50  1.000000e-50  1.126126e-02  6.475225e-02  1.000000e-50  1.000000e-50  1.000000e-50  1.311937e-01  1.000000e-50  3.040541e-02  3.096847e-02  1.000000e-50  1.000000e-50  1.000000e-50  1.000000e-50  4.054054e-02  6.475225e-02  1.000000e-50  1.000000e-50  8.783784e-02  1.000000e-50  2.308559e-02 
1.000000e-50  3.324100e-02  1.000000e-50  1.000000e-50  1.000000e-50  1.000000e-50  1.000000e-50  1.565097e-01  1.000000e-50  1.000000e-50  1.000000e-50  1.000000e-50  1.000000e-50  1.000000e-50  1.000000e-50  1.000000e-50  1.000000e-50  1.000000e-50  1.000000e-50  1.000000e-50  1.000000e-50  3.739612e-02  1.000000e-50  1.000000e-50  1.000000e-50  1.000000e-50  1.000000e-50  1.000000e-50  1.000000e-50  1.000000e-50  1.000000e-50  1.000000e-50  1.000000e-50  1.000000e-50  1.000000e-50  1.000000e-50  1.000000e-50  1.000000e-50  1.000000e-50  1.000000e-50  1.000000e-50  1.000000e-50  1.000000e-50  1.000000e-50  1.000000e-50  1.000000e-50  1.000000e-50  1.000000e-50  1.000000e-50  1.108033e-01  1.000000e-50  1.000000e-50  6.620499e-01  1.000000e-50  1.000000e-50  1.000000e-50  1.000000e-50  1.000000e-50  1.000000e-50  1.000000e-50 
1.000000e-50  1.000000e-50  1.000000e-50  1.000000e-50  1.000000e-50  1.000000e-50  3.683241e-03  1.000000e-50  1.000000e-50  1.000000e-50  1.000000e-50  1.000000e-50  1.000000e-50  1.000000e-50  1.000000e-50  1.000000e-50  1.000000e-50  1.565378e-01  1.000000e-50  1.000000e-50  1.000000e-50  1.031308e-01  1.000000e-50  1.000000e-50  1.000000e-50  1.000000e-50  1.000000e-50  1.841621e-02  1.000000e-50  1.000000e-50  1.602210e-01  1.000000e-50  1.000000e-50  1.000000e-50  1.068140e-01  1.000000e-50  1.000000e-50  1.000000e-50  1.000000e-50  1.000000e-50  1.000000e-50  1.000000e-50  2.025783e-02  1.000000e-50  1.000000e-50  1.000000e-50  1.000000e-50  1.841621e-02  3.057090e-01  1.000000e-50  1.000000e-50  1.000000e-50  1.000000e-50  1.000000e-50  1.000000e-50  1.000000e-50  1.000000e-50  1.000000e-50  1.000000e-50  1.068140e-01 
1.000000e-50  1.000000e-50  1.000000e-50  1.000000e-50  1.000000e-50  1.000000e-50  1.000000e-50  1.000000e-50  1.000000e-50  1.000000e-50  1.000000e-50  1.000000e-50  1.000000e-50  1.000000e-50  1.000000e-50  1.000000e-50  1.000000e-50  5.050505e-02  1.000000e-50  1.000000e-50  1.000000e-50  1.000000e-50  5.387205e-02  1.000000e-50  1.000000e-50  1.279461e-01  1.000000e-50  2.087542e-01  1.000000e-50  1.111111e-01  1.000000e-50  1.000000e-50  1.000000e-50  1.000000e-50  1.000000e-50  1.000000e-50  1.000000e-50  1.000000e-50  1.000000e-50  1.000000e-50  1.000000e-50  1.000000e-50  1.000000e-50  1.000000e-50  1.000000e-50  6.060606e-02  1.000000e-50  1.000000e-50  4.713805e-02  1.000000e-50  1.000000e-50  1.000000e-50  4.040404e-02  9.090909e-02  1.000000e-50  1.000000e-50  1.000000e-50  1.313131e-01  7.744108e-02  1.000000e-50 
2.682821e-02  1.000000e-50  1.000000e-50  1.000000e-50  1.000000e-50  1.000000e-50  1.000000e-50  1.000000e-50  3.764604e-02  1.000000e-50  1.000000e-50  1.000000e-50  1.000000e-50  8.654262e-03  1.081783e-02  1.000000e-50  1.000000e-50  5.062743e-02  1.000000e-50  1.000000e-50  1.000000e-50  1.601039e-02  3.461705e-02  1.000000e-50  2.553007e-02  1.151017e-01  1.000000e-50  9.130247e-02  1.000000e-50  4.067503e-02  9.433146e-02  1.000000e-50  1.000000e-50  1.000000e-50  2.423193e-02  1.000000e-50  1.000000e-50  5.625270e-02  1.000000e-50  1.000000e-50  1.000000e-50  1.471225e-02  1.000000e-50  1.000000e-50  1.000000e-50  1.337084e-01  2.509736e-02  1.860666e-02  1.000000e-50  1.000000e-50  1.000000e-50  1.000000e-50  1.000000e-50  7.485937e-02  3.894418e-03  3.028992e-03  1.000000e-50  9.346603e-02  1.000000e-50  1.000000e-50 
4.796307e-02  1.000000e-50  1.000000e-50  1.000000e-50  1.000000e-50  1.000000e-50  1.000000e-50  1.000000e-50  2.408188e-02  4.415011e-03  1.000000e-50  1.000000e-50  1.000000e-50  9.231387e-03  5.398354e-02  1.000000e-50  1.000000e-50  2.026891e-02  1.284367e-02  1.000000e-50  1.000000e-50  3.993578e-02  1.284367e-02  4.415011e-03  1.107766e-01  4.194260e-02  1.000000e-50  3.752759e-02  1.000000e-50  6.722858e-02  4.435079e-02  1.000000e-50  1.000000e-50  1.000000e-50  9.833434e-03  1.000000e-50  1.000000e-50  1.000000e-50  1.000000e-50  9.432069e-03  1.000000e-50  1.000000e-50  1.000000e-50  1.000000e-50  1.000000e-50  1.768011e-01  4.495284e-02  1.000000e-50  1.000000e-50  1.000000e-50  1.000000e-50  1.000000e-50  4.394943e-02  3.291190e-02  1.000000e-50  1.645595e-02  1.000000e-50  6.702789e-02  4.294602e-02  2.388120e-02 
1.000000e-50  1.000000e-50  1.000000e-50  1.000000e-50  1.000000e-50  1.000000e-50  1.000000e-50  1.000000e-50  1.000000e-50  3.190613e-02  1.000000e-50  4.899135e-02  1.000000e-50  1.000000e-50  1.000000e-50  1.000000e-50  1.000000e-50  1.000000e-50  1.000000e-50  1.000000e-50  1.000000e-50  1.000000e-50  1.000000e-50  1.000000e-50  1.000000e-50  1.000000e-50  1.799094e-01  1.000000e-50  1.000000e-50  1.000000e-50  1.000000e-50  1.000000e-50  1.000000e-50  1.000000e-50  1.000000e-50  1.000000e-50  1.000000e-50  1.000000e-50  1.000000e-50  1.000000e-50  6.401811e-02  1.000000e-50  1.000000e-50  6.113627e-02  3.087690e-03  1.000000e-50  1.000000e-50  1.000000e-50  1.000000e-50  1.208316e-01  1.000000e-50  4.648003e-01  2.449568e-02  1.000000e-50  1.000000e-50  1.000000e-50  8.233841e-04  1.000000e-50  1.000000e-50  1.000000e-50 
8.048666e-02  5.194197e-02  1.000000e-50  6.317267e-03  1.000000e-50  6.551240e-03  1.000000e-50  1.000000e-50  2.012167e-02  3.766963e-02  1.123070e-02  1.000000e-50  1.000000e-50  4.211511e-03  3.743566e-02  1.000000e-50  4.164717e-02  2.246139e-02  3.041647e-03  1.000000e-50  1.000000e-50  2.503510e-02  2.199345e-02  1.000000e-50  1.240056e-02  3.275620e-03  1.000000e-50  9.124942e-03  1.000000e-50  8.235845e-02  1.778194e-02  2.550304e-02  1.000000e-50  1.000000e-50  1.497426e-02  1.169864e-03  1.000000e-50  1.000000e-50  1.000000e-50  4.515676e-02  7.510529e-02  3.182031e-02  1.918577e-02  5.147403e-03  1.000000e-50  6.504445e-02  1.000000e-50  5.474965e-02  1.000000e-50  3.509593e-03  1.000000e-50  1.286851e-02  2.269537e-02  7.112775e-02  1.544221e-02  1.000000e-50  1.000000e-50  3.182031e-02  2.105756e-03  7.487131e-03 
1.000000e-50  1.000000e-50  1.000000e-50  1.000000e-50  1.000000e-50  1.000000e-50  1.000000e-50  1.000000e-50  6.362625e-02  1.000000e-50  1.000000e-50  1.000000e-50  2.780868e-02  2.869855e-02  7.319244e-02  1.000000e-50  9.121246e-03  1.379310e-02  1.000000e-50  1.000000e-50  1.000000e-50  4.427141e-02  1.000000e-50  1.713014e-02  5.672970e-02  1.000000e-50  1.000000e-50  2.981090e-02  1.000000e-50  9.499444e-02  1.000000e-50  6.295884e-02  1.000000e-50  1.000000e-50  9.343715e-03  4.004449e-03  2.447164e-03  1.000000e-50  1.000000e-50  1.000000e-50  5.828699e-02  2.380423e-02  5.361513e-02  1.000000e-50  1.000000e-50  1.147942e-01  1.000000e-50  1.379310e-02  8.676307e-03  2.002225e-03  1.000000e-50  1.000000e-50  1.045606e-02  8.231368e-02  2.803115e-02  5.784205e-03  1.000000e-50  1.846496e-02  1.446051e-02  2.758621e-02 
1.000000e-50  1.000000e-50  1.000000e-50  1.000000e-50  1.000000e-50  1.000000e-50  8.663255e-02  1.000000e-50  1.000000e-50  1.000000e-50  1.000000e-50  1.000000e-50  1.000000e-50  1.000000e-50  1.000000e-50  1.000000e-50  1.000000e-50  1.000000e-50  1.000000e-50  1.000000e-50  1.000000e-50  1.000000e-50  1.000000e-50  1.000000e-50  1.000000e-50  1.000000e-50  9.336565e-03  1.000000e-50  1.000000e-50  1.000000e-50  1.000000e-50  1.000000e-50  1.000000e-50  1.000000e-50  1.000000e-50  1.000000e-50  1.000000e-50  1.000000e-50  1.194003e-02  1.000000e-50  1.000000e-50  1.000000e-50  1.000000e-50  4.457312e-01  3.106203e-02  1.000000e-50  1.000000e-50  1.000000e-50  1.000000e-50  1.000000e-50  3.963551e-01  1.894245e-02  1.000000e-50  1.000000e-50  1.000000e-50  1.000000e-50  1.000000e-50  1.000000e-50  1.000000e-50  1.000000e-50 
1.000000e-50  1.000000e-50  1.000000e-50  1.000000e-50  1.000000e-50  1.000000e-50  4.233045e-02  2.730997e-01  1.000000e-50  1.000000e-50  1.000000e-50  1.000000e-50  1.000000e-50  1.000000e-50  1.000000e-50  1.000000e-50  1.000000e-50  1.000000e-50  1.000000e-50  1.000000e-50  1.000000e-50  1.000000e-50  1.000000e-50  1.000000e-50  1.000000e-50  1.000000e-50  1.000000e-50  1.000000e-50  1.000000e-50  1.000000e-50  6.554392e-02  1.000000e-50  1.000000e-50  1.775148e-02  1.000000e-50  1.000000e-50  1.000000e-50  1.000000e-50  4.337733e-01  1.000000e-50  1.000000e-50  1.000000e-50  5.461994e-03  1.000000e-50  1.033227e-01  1.000000e-50  1.274465e-02  1.000000e-50  1.000000e-50  1.000000e-50  1.000000e-50  1.729631e-02  1.000000e-50  1.000000e-50  1.000000e-50  1.000000e-50  1.000000e-50  1.000000e-50  2.867547e-02  1.000000e-50 
1.701240e-02  1.000000e-50  1.000000e-50  5.707387e-03  1.000000e-50  1.000000e-50  1.000000e-50  1.000000e-50  2.886621e-02  1.000000e-50  1.000000e-50  1.000000e-50  6.036659e-03  5.915926e-02  1.167819e-01  1.000000e-50  1.119526e-02  1.000000e-50  1.240259e-02  2.853693e-03  7.134233e-03  3.720777e-02  6.036659e-03  4.719570e-03  4.467128e-02  4.609812e-03  1.000000e-50  2.293930e-02  1.000000e-50  1.004281e-01  1.339041e-02  4.873230e-02  1.000000e-50  1.000000e-50  1.000000e-50  1.000000e-50  1.000000e-50  1.000000e-50  1.000000e-50  1.000000e-50  1.701240e-02  3.643947e-02  1.227088e-01  1.000000e-50  1.000000e-50  7.167161e-02  3.018329e-02  1.426847e-03  1.000000e-50  1.000000e-50  1.000000e-50  1.000000e-50  6.036659e-03  4.313467e-02  3.171990e-02  1.218308e-02  3.182966e-03  1.756119e-02  2.524421e-03  5.432993e-02 
7.953697e-02  2.240478e-02  1.000000e-50  1.000000e-50  1.000000e-50  1.000000e-50  1.000000e-50  1.000000e-50  1.000000e-50  3.734130e-02  4.406273e-02  1.000000e-50  1.000000e-50  1.000000e-50  1.000000e-50  1.000000e-50  1.923077e-01  1.000000e-50  1.000000e-50  1.000000e-50  1.000000e-50  1.000000e-50  2.987304e-03  1.000000e-50  1.000000e-50  1.000000e-50  1.000000e-50  6.348021e-03  1.000000e-50  2.613891e-02  1.000000e-50  1.000000e-50  1.000000e-50  2.576550e-02  1.000000e-50  1.000000e-50  1.000000e-50  1.000000e-50  1.000000e-50  3.584765e-02  2.042569e-01  1.000000e-50  4.854369e-03  1.000000e-50  1.000000e-50  1.000000e-50  1.000000e-50  1.314414e-01  9.335325e-03  1.000000e-50  1.000000e-50  1.000000e-50  2.240478e-02  1.362957e-01  1.568335e-02  3.734130e-04  2.613891e-03  1.000000e-50  1.000000e-50  1.000000e-50 
1.350365e-01  1.000000e-50  1.000000e-50  1.000000e-50  1.000000e-50  1.000000e-50  1.000000e-50  1.000000e-50  1.000000e-50  1.000000e-50  1.000000e-50  1.000000e-50  1.000000e-50  1.000000e-50  1.000000e-50  1.000000e-50  1.000000e-50  6.082725e-03  1.000000e-50  1.000000e-50  1.000000e-50  1.034063e-02  2.230333e-03  1.000000e-50  5.271695e-03  1.000000e-50  1.000000e-50  1.000000e-50  1.000000e-50  1.000000e-50  1.000000e-50  1.000000e-50  1.000000e-50  8.840227e-02  1.216545e-03  1.000000e-50  1.000000e-50  1.000000e-50  1.000000e-50  5.768451e-01  2.858881e-02  1.000000e-50  1.000000e-50  1.000000e-50  1.000000e-50  1.000000e-50  1.000000e-50  1.001622e-01  1.000000e-50  1.000000e-50  1.000000e-50  1.000000e-50  1.000000e-50  1.257097e-02  1.000000e-50  1.000000e-50  2.027575e-03  1.459854e-02  2.838605e-03  1.378751e-02 
4.907975e-02  1.000000e-50  1.000000e-50  9.406953e-02  1.000000e-50  1.000000e-50  1.000000e-50  1.000000e-50  6.134969e-03  1.000000e-50  1.000000e-50  1.000000e-50  1.000000e-50  2.044990e-03  2.044990e-02  7.157464e-03  1.000000e-50  1.000000e-50  1.000000e-50  1.000000e-50  1.000000e-50  5.521472e-02  2.351738e-02  2.044990e-02  4.601227e-02  1.000000e-50  1.000000e-50  1.000000e-50  1.000000e-50  1.278119e-01  5.828221e-02  1.000000e-50  1.000000e-50  1.000000e-50  1.000000e-50  1.000000e-50  1.000000e-50  1.000000e-50  1.000000e-50  1.000000e-50  1.000000e-50  7.668712e-02  1.000000e-50  1.000000e-50  1.000000e-50  1.000000e-50  1.000000e-50  1.000000e-50  1.022495e-02  1.000000e-50  1.000000e-50  1.000000e-50  3.374233e-02  1.000000e-50  2.658487e-02  1.000000e-50  1.000000e-50  3.425358e-01  1.000000e-50  1.000000e-50 
1.000000e-50  1.580020e-02  1.452599e-01  1.000000e-50  1.000000e-50  1.000000e-50  1.000000e-50  7.558614e-01  1.000000e-50  1.000000e-50  1.000000e-50  1.000000e-50  1.000000e-50  1.000000e-50  1.000000e-50  1.000000e-50  1.000000e-50  1.000000e-50  1.000000e-50  1.000000e-50  1.000000e-50  1.000000e-50  1.000000e-50  1.000000e-50  1.000000e-50  1.000000e-50  1.000000e-50  1.000000e-50  1.427115e-02  1.000000e-50  1.000000e-50  1.000000e-50  1.000000e-50  1.732926e-02  1.000000e-50  1.000000e-50  1.000000e-50  1.000000e-50  1.000000e-50  1.000000e-50  1.000000e-50  1.000000e-50  1.000000e-50  1.000000e-50  3.873598e-02  1.000000e-50  1.000000e-50  7.135576e-03  1.000000e-50  1.000000e-50  1.000000e-50  1.000000e-50  1.000000e-50  1.000000e-50  1.000000e-50  1.000000e-50  1.000000e-50  1.000000e-50  5.606524e-03  1.000000e-50 
1.000000e-50  1.000000e-50  5.051963e-03  1.000000e-50  1.000000e-50  1.000000e-50  1.587760e-01  1.000000e-50  1.000000e-50  5.765012e-01  1.000000e-50  1.000000e-50  1.000000e-50  1.000000e-50  1.000000e-50  1.000000e-50  1.000000e-50  1.000000e-50  1.000000e-50  1.000000e-50  1.000000e-50  1.000000e-50  1.000000e-50  1.000000e-50  1.000000e-50  1.000000e-50  1.000000e-50  1.000000e-50  1.000000e-50  1.000000e-50  1.000000e-50  1.000000e-50  1.000000e-50  1.000000e-50  1.000000e-50  1.000000e-50  1.000000e-50  1.000000e-50  1.558891e-02  1.000000e-50  1.000000e-50  1.000000e-50  1.000000e-50  9.324480e-02  1.000000e-50  1.000000e-50  1.000000e-50  1.000000e-50  1.000000e-50  1.000000e-50  9.771940e-02  5.311778e-02  1.000000e-50  1.000000e-50  1.000000e-50  1.000000e-50  1.000000e-50  1.000000e-50  1.000000e-50  1.000000e-50 
1.000000e-50  1.000000e-50  1.413989e-01  1.000000e-50  1.000000e-50  1.000000e-50  1.000000e-50  1.647141e-02  1.000000e-50  1.000000e-50  1.000000e-50  6.727758e-03  1.000000e-50  1.000000e-50  1.000000e-50  1.000000e-50  1.000000e-50  1.000000e-50  1.000000e-50  1.000000e-50  1.000000e-50  1.000000e-50  1.000000e-50  1.000000e-50  1.000000e-50  1.000000e-50  5.749913e-01  1.000000e-50  1.000000e-50  1.000000e-50  1.043962e-03  1.000000e-50  1.000000e-50  1.000000e-50  1.000000e-50  1.000000e-50  1.000000e-50  1.000000e-50  1.000000e-50  1.000000e-50  1.000000e-50  1.000000e-50  1.000000e-50  1.000000e-50  6.368171e-02  1.000000e-50  1.000000e-50  1.000000e-50  1.000000e-50  1.000000e-50  1.000000e-50  1.956850e-01  1.000000e-50  1.000000e-50  1.000000e-50  1.000000e-50  1.000000e-50  1.000000e-50  1.000000e-50  1.000000e-50 
1.000000e-50  1.000000e-50  1.000000e-50  1.000000e-50  1.000000e-50  1.000000e-50  1.000000e-50  1.000000e-50  1.000000e-50  9.613454e-02  2.181225e-01  1.000000e-50  1.000000e-50  1.000000e-50  1.000000e-50  1.000000e-50  1.000000e-50  1.000000e-50  1.000000e-50  1.000000e-50  1.000000e-50  1.000000e-50  1.000000e-50  1.000000e-50  1.000000e-50  1.000000e-50  1.000000e-50  1.000000e-50  1.000000e-50  1.000000e-50  1.000000e-50  1.000000e-50  1.000000e-50  1.000000e-50  1.000000e-50  9.989960e-02  1.000000e-50  1.000000e-50  1.000000e-50  1.000000e-50  9.914659e-02  1.000000e-50  1.000000e-50  1.000000e-50  1.000000e-50  1.000000e-50  1.000000e-50  1.000000e-50  1.506024e-02  1.651606e-01  1.000000e-50  1.000000e-50  3.019578e-01  4.518072e-03  1.000000e-50  1.000000e-50  1.000000e-50  1.000000e-50  1.000000e-50  1.000000e-50 
4.991119e-02  1.413854e-01  1.000000e-50  2.309059e-03  3.872114e-02  1.000000e-50  1.000000e-50  1.000000e-50  1.000000e-50  1.000000e-50  1.000000e-50  1.000000e-50  1.000000e-50  1.000000e-50  1.000000e-50  1.000000e-50  1.000000e-50  1.000000e-50  1.000000e-50  1.000000e-50  1.000000e-50  4.973357e-03  1.420959e-03  1.000000e-50  9.769094e-03  2.131439e-03  1.000000e-50  4.085258e-03  2.664298e-03  1.847247e-02  7.460036e-03  1.000000e-50  1.000000e-50  1.230906e-01  1.000000e-50  1.000000e-50  9.769094e-03  1.000000e-50  1.000000e-50  1.401421e-01  1.012433e-02  1.030195e-02  1.000000e-50  1.000000e-50  1.000000e-50  1.000000e-50  1.296625e-02  3.154529e-01  5.150977e-03  7.104796e-04  1.000000e-50  1.000000e-50  1.000000e-50  7.051510e-02  1.000000e-50  1.000000e-50  1.000000e-50  1.847247e-02  1.000000e-50  1.000000e-50 
1.034431e-02  1.000000e-50  1.000000e-50  6.795530e-03  1.000000e-50  1.000000e-50  1.000000e-50  1.000000e-50  1.000000e-50  1.000000e-50  1.000000e-50  1.000000e-50  2.855633e-01  1.479915e-02  2.219873e-02  4.530353e-03  1.661130e-03  8.985201e-03  2.771066e-02  1.000000e-50  1.000000e-50  5.209906e-03  5.134400e-03  1.000000e-50  3.926306e-03  1.812141e-03  1.000000e-50  1.230746e-02  1.000000e-50  1.630927e-02  8.985201e-03  1.109937e-02  9.649653e-02  1.000000e-50  6.644518e-03  1.000000e-50  1.000000e-50  1.000000e-50  1.000000e-50  3.926306e-03  1.000000e-50  1.517668e-02  6.115977e-03  1.000000e-50  1.000000e-50  9.815766e-03  8.532166e-03  6.644518e-03  2.340683e-03  1.000000e-50  1.000000e-50  1.000000e-50  1.000000e-50  4.530353e-03  3.486107e-01  3.307158e-02  1.000000e-50  4.077318e-03  1.963153e-03  4.681365e-03 
7.711320e-02  1.000000e-50  1.000000e-50  1.000000e-50  1.000000e-50  1.000000e-50  1.000000e-50  1.000000e-50  1.062778e-02  1.000000e-50  1.000000e-50  1.000000e-50  7.167573e-03  6.426100e-03  1.028176e-01  1.992091e-01  1.000000e-50  1.631241e-02  1.000000e-50  1.000000e-50  1.000000e-50  2.323282e-02  1.000000e-50  1.000000e-50  9.639150e-03  3.954523e-03  1.000000e-50  1.000000e-50  1.000000e-50  3.534355e-02  1.000000e-50  2.150272e-02  1.255561e-01  1.000000e-50  2.792882e-02  1.000000e-50  1.000000e-50  1.000000e-50  1.000000e-50  1.000000e-50  1.000000e-50  6.426100e-03  1.000000e-50  1.000000e-50  1.000000e-50  3.064755e-02  1.309936e-02  1.000000e-50  1.000000e-50  1.000000e-50  1.000000e-50  1.000000e-50  1.000000e-50  7.439446e-02  1.000000e-50  1.779535e-01  1.000000e-50  2.842313e-02  2.224419e-03  1.000000e-50 
1.000000e-50  5.487805e-02  1.000000e-50  1.000000e-50  1.000000e-50  1.000000e-50  1.000000e-50  1.000000e-50  1.000000e-50  1.000000e-50  1.000000e-50  1.000000e-50  1.000000e-50  1.000000e-50  1.000000e-50  1.000000e-50  1.000000e-50  1.000000e-50  1.000000e-50  1.768293e-01  1.000000e-50  2.317073e-01  1.000000e-50  1.000000e-50  1.000000e-50  1.000000e-50  1.000000e-50  1.000000e-50  1.000000e-50  1.000000e-50  1.219512e-01  5.487805e-02  1.000000e-50  1.280488e-01  1.000000e-50  1.000000e-50  1.000000e-50  1.000000e-50  1.000000e-50  9.756098e-02  1.000000e-50  1.000000e-50  1.000000e-50  1.000000e-50  1.000000e-50  1.000000e-50  6.097561e-02  1.000000e-50  1.000000e-50  1.000000e-50  1.000000e-50  1.000000e-50  1.000000e-50  7.317073e-02  1.000000e-50  1.000000e-50  1.000000e-50  1.000000e-50  1.000000e-50  1.000000e-50 
1.000000e-50  2.922078e-02  1.000000e-50  2.883881e-02  1.000000e-50  5.099312e-02  1.000000e-50  1.000000e-50  1.317800e-02  1.000000e-50  1.000000e-50  1.000000e-50  7.257448e-03  3.628724e-03  2.406417e-02  1.000000e-50  1.000000e-50  1.000000e-50  1.031322e-02  4.526356e-02  1.000000e-50  2.864782e-02  1.948052e-02  1.000000e-50  3.246753e-02  1.000000e-50  3.437739e-03  8.403361e-03  1.000000e-50  1.100076e-01  5.748663e-02  1.000000e-50  1.527884e-03  9.740260e-03  2.158136e-02  1.000000e-50  2.444614e-02  1.000000e-50  1.000000e-50  1.000000e-50  2.883881e-02  4.755539e-02  1.000000e-50  1.000000e-50  1.000000e-50  4.411765e-02  1.165011e-02  1.000000e-50  3.514133e-02  9.167303e-03  1.000000e-50  1.000000e-50  5.634072e-02  5.423988e-02  1.871658e-02  1.000000e-50  1.000000e-50  1.241406e-01  8.785332e-03  3.132162e-02 
2.272727e-02  1.000000e-50  1.000000e-50  3.699789e-03  1.000000e-50  1.000000e-50  1.000000e-50  1.000000e-50  1.000000e-50  2.589852e-02  1.000000e-50  1.000000e-50  1.000000e-50  5.813953e-03  2.536998e-02  1.000000e-50  1.000000e-50  1.849894e-02  1.000000e-50  1.000000e-50  1.000000e-50  1.638478e-02  4.228330e-03  1.000000e-50  7.610994e-02  1.321353e-02  1.427061e-02  5.813953e-03  1.000000e-50  9.196617e-02  1.000000e-50  1.902748e-02  1.057082e-02  1.000000e-50  3.435518e-02  1.000000e-50  1.000000e-50  1.000000e-50  1.000000e-50  1.849894e-02  1.000000e-50  2.272727e-02  1.000000e-50  1.000000e-50  1.000000e-50  4.365751e-01  1.109937e-02  1.374207e-02  1.000000e-50  1.000000e-50  1.000000e-50  6.871036e-03  1.000000e-50  1.532770e-02  1.057082e-02  1.057082e-02  1.000000e-50  4.756871e-02  1.000000e-50  1.849894e-02 
3.970637e-02  1.000000e-50  1.000000e-50  2.002002e-03  1.000000e-50  1.000000e-50  1.000000e-50  1.000000e-50  1.000000e-50  4.671338e-03  1.000000e-50  1.000000e-50  3.503504e-02  1.000000e-50  1.000000e-50  1.000000e-50  1.000000e-50  2.669336e-02  1.000000e-50  1.000000e-50  1.000000e-50  1.401401e-02  1.000000e-50  3.570237e-02  3.103103e-02  5.205205e-02  1.000000e-50  5.505506e-02  1.000000e-50  1.668335e-01  3.770437e-02  1.000000e-50  1.000000e-50  1.000000e-50  1.701702e-02  1.000000e-50  1.000000e-50  1.000000e-50  1.000000e-50  1.000000e-50  1.000000e-50  1.481481e-01  1.000000e-50  1.000000e-50  1.000000e-50  7.741074e-02  7.807808e-02  1.000000e-50  1.000000e-50  1.000000e-50  1.000000e-50  2.669336e-03  1.000000e-50  1.000000e-50  1.468135e-01  5.672339e-03  1.000000e-50  8.675342e-03  1.501502e-02  1.000000e-50 


#DOUBLE_1x60_DISCRETE_HIDDEN_DOMINANT-EIGENVECTOR
1.997218e-02  6.136205e-03  9.519575e-03  4.086536e-03  1.791504e-03  6.213727e-03  2.292526e-02  1.361715e-02  1.136822e-02  4.832211e-02  5.049772e-03  2.118253e-03  6.833758e-02  1.149442e-02  3.581839e-02  5.657979e-03  5.580202e-03  7.003650e-03  5.291550e-03  5.029212e-03  5.961959e-04  1.767528e-02  6.109757e-03  6.716472e-03  2.004661e-02  7.967389e-03  3.408592e-02  1.578118e-02  7.598698e-03  4.859658e-02  1.389727e-02  1.029870e-02  1.812461e-02  8.683089e-03  7.994803e-03  3.128913e-03  2.469427e-03  1.380382e-03  1.057331e-02  2.242628e-02  2.153283e-02  1.889202e-02  1.993238e-02  4.897740e-02  9.996360e-03  4.002577e-02  1.199771e-02  2.193308e-02  4.532274e-03  8.643094e-03  3.055551e-02  3.783913e-02  1.781338e-02  2.502698e-02  5.871879e-02  1.783536e-02  7.474476e-04  2.362000e-02  8.504905e-03  1.339120e-02  

#DOUBLE_60x20_DISCRETE_AA_EMISSION
4.544452e-02  1.897198e-02  1.120671e-01  3.110523e-02  4.500331e-02  5.184205e-02  3.331127e-02  3.529671e-02  4.963600e-02  8.052063e-02  1.963380e-02  1.197882e-01  1.000000e-50  3.992941e-02  5.537172e-02  6.154864e-02  1.074344e-01  3.662034e-02  1.676594e-02  3.970880e-02 
1.155235e-01  1.371841e-02  1.768953e-01  1.472924e-01  1.227437e-02  6.425993e-02  1.000000e-50  1.516245e-02  9.314079e-02  5.487365e-02  1.000000e-50  5.559567e-02  5.776173e-03  3.826715e-02  6.787004e-02  1.335740e-01  1.000000e-50  5.776173e-03  1.000000e-50  1.000000e-50 
6.690615e-02  1.032780e-02  3.771890e-02  6.690615e-02  5.927256e-02  1.000000e-50  1.841042e-02  1.432420e-01  6.241581e-02  1.486304e-01  1.885945e-02  2.065559e-02  1.000000e-50  3.457566e-02  4.894477e-02  2.694207e-02  3.367759e-02  1.392007e-01  1.000000e-50  6.331388e-02 
7.709012e-02  2.605863e-02  1.172638e-01  8.034745e-02  1.000000e-50  1.378936e-01  4.777416e-02  2.388708e-02  5.863192e-02  4.994571e-02  2.823018e-02  1.118350e-01  1.000000e-50  3.365907e-02  4.885993e-02  5.646037e-02  3.474484e-02  3.365907e-02  7.600434e-03  2.605863e-02 
4.481132e-02  1.000000e-50  8.254717e-02  1.485849e-01  2.358491e-02  1.000000e-50  1.000000e-50  9.198113e-02  1.438679e-01  6.132075e-02  1.000000e-50  5.188679e-02  1.000000e-50  4.481132e-02  4.009434e-02  1.000000e-50  9.198113e-02  1.084906e-01  1.650943e-02  4.952830e-02 
7.735584e-02  1.406470e-02  3.867792e-02  5.344585e-02  1.828411e-02  6.329114e-02  1.406470e-02  3.164557e-02  8.931083e-02  6.680731e-02  1.000000e-50  4.219409e-02  2.130802e-01  1.758087e-02  6.258790e-02  6.962025e-02  4.992968e-02  5.133615e-02  1.000000e-50  2.672293e-02 
1.775719e-01  1.022969e-02  4.342791e-02  8.917197e-02  1.852924e-02  2.547771e-02  1.042270e-02  4.014669e-02  9.110210e-02  1.495850e-01  2.933797e-02  3.802355e-02  1.000000e-50  6.079907e-02  7.952133e-02  5.520170e-02  2.065238e-02  3.358425e-02  7.913530e-03  1.930129e-02 
6.704095e-02  2.873184e-02  4.623514e-02  9.346103e-02  5.052840e-02  1.684280e-02  2.509908e-02  6.307794e-02  7.826948e-02  1.093131e-01  3.599736e-02  3.236460e-02  1.000000e-50  5.250991e-02  5.548217e-02  4.953765e-02  5.878468e-02  7.364597e-02  2.476882e-02  3.830911e-02 
1.042486e-01  1.298190e-02  5.546814e-02  8.693942e-02  3.658537e-02  1.337530e-02  3.147128e-02  3.029111e-02  8.025177e-02  4.642014e-02  1.140834e-02  3.029111e-02  1.660110e-01  3.265146e-02  5.114083e-02  6.766326e-02  3.697876e-02  6.097561e-02  6.687648e-03  3.815893e-02 
1.249434e-01  1.475781e-02  4.825713e-02  7.569036e-02  4.409235e-02  2.897239e-02  1.738343e-02  7.025804e-02  7.415120e-02  1.483929e-01  2.453599e-02  2.462653e-02  1.000000e-50  4.517881e-02  6.555002e-02  2.797646e-02  3.377094e-02  7.668628e-02  1.602535e-02  3.875057e-02 
4.420866e-02  1.000000e-50  1.000000e-50  4.597701e-02  1.000000e-50  5.128205e-02  1.000000e-50  1.000000e-50  4.597701e-02  2.210433e-02  9.725906e-03  1.000000e-50  5.906278e-01  3.271441e-02  2.210433e-02  3.801945e-02  3.801945e-02  5.923961e-02  1.000000e-50  1.000000e-50 
1.329114e-01  1.000000e-50  1.000000e-50  1.856540e-01  1.000000e-50  1.181435e-01  1.000000e-50  8.438819e-02  1.000000e-50  8.227848e-02  1.000000e-50  2.531646e-02  1.000000e-50  9.704641e-02  1.265823e-01  4.430380e-02  6.540084e-02  1.000000e-50  3.797468e-02  1.000000e-50 
3.661771e-02  1.597981e-02  1.326260e-02  3.842919e-02  5.453840e-02  8.863298e-03  2.212590e-02  1.685968e-01  3.674710e-02  1.411011e-01  2.044381e-02  1.662677e-02  1.000000e-50  2.439024e-02  3.823510e-02  2.212590e-02  6.333700e-02  2.119428e-01  1.416834e-02  5.246814e-02 
1.866667e-02  1.000000e-50  1.409524e-01  2.780952e-02  1.000000e-50  9.485714e-02  2.514286e-02  1.000000e-50  2.095238e-02  1.447619e-02  1.000000e-50  7.733333e-02  1.000000e-50  1.561905e-02  1.866667e-02  3.013333e-01  2.377143e-01  1.000000e-50  1.000000e-50  6.476190e-03 
4.162076e-02  2.032072e-02  1.885176e-02  5.875872e-02  4.835353e-02  1.713796e-02  2.056555e-02  1.011140e-01  7.883462e-02  1.072347e-01  1.689313e-02  2.570694e-02  1.000000e-50  3.403109e-02  6.353287e-02  3.611213e-02  8.862774e-02  1.535072e-01  2.178969e-02  4.700698e-02 
6.572770e-02  1.017214e-02  5.086072e-02  4.538341e-02  2.582160e-02  2.269171e-02  2.269171e-02  1.071987e-01  5.946792e-02  1.596244e-01  2.112676e-02  2.973396e-02  1.000000e-50  2.895149e-02  4.460094e-02  5.164319e-02  6.572770e-02  1.588419e-01  1.017214e-02  1.956182e-02 
3.409992e-02  8.723236e-03  2.141158e-02  2.854877e-02  5.551150e-03  1.823949e-02  9.516257e-03  2.220460e-02  2.379064e-02  1.665345e-02  1.586043e-02  2.141158e-02  6.328311e-01  4.758128e-03  2.379064e-03  5.947661e-02  4.044409e-02  2.775575e-02  1.000000e-50  6.344171e-03 
8.883249e-03  1.000000e-50  1.269036e-02  2.538071e-03  6.979695e-03  9.238579e-01  1.000000e-50  1.000000e-50  1.205584e-02  4.441624e-03  1.000000e-50  3.807107e-03  1.000000e-50  1.000000e-50  5.710660e-03  1.205584e-02  4.441624e-03  1.000000e-50  1.000000e-50  2.538071e-03 
4.187605e-03  1.000000e-50  1.000000e-50  1.000000e-50  1.000000e-50  9.958124e-01  1.000000e-50  1.000000e-50  1.000000e-50  1.000000e-50  1.000000e-50  1.000000e-50  1.000000e-50  1.000000e-50  1.000000e-50  1.000000e-50  1.000000e-50  1.000000e-50  1.000000e-50  1.000000e-50 
3.950834e-02  9.657594e-03  5.618964e-02  4.565408e-02  2.721686e-02  4.995610e-01  1.668130e-02  1.492537e-02  4.038630e-02  3.863038e-02  1.000000e-50  4.126427e-02  1.000000e-50  1.755926e-02  3.336260e-02  5.618964e-02  3.599649e-02  7.901668e-03  8.779631e-03  1.053556e-02 
1.000000e-50  1.000000e-50  1.000000e-50  1.000000e-50  1.000000e-50  1.000000e-50  1.000000e-50  1.000000e-50  1.000000e-50  1.000000e-50  1.000000e-50  1.000000e-50  1.000000e+00  1.000000e-50  1.000000e-50  1.000000e-50  1.000000e-50  1.000000e-50  1.000000e-50  1.000000e-50 
6.311290e-02  1.458386e-02  1.410611e-01  6.386724e-02  4.400302e-02  2.464169e-02  2.941916e-02  2.464169e-02  5.531808e-02  6.688459e-02  1.986422e-02  1.149107e-01  1.025899e-01  3.570531e-02  5.607242e-02  5.003772e-02  2.061856e-02  2.891627e-02  1.634398e-02  2.740759e-02 
2.685051e-02  5.805515e-03  3.483309e-02  1.596517e-02  9.433962e-03  7.481858e-01  7.256894e-03  5.079826e-03  1.886792e-02  1.161103e-02  4.354136e-03  2.394775e-02  1.000000e-50  9.433962e-03  1.523948e-02  4.208999e-02  6.531205e-03  4.354136e-03  2.902758e-03  7.256894e-03 
1.147873e-02  9.453072e-03  3.781229e-02  1.620527e-02  2.565834e-02  7.305874e-01  1.890614e-02  1.000000e-50  1.958136e-02  1.417961e-02  5.401756e-03  6.414585e-02  1.000000e-50  5.401756e-03  1.000000e-50  1.958136e-02  1.080351e-02  1.000000e-50  1.000000e-50  1.080351e-02 
1.689337e-02  1.118912e-02  1.000000e-50  4.344011e-02  3.773585e-02  1.000000e-50  7.898201e-03  2.373848e-01  6.932865e-02  1.020184e-01  1.623519e-02  1.096972e-02  1.000000e-50  3.773585e-02  2.654673e-02  1.250548e-02  8.929355e-02  2.336551e-01  1.184730e-02  3.532251e-02 
4.464286e-03  1.000000e-50  5.022321e-03  6.696429e-03  1.674107e-03  9.419643e-01  6.696429e-03  1.000000e-50  1.116071e-02  1.000000e-50  4.464286e-03  7.812500e-03  1.000000e-50  1.000000e-50  6.138393e-03  1.000000e-50  2.232143e-03  1.000000e-50  1.674107e-03  1.000000e-50 
9.225188e-02  1.127235e-02  5.791656e-02  9.536149e-02  4.858772e-02  4.094325e-02  2.461778e-02  6.724540e-02  5.869396e-02  1.020990e-01  2.448821e-02  2.215600e-02  1.000000e-50  5.454781e-02  4.819902e-02  4.262762e-02  6.867064e-02  8.240477e-02  1.632547e-02  4.159109e-02 
5.102041e-02  1.332200e-02  1.241497e-01  5.187075e-02  2.862812e-02  9.268707e-02  3.429705e-02  1.417234e-03  9.523810e-02  3.004535e-02  1.530612e-02  2.494331e-01  1.000000e-50  5.612245e-02  6.377551e-02  4.903628e-02  3.117914e-03  2.267574e-03  1.275510e-02  2.551020e-02 
1.804598e-01  1.379310e-02  2.298851e-02  7.241379e-02  1.494253e-02  3.160920e-02  1.321839e-02  7.471264e-03  8.793103e-02  1.695402e-01  4.310345e-02  5.172414e-02  1.000000e-50  5.632184e-02  7.816092e-02  8.333333e-02  3.218391e-02  1.954023e-02  6.321839e-03  1.494253e-02 
5.805158e-02  2.168960e-02  1.130046e-02  7.399982e-02  7.163037e-02  6.561560e-03  3.253440e-02  6.862298e-02  9.040372e-02  9.040372e-02  2.369452e-02  2.086941e-02  6.379295e-04  5.659346e-02  7.709833e-02  3.216987e-02  6.561560e-02  1.165588e-01  1.968468e-02  6.187916e-02 
7.106437e-02  2.198853e-02  1.217336e-01  5.003187e-02  6.022945e-02  2.198853e-02  5.959210e-02  2.294455e-02  5.736138e-02  5.385596e-02  2.135118e-02  1.347992e-01  1.000000e-50  3.250478e-02  6.469089e-02  6.373486e-02  4.079031e-02  2.708732e-02  1.434034e-02  5.991077e-02 
1.011092e-01  1.000000e-50  1.271331e-01  8.489761e-02  1.962457e-02  3.029010e-02  1.962457e-02  2.901024e-02  1.113481e-01  8.532423e-02  7.679181e-03  3.071672e-02  6.740614e-02  3.882253e-02  5.503413e-02  7.551195e-02  4.308874e-02  4.351536e-02  8.532423e-03  2.133106e-02 
7.397328e-02  2.696685e-02  4.477981e-02  5.220188e-02  4.527462e-02  4.576942e-02  1.806037e-02  1.212271e-02  5.813953e-02  9.698169e-02  1.682335e-02  3.018308e-02  2.167244e-01  2.746165e-02  5.319149e-02  5.541811e-02  4.675903e-02  2.028699e-02  2.572984e-02  3.315190e-02 
2.532300e-02  6.201550e-03  1.354005e-01  5.219638e-02  8.062016e-02  4.186047e-02  6.149871e-02  2.635659e-02  3.100775e-02  7.235142e-02  2.377261e-02  1.571059e-01  1.000000e-50  3.514212e-02  3.824289e-02  2.635659e-02  4.444444e-02  2.997416e-02  2.428941e-02  8.785530e-02 
2.428256e-02  2.924945e-02  6.677704e-02  1.048565e-02  1.821192e-02  5.402870e-01  9.381898e-03  1.000000e-50  3.697572e-02  2.759382e-02  1.766004e-02  3.366446e-02  2.262693e-02  2.152318e-02  2.041943e-02  6.512141e-02  3.200883e-02  1.545254e-02  1.000000e-50  8.278146e-03 
1.135734e-01  1.000000e-50  5.678670e-02  1.606648e-01  1.000000e-50  3.185596e-02  1.000000e-50  5.678670e-02  7.617729e-02  1.135734e-01  2.077562e-02  1.000000e-50  1.000000e-50  9.002770e-02  9.002770e-02  6.094183e-02  8.033241e-02  2.770083e-02  2.770083e-03  1.800554e-02 
6.417112e-02  1.000000e-50  4.278075e-02  8.912656e-02  3.743316e-02  1.105169e-01  1.782531e-02  2.317291e-02  7.308378e-02  4.812834e-02  1.960784e-02  6.773619e-02  1.372549e-01  1.000000e-50  8.734403e-02  5.525847e-02  5.525847e-02  1.604278e-02  2.852050e-02  2.673797e-02 
1.000000e-50  2.614379e-02  1.000000e-50  2.941176e-02  1.862745e-01  2.941176e-02  1.000000e-50  3.594771e-02  3.921569e-02  4.575163e-02  1.000000e-50  1.045752e-01  1.000000e-50  3.594771e-02  1.000000e-50  3.921569e-02  2.026144e-01  5.228758e-02  4.248366e-02  1.307190e-01 
7.154953e-02  1.820491e-02  3.217612e-02  5.927180e-02  6.773920e-02  1.778154e-02  4.953429e-02  4.276037e-02  5.715495e-02  1.668078e-01  2.794242e-02  5.207451e-02  1.000000e-50  3.175275e-02  6.138865e-02  6.392887e-02  7.451312e-02  4.995766e-02  1.000000e-50  5.546147e-02 
7.419932e-02  9.349513e-03  1.360652e-01  8.991446e-02  3.361846e-02  4.495723e-02  3.023672e-02  9.548438e-03  6.564551e-02  9.230157e-02  1.929580e-02  6.206485e-02  1.000000e-50  5.689278e-02  4.814004e-02  1.123931e-01  6.206485e-02  7.360255e-03  1.611299e-02  2.983887e-02 
9.675431e-02  7.395234e-03  5.587510e-02  9.244043e-02  2.999178e-02  3.594906e-02  2.054232e-02  5.546426e-02  4.231717e-02  8.114215e-02  1.581758e-02  2.937551e-02  1.509860e-01  3.307313e-02  3.903040e-02  5.957272e-02  3.800329e-02  5.525883e-02  2.629417e-02  3.471652e-02 
5.573770e-02  2.131148e-02  1.070258e-01  2.318501e-02  5.152225e-03  9.648712e-02  4.051522e-02  1.000000e-50  5.152225e-03  1.000000e-50  5.620609e-03  1.000000e-01  1.000000e-50  1.498829e-02  1.217799e-02  2.604215e-01  2.323185e-01  1.000000e-50  6.557377e-03  1.334895e-02 
4.634307e-02  3.733802e-03  1.625302e-02  1.910828e-02  1.000000e-50  1.076213e-02  1.000000e-50  1.000000e-50  2.262245e-02  1.000000e-50  1.000000e-50  1.000000e-50  8.543817e-01  1.000000e-50  1.186031e-02  1.186031e-02  3.074896e-03  1.000000e-50  1.000000e-50  1.000000e-50 
2.118355e-01  1.454741e-02  5.513649e-02  1.306573e-01  1.000000e-50  4.570761e-02  2.002514e-02  7.632902e-03  9.608477e-02  6.842672e-02  2.765805e-02  4.382184e-02  3.591954e-04  7.731681e-02  7.902299e-02  5.235273e-02  3.672773e-02  1.311063e-02  9.249282e-03  1.032687e-02 
1.265033e-01  2.672606e-03  4.231626e-02  1.220490e-01  2.405345e-02  3.073497e-02  1.603563e-02  2.806236e-02  1.443207e-01  1.046771e-01  2.628062e-02  4.677060e-02  1.000000e-50  6.547884e-02  9.086860e-02  4.855234e-02  2.984410e-02  2.850780e-02  9.354120e-03  1.291759e-02 
1.495266e-01  2.361519e-02  5.713353e-02  6.877789e-02  4.592447e-02  3.286538e-02  2.361519e-02  1.697682e-02  5.713353e-02  1.353793e-01  3.525955e-02  2.916531e-02  2.013277e-02  4.625095e-02  5.463054e-02  7.868103e-02  4.429209e-02  2.502993e-02  2.035042e-02  3.525955e-02 
4.474273e-03  6.562267e-02  4.571216e-01  2.572707e-02  5.592841e-03  1.000000e-50  2.833706e-02  1.043997e-02  4.101417e-03  1.267711e-02  5.592841e-03  2.352722e-01  1.000000e-50  1.193139e-02  1.752424e-02  9.023117e-02  1.000000e-50  1.043997e-02  1.000000e-50  1.491424e-02 
1.054229e-01  1.193849e-02  6.677459e-02  9.692432e-02  2.326993e-02  4.613517e-02  3.035208e-02  1.942533e-02  7.163092e-02  4.937272e-02  1.335492e-02  3.642250e-02  1.106839e-01  4.309996e-02  4.977742e-02  1.171590e-01  4.411170e-02  2.428167e-02  1.760421e-02  2.225820e-02 
7.956778e-02  2.161100e-02  1.149312e-01  5.697446e-02  1.964637e-02  1.316306e-01  2.455796e-02  1.178782e-02  6.876228e-02  8.447937e-02  2.259332e-02  7.367387e-02  1.159136e-01  3.045187e-02  2.554028e-02  5.402750e-02  4.027505e-02  9.823183e-03  1.000000e-50  1.375246e-02 
9.821883e-02  1.068702e-02  6.870229e-02  1.246819e-01  2.544529e-02  3.918575e-02  2.595420e-02  3.664122e-02  8.753181e-02  6.819338e-02  2.798982e-02  4.427481e-02  2.951654e-02  4.732824e-02  7.073791e-02  6.921120e-02  3.765903e-02  3.715013e-02  1.577608e-02  3.511450e-02 
6.226739e-02  8.731749e-03  1.000000e-50  2.490696e-02  1.017750e-01  1.000000e-50  1.359863e-02  1.753507e-01  2.419124e-02  2.164329e-01  4.036645e-02  5.582594e-03  1.000000e-50  1.259662e-02  3.249356e-02  6.298311e-03  3.292299e-02  1.561695e-01  2.576582e-02  6.054967e-02 
1.043337e-01  9.178576e-03  8.620890e-02  1.295457e-01  2.567677e-02  4.484722e-02  2.497967e-02  2.776810e-02  6.459858e-02  8.516324e-02  3.450680e-02  5.356105e-02  9.294760e-04  4.798420e-02  7.412571e-02  6.645753e-02  3.892181e-02  3.973510e-02  1.382596e-02  2.765191e-02 
9.166248e-02  2.084380e-02  3.817177e-02  6.604721e-02  5.424410e-02  4.545455e-02  2.486188e-02  7.307885e-02  6.654947e-02  1.554495e-01  2.536414e-02  2.461075e-02  1.456554e-02  3.842290e-02  5.123054e-02  2.712205e-02  2.385736e-02  9.090909e-02  1.958815e-02  4.796585e-02 
1.209121e-01  1.078310e-02  4.613753e-02  7.583525e-02  2.686937e-02  3.394025e-02  1.626304e-02  4.083436e-02  6.681987e-02  8.043132e-02  1.873785e-02  1.856107e-02  1.741206e-01  3.093512e-02  5.055683e-02  5.479936e-02  3.447057e-02  5.515291e-02  1.803076e-02  2.580873e-02 
1.159761e-01  2.878570e-02  2.674040e-02  4.840542e-02  8.544807e-02  4.060298e-02  2.855844e-02  3.817893e-02  4.416332e-02  4.151201e-02  2.507386e-02  2.128627e-02  1.000000e-50  3.613363e-02  5.666237e-02  1.019620e-01  8.794788e-02  7.688811e-02  2.151352e-02  7.416105e-02 
5.142018e-02  2.473066e-02  1.006366e-01  3.476983e-02  4.823702e-02  8.080313e-03  2.619980e-02  1.287953e-01  3.623898e-02  1.312439e-01  2.277179e-02  5.925563e-02  1.101861e-02  2.619980e-02  3.011753e-02  2.913810e-02  2.301665e-02  1.581783e-01  1.860921e-02  3.134182e-02 
1.040462e-01  1.000000e-50  7.514451e-02  1.965318e-01  1.000000e-50  1.000000e-50  1.000000e-50  1.000000e-50  1.213873e-01  1.000000e-50  1.000000e-50  1.000000e-50  3.526012e-01  5.202312e-02  1.000000e-50  5.780347e-02  4.046243e-02  1.000000e-50  1.000000e-50  1.000000e-50 
6.326723e-02  3.172805e-02  5.325779e-02  7.327668e-02  3.984891e-02  4.381492e-02  3.361662e-02  6.156752e-02  7.233239e-02  9.310670e-02  1.775260e-02  3.531634e-02  7.365439e-03  3.248347e-02  5.099150e-02  7.610954e-02  7.422096e-02  8.177526e-02  1.718602e-02  4.098206e-02 
1.000000e-50  1.000000e-50  1.000000e-50  1.000000e-50  1.000000e-50  1.000000e+00  1.000000e-50  1.000000e-50  1.000000e-50  1.000000e-50  1.000000e-50  1.000000e-50  1.000000e-50  1.000000e-50  1.000000e-50  1.000000e-50  1.000000e-50  1.000000e-50  1.000000e-50  1.000000e-50 
2.368421e-02  3.092105e-02  9.539474e-02  7.039474e-02  3.322368e-02  1.217105e-02  2.927632e-02  1.315789e-02  1.088816e-01  5.065789e-02  1.578947e-02  5.361842e-02  1.000000e-50  5.328947e-02  7.072368e-02  8.125000e-02  1.907895e-01  3.453947e-02  4.934211e-03  2.730263e-02 


#DOUBLE_60x3_DISCRETE_SS_EMISSION
1.000000e-50  1.453744e-02  9.854626e-01 
1.000000e-50  1.000000e-50  1.000000e+00 
1.000000e+00  1.000000e-50  1.000000e-50 
1.933405e-02  1.235231e-01  8.571429e-01 
1.000000e-50  1.000000e-50  1.000000e+00 
1.000000e-50  3.551136e-03  9.964489e-01 
1.000000e+00  1.000000e-50  1.000000e-50 
9.970277e-01  1.000000e-50  2.972259e-03 
1.000000e-50  1.000000e-50  1.000000e+00 
1.000000e+00  1.000000e-50  1.000000e-50 
1.000000e+00  1.000000e-50  1.000000e-50 
1.000000e+00  1.000000e-50  1.000000e-50 
1.000000e-50  1.000000e+00  1.000000e-50 
1.000000e-50  2.163188e-02  9.783681e-01 
1.000000e-50  1.000000e+00  1.000000e-50 
1.000000e-50  1.000000e+00  1.000000e-50 
1.000000e-50  1.000000e-50  1.000000e+00 
1.000000e-50  1.575299e-02  9.842470e-01 
1.000000e-50  9.084034e-01  9.159664e-02 
8.841733e-03  1.000000e-50  9.911583e-01 
1.000000e-50  1.000000e-50  1.000000e+00 
2.220577e-03  1.000000e-50  9.977794e-01 
6.002928e-02  2.342606e-02  9.165447e-01 
1.000000e-50  1.000000e-50  1.000000e+00 
1.000000e-50  1.000000e-50  1.000000e+00 
1.000000e-50  1.000000e-50  1.000000e+00 
1.000000e+00  1.000000e-50  1.000000e-50 
1.000000e-50  1.872340e-02  9.812766e-01 
1.950375e-01  1.000000e-50  8.049625e-01 
1.000000e-50  1.000000e-50  1.000000e+00 
4.777070e-03  4.681529e-02  9.484076e-01 
1.000000e-50  5.136986e-03  9.948630e-01 
1.000000e-50  1.000000e+00  1.000000e-50 
1.000000e-50  1.000000e-50  1.000000e+00 
1.100715e-03  4.402862e-02  9.548707e-01 
1.000000e+00  1.000000e-50  1.000000e-50 
1.000000e-50  8.944544e-03  9.910555e-01 
9.123377e-01  1.000000e-50  8.766234e-02 
1.000000e+00  1.000000e-50  1.000000e-50 
1.000000e-50  3.786369e-03  9.962136e-01 
1.000000e+00  1.000000e-50  1.000000e-50 
1.000000e-50  5.826148e-03  9.941739e-01 
1.000000e-50  1.000000e-50  1.000000e+00 
1.000000e+00  1.000000e-50  1.000000e-50 
1.000000e+00  1.000000e-50  1.000000e-50 
1.000000e-50  1.000000e-50  1.000000e+00 
1.000000e-50  4.239494e-02  9.576051e-01 
1.000000e-50  5.454545e-03  9.945455e-01 
3.357070e-02  5.188199e-02  9.145473e-01 
1.000000e+00  1.000000e-50  1.000000e-50 
1.000000e+00  1.000000e-50  1.000000e-50 
1.000000e+00  1.000000e-50  1.000000e-50 
1.000000e+00  1.000000e-50  1.000000e-50 
1.000000e-50  1.000000e-50  1.000000e+00 
1.000000e-50  1.000000e+00  1.000000e-50 
1.000000e-50  1.000000e+00  1.000000e-50 
5.747126e-03  1.000000e-50  9.942529e-01 
1.488039e-02  6.592579e-03  9.785270e-01 
1.000000e-50  1.355579e-02  9.864442e-01 
1.000000e-50  1.000000e-50  1.000000e+00 


#DOUBLE_60x2_DISCRETE_CIS_EMISSION
1.000000e+00  1.000000e-50 
1.000000e+00  1.000000e-50 
1.000000e+00  1.000000e-50 
1.000000e+00  1.000000e-50 
1.000000e+00  1.000000e-50 
1.000000e+00  1.000000e-50 
1.000000e+00  1.000000e-50 
1.000000e+00  1.000000e-50 
1.000000e+00  1.000000e-50 
1.000000e+00  1.000000e-50 
1.000000e+00  1.000000e-50 
1.000000e+00  1.000000e-50 
1.000000e+00  1.000000e-50 
1.000000e+00  1.000000e-50 
1.000000e+00  1.000000e-50 
1.000000e+00  1.000000e-50 
8.986646e-01  1.013354e-01 
9.955527e-01  4.447268e-03 
1.000000e+00  1.000000e-50 
1.000000e+00  1.000000e-50 
1.000000e+00  1.000000e-50 
9.918438e-01  8.156204e-03 
1.000000e+00  1.000000e-50 
1.000000e+00  1.000000e-50 
1.000000e+00  1.000000e-50 
1.000000e+00  1.000000e-50 
1.000000e+00  1.000000e-50 
1.000000e+00  1.000000e-50 
1.000000e+00  1.000000e-50 
9.983504e-01  1.649560e-03 
1.000000e+00  1.000000e-50 
1.000000e+00  1.000000e-50 
9.967909e-01  3.209084e-03 
1.000000e+00  1.000000e-50 
1.000000e+00  1.000000e-50 
1.000000e+00  1.000000e-50 
1.000000e+00  1.000000e-50 
1.000000e+00  1.000000e-50 
1.000000e+00  1.000000e-50 
1.000000e+00  1.000000e-50 
1.000000e+00  1.000000e-50 
1.000000e+00  1.000000e-50 
9.362312e-01  6.376876e-02 
1.000000e+00  1.000000e-50 
1.000000e+00  1.000000e-50 
1.000000e+00  1.000000e-50 
9.996332e-01  3.668379e-04 
1.000000e+00  1.000000e-50 
9.862340e-01  1.376598e-02 
1.000000e+00  1.000000e-50 
1.000000e+00  1.000000e-50 
1.000000e+00  1.000000e-50 
1.000000e+00  1.000000e-50 
1.000000e+00  1.000000e-50 
1.000000e+00  1.000000e-50 
1.000000e+00  1.000000e-50 
1.000000e+00  1.000000e-50 
9.962200e-01  3.780004e-03 
1.000000e+00  1.000000e-50 
1.000000e+00  1.000000e-50 


#DOUBLE_60x3_TORUS_TORUS_KAPPA
2.708891e+01  2.639155e+01  8.053932e+00 
5.453811e+01  2.293235e+01  1.009605e+01 
2.523464e+02  2.321778e+02  9.267065e+01 
1.167929e+01  3.637561e+00  -7.271791e-02 
1.352816e+01  3.001745e+01  -6.102865e-01 
1.167468e+01  7.252656e+00  2.294355e+00 
2.308240e+02  1.414226e+02  6.475259e+01 
2.218088e+01  2.020510e+01  5.288836e+00 
8.964263e+01  6.701421e+01  1.262012e+01 
5.455653e+02  3.669806e+02  1.715624e+02 
2.767292e+02  1.950711e+02  8.480561e+01 
8.650591e+01  1.180349e+02  1.766443e+01 
2.057837e+01  2.391515e+01  1.198636e+00 
3.751308e+01  4.460954e+01  1.307032e+01 
1.155072e+01  1.662647e+01  1.970044e+00 
1.564351e+01  1.535099e+01  3.964038e+00 
6.404665e+01  5.436170e+01  2.309327e+01 
3.159686e+00  4.325022e+00  -4.516477e-01 
5.798684e+00  1.388666e+01  2.031208e+00 
2.757735e+00  2.240655e+00  -1.454010e-01 
7.491594e+01  1.257243e+01  8.384537e+00 
2.747686e+01  2.876187e+00  -1.672471e+00 
3.166670e+01  1.647081e+01  8.057497e+00 
1.238165e+02  1.003829e+02  4.682677e+01 
4.362329e+00  1.690522e+01  -8.161690e+00 
7.798169e+01  5.698524e+01  2.458644e+01 
5.213088e+02  4.395642e+02  1.949968e+02 
1.237514e+02  6.604053e+01  3.329727e+01 
1.099357e+02  1.060160e+02  4.145708e+01 
8.117942e+00  1.235495e+01  9.462966e-01 
1.105924e+01  6.542834e+00  -7.880372e-01 
5.765719e+01  5.147701e+01  1.921377e+01 
2.353059e+01  2.616960e+01  5.141402e+00 
5.591624e+01  6.004507e+01  1.832124e+01 
1.813987e+01  1.566181e+01  5.738664e+00 
3.266035e+01  2.120802e+01  5.306619e+00 
7.902738e+00  4.867924e+00  4.339684e-01 
2.657259e+01  1.433333e+01  2.643012e+00 
3.350787e+01  4.379959e+01  1.425270e+01 
9.389125e+01  9.152226e+01  3.677864e+01 
1.407817e+02  1.115865e+02  4.814059e+01 
8.381484e+00  9.879463e+00  4.168442e-02 
6.727482e+01  4.559615e+01  1.816740e+01 
6.622317e+02  5.543328e+02  2.203928e+02 
8.875936e+01  4.234012e+01  1.147058e+01 
3.720084e+01  3.588694e+01  9.888889e+00 
1.584670e+00  1.480183e+01  -6.769917e+00 
2.445794e+02  1.589243e+02  7.658118e+01 
1.514335e+01  6.680174e+00  1.465737e+00 
8.764132e+01  7.173996e+01  2.884757e+01 
5.744570e+02  4.172562e+02  1.855398e+02 
2.310783e+02  2.398728e+02  8.547198e+01 
4.895491e+01  5.800900e+01  1.226123e+01 
1.040463e+02  7.819977e+01  3.020798e+01 
1.784302e+01  1.685047e+01  2.320576e+00 
7.066278e+00  1.090687e+01  -8.169959e+00 
1.466942e+01  1.250075e+01  2.681002e+00 
4.513734e+00  5.619870e+00  -6.797876e-02 
2.391161e+01  1.896120e+01  3.559232e+00 
2.338529e+01  2.463822e+01  7.502960e+00 


#DOUBLE_60x2_TORUS_TORUS_MU
-1.936380e+00  2.469944e-01 
-1.211052e+00  -3.142293e-01 
-1.244351e+00  -8.318511e-01 
1.000169e+00  1.138467e+00 
-1.452451e+00  -7.782846e-01 
-1.064461e+00  2.383827e+00 
-1.092119e+00  -5.525824e-01 
-1.493804e+00  -6.351750e-01 
-9.971796e-01  2.315425e+00 
-1.046301e+00  -7.417301e-01 
-1.013611e+00  -6.690577e-01 
-1.091074e+00  -9.974214e-01 
-2.043078e+00  2.233893e+00 
-1.394915e+00  2.883991e+00 
-1.910188e+00  2.380253e+00 
-1.669392e+00  -5.397612e-01 
-1.283128e+00  -2.031263e-01 
2.013771e+00  3.017866e+00 
2.867370e+00  -2.978593e+00 
1.690721e+00  -3.979987e-01 
-1.242845e+00  -6.947618e-02 
-1.462481e+00  1.633534e+00 
1.162534e+00  -2.565069e+00 
1.349923e+00  5.331424e-02 
-1.548891e+00  2.166619e+00 
1.362982e+00  3.365204e-01 
-1.173241e+00  -7.706618e-01 
9.809900e-01  6.800929e-01 
-1.478298e+00  -3.959783e-02 
-2.171282e+00  2.583140e+00 
-2.366910e+00  1.362491e+00 
-1.300248e+00  -5.582813e-01 
-1.365119e+00  2.489210e+00 
-1.735938e+00  2.412694e-01 
-1.602739e+00  -2.949706e+00 
-8.921791e-01  -8.253204e-01 
-1.116578e+00  -9.979357e-01 
-2.056898e+00  -1.565314e-01 
-1.559934e+00  -3.294277e-01 
-1.506230e+00  -1.248853e-01 
-1.005349e+00  -6.394183e-01 
-2.502769e+00  2.864370e+00 
-1.150619e+00  2.613431e+00 
-1.107678e+00  -7.281288e-01 
-1.308300e+00  -5.826799e-01 
-1.258331e+00  2.561865e+00 
-1.571618e+00  2.019058e+00 
-1.129257e+00  -3.152078e-01 
-1.489979e+00  4.749674e-01 
-1.088771e+00  -4.327339e-01 
-1.105387e+00  -7.781620e-01 
-1.140183e+00  -6.311104e-01 
-1.001121e+00  -8.727386e-01 
-9.986569e-01  -5.904546e-01 
-2.463077e+00  2.647665e+00 
-1.624868e+00  1.978110e+00 
-8.739133e-01  -9.680419e-01 
-1.706135e+00  -6.616400e-01 
1.693974e+00  -9.147599e-02 
-1.822507e+00  -2.454326e-01 


