#DOUBLE_1x55_DISCRETE_HIDDEN_DOMINANT-EIGENVECTOR
8.700900e-03 3.090440e-02 9.836370e-03 1.464040e-02 2.289960e-02 1.379020e-02 1.235630e-02 9.709250e-03 8.921030e-03 5.974840e-03 1.608460e-02 9.978980e-03 2.285410e-02 3.116020e-02 6.829220e-03 3.465650e-02 7.829080e-03 9.060520e-03 8.314830e-03 3.859790e-02 4.454040e-02 3.176740e-03 4.695130e-02 6.910880e-03 4.968570e-03 5.036420e-02 9.473060e-03 6.024810e-03 2.442320e-03 7.110930e-03 2.976900e-02 2.782300e-02 6.052210e-02 8.874860e-03 1.366310e-02 7.298220e-03 4.986210e-03 1.209920e-02 3.085150e-02 2.203800e-02 1.648990e-02 1.328550e-02 1.093670e-02 7.413330e-03 4.197170e-03 1.835020e-02 6.227180e-02 4.303590e-02 1.888530e-02 2.449390e-03 1.153600e-02 1.360740e-02 2.992000e-02 2.050290e-02 4.130700e-03 

#DOUBLE_1x55_DISCRETE_HIDDEN_START
1.000000e-50 6.852500e-02 2.903600e-03 1.277580e-02 4.703830e-02 1.000000e-50 3.193960e-02 1.000000e-50 1.000000e-50 4.645760e-03 2.032520e-02 1.000000e-50 4.529620e-02 5.574910e-02 1.000000e-50 8.188150e-02 1.000000e-50 2.322880e-03 6.387920e-03 1.000000e-50 1.149830e-01 4.645760e-03 3.252030e-02 1.000000e-50 1.000000e-50 1.000000e-50 1.045300e-02 1.000000e-50 1.000000e-50 1.000000e-50 3.077820e-02 1.000000e-50 1.800230e-01 6.968640e-03 7.549360e-03 4.065040e-03 1.000000e-50 2.380950e-02 1.161440e-02 1.000000e-50 1.219510e-02 2.613240e-02 1.000000e-50 1.000000e-50 1.000000e-50 1.000000e-50 6.213700e-02 2.090590e-02 3.252030e-02 1.000000e-50 1.335660e-02 1.103370e-02 1.000000e-50 1.451800e-02 1.000000e-50 

#DOUBLE_1x55_TORUS_TORUS_LOGNORMCONST
4.094002e+02 8.773550e+00 9.890513e+01 1.345658e+02 1.363165e+01 6.334733e+02 3.214642e+01 1.173619e+02 4.090818e+02 3.472171e+02 2.586355e+02 4.083620e+01 7.215471e+00 3.422211e+01 4.503886e+01 2.294562e+01 1.890789e+02 1.410850e+02 5.631141e+02 1.065393e+03 1.087545e+02 8.876887e+01 4.358874e+01 2.302211e+02 2.239171e+02 8.694512e+02 4.961118e+01 2.524404e+01 1.332621e+02 2.584585e+02 4.048523e+01 1.509579e+03 1.959399e+01 4.393563e+01 3.954448e+01 1.692243e+01 4.880757e+01 8.908163e+01 4.778589e+01 8.310478e+02 1.917501e+02 2.310765e+01 3.393548e+02 3.391809e+01 2.868089e+02 5.875062e+02 6.180626e+01 6.181405e+01 3.697518e+02 3.247789e+02 6.214654e+01 1.550670e+02 3.065993e+01 3.292568e+02 1.605966e+02 

#DOUBLE_1x55_TORUS_TORUS_SCALE-ENVELOPE
1.109129e-02 1.036138e-03 3.649632e-03 6.877777e-03 4.097680e-04 1.384840e-03 -3.089422e-03 -3.218918e-04 1.466217e-03 1.685724e-02 1.487124e-02 1.853847e-03 2.400679e-03 -1.823998e-03 4.774768e-03 1.578810e-04 1.779355e-02 3.616336e-03 5.689984e-03 2.666450e-03 4.459285e-03 1.469272e-02 -5.986275e-03 3.933993e-03 5.092238e-03 1.339576e-03 -3.097235e-03 -6.979557e-03 2.687738e-03 5.809366e-03 -6.528035e-03 1.612605e-03 1.845769e-04 -6.273165e-03 2.903480e-03 1.255518e-03 1.102653e-02 6.607119e-03 4.120290e-03 4.358782e-03 -1.020546e-03 1.238237e-03 4.553599e-03 -6.984452e-03 8.531821e-03 3.767890e-03 -6.155057e-03 5.258811e-02 4.208973e-03 1.256401e-02 3.556312e-03 1.255754e-02 -1.094750e-02 2.231298e-03 1.725587e-02 

#DOUBLE_55x20_DISCRETE_AA_EMISSION
1.141280e-01 8.909630e-03 5.897330e-02 1.234620e-01 2.545610e-02 5.345780e-02 2.885020e-02 2.545610e-02 7.382270e-02 6.364020e-02 7.636830e-03 2.375900e-02 5.770050e-02 4.242680e-02 5.048790e-02 1.319470e-01 2.842600e-02 2.418330e-02 2.842600e-02 2.885020e-02 
6.287960e-02 3.108250e-02 5.251880e-02 7.514590e-02 4.453970e-02 9.086580e-02 3.060620e-02 4.573060e-02 6.502320e-02 8.264860e-02 1.571990e-02 4.382520e-02 1.798260e-02 3.358340e-02 4.989880e-02 7.717040e-02 6.942960e-02 5.930690e-02 1.464810e-02 3.739430e-02 
3.216040e-02 3.405220e-03 3.416570e-01 5.713200e-02 2.043130e-02 7.604990e-02 2.270150e-02 1.000000e-50 2.648510e-02 2.459330e-02 6.432080e-03 1.963680e-01 1.000000e-50 1.967460e-02 2.686340e-02 5.637530e-02 4.161940e-02 1.000000e-50 1.702610e-02 3.102530e-02 
8.549420e-02 1.360720e-02 9.268290e-02 9.422340e-02 2.156610e-02 4.082160e-02 2.824130e-02 9.756100e-03 6.495510e-02 6.931960e-02 1.771500e-02 3.953790e-02 1.000000e-50 6.084720e-02 5.956350e-02 1.609760e-01 9.807450e-02 7.702180e-03 1.360720e-02 2.130940e-02 
5.088600e-02 2.080960e-02 1.399770e-01 4.552110e-02 5.348720e-02 1.000000e-50 5.299950e-02 4.422050e-02 5.641360e-02 5.999020e-02 1.739550e-02 1.311980e-01 1.000000e-50 3.771740e-02 5.803930e-02 5.982770e-02 5.007320e-02 5.690130e-02 1.300600e-02 5.153630e-02 
1.178390e-01 1.954930e-02 4.045610e-02 1.010050e-01 1.656260e-02 2.606570e-02 1.737710e-02 2.850940e-02 9.150150e-02 1.349440e-01 5.348900e-02 5.077380e-02 1.000000e-50 6.272060e-02 1.099650e-01 5.158840e-02 1.000000e-50 4.751560e-02 6.244910e-03 2.389360e-02 
6.253790e-02 1.426840e-02 1.423800e-01 5.585910e-02 3.642990e-02 4.887670e-02 2.610810e-02 1.608990e-02 5.191260e-02 6.496660e-02 1.821490e-02 1.086820e-01 1.575590e-01 3.521550e-02 4.675170e-02 4.948390e-02 2.155430e-02 1.791140e-02 9.107470e-03 1.608990e-02 
1.383550e-01 3.843200e-03 4.765560e-02 1.364340e-01 2.305920e-02 2.229050e-02 1.000000e-50 4.458110e-02 1.314370e-01 1.083780e-01 2.805530e-02 4.304380e-02 1.000000e-50 7.494240e-02 8.954650e-02 4.035360e-02 2.959260e-02 3.843200e-02 1.000000e-50 1.000000e-50 
1.225940e-01 1.046030e-02 1.799160e-02 4.225940e-02 4.476990e-02 1.548120e-02 9.623430e-03 1.238490e-01 4.895400e-02 1.702930e-01 3.179920e-02 1.000000e-50 1.000000e-50 4.267780e-02 5.899580e-02 2.175730e-02 2.761510e-02 1.305440e-01 2.468620e-02 5.564850e-02 
1.803800e-01 3.164560e-03 6.455700e-02 1.037970e-01 2.025320e-02 2.784810e-02 2.658230e-02 2.974680e-02 1.012660e-01 5.632910e-02 1.455700e-02 2.405060e-02 1.000000e-50 4.367090e-02 7.025320e-02 1.139240e-01 3.354430e-02 4.113920e-02 1.962030e-02 2.531650e-02 
9.697530e-02 1.616250e-02 4.248440e-02 6.164860e-02 3.024710e-02 3.809740e-02 2.170400e-02 5.079660e-02 4.479340e-02 7.850380e-02 2.332020e-02 2.355110e-02 1.877160e-01 2.724540e-02 4.433160e-02 6.511200e-02 3.440310e-02 5.310550e-02 2.816900e-02 3.163240e-02 
4.930370e-02 1.957090e-02 2.333460e-02 6.097100e-02 7.978920e-02 1.467820e-02 4.930370e-02 5.494920e-02 5.871280e-02 1.264580e-01 3.236730e-02 5.043280e-02 1.000000e-50 3.236730e-02 4.704550e-02 6.398190e-02 1.042530e-01 6.285280e-02 1.000000e-50 6.962740e-02 
2.113130e-02 3.738620e-03 2.649540e-02 1.397920e-02 6.339400e-03 7.808840e-01 7.964890e-03 6.827050e-03 1.869310e-02 1.511700e-02 3.576070e-03 1.462940e-02 1.625490e-03 1.040310e-02 1.349150e-02 3.185960e-02 1.040310e-02 6.664500e-03 1.300390e-03 4.876460e-03 
2.678990e-02 1.529160e-02 1.052630e-01 2.252250e-02 6.519680e-03 2.076810e-01 1.232810e-02 1.000000e-50 2.299670e-02 2.430060e-02 4.741580e-03 5.357990e-02 1.402320e-01 1.635850e-02 2.240400e-02 1.698670e-01 1.359650e-01 2.252250e-03 2.252250e-03 8.653390e-03 
3.683340e-02 1.814180e-02 7.146780e-02 6.322160e-02 7.971410e-02 3.408470e-02 3.793290e-02 3.628370e-02 7.201760e-02 7.421660e-02 2.363940e-02 7.971410e-02 1.000000e-50 6.212200e-02 6.377130e-02 5.112700e-02 4.617920e-02 3.518420e-02 3.463440e-02 7.971410e-02 
6.433060e-02 2.417720e-02 5.069760e-02 5.644900e-02 5.005860e-02 1.000000e-50 4.068590e-02 2.982210e-02 5.794010e-02 3.067420e-02 1.682820e-02 5.165620e-02 1.000000e-50 4.079240e-02 5.836620e-02 1.442110e-01 1.484720e-01 6.848440e-02 1.682820e-02 4.952600e-02 
7.190800e-02 2.109300e-02 9.395970e-02 7.766060e-02 5.656760e-02 2.253120e-02 2.972200e-02 1.821670e-02 6.519650e-02 1.840840e-01 2.636630e-02 5.465000e-02 1.000000e-50 4.889740e-02 4.458290e-02 5.608820e-02 3.595400e-02 3.020130e-02 1.677850e-02 4.554170e-02 
8.616400e-02 7.870750e-03 3.521130e-02 9.072080e-02 5.468100e-02 2.982600e-02 1.367030e-02 1.002490e-01 4.888150e-02 1.445730e-01 3.272580e-02 3.189730e-02 1.000000e-50 4.432480e-02 6.048050e-02 3.728250e-02 3.479700e-02 8.367850e-02 2.236950e-02 4.059650e-02 
7.181330e-03 1.077200e-02 1.032320e-02 2.289050e-02 9.380610e-02 5.834830e-03 3.141830e-02 7.495510e-02 1.974870e-02 1.795330e-01 3.141830e-02 4.353680e-02 4.937160e-03 4.039500e-02 3.635550e-02 4.892280e-02 7.944340e-02 1.225310e-01 6.149010e-02 7.450630e-02 
1.050300e-01 1.329740e-02 3.796490e-02 9.346690e-02 4.365000e-02 3.208710e-02 1.869340e-02 7.063020e-02 5.550200e-02 1.302760e-01 2.881090e-02 1.859700e-02 1.000000e-50 6.147620e-02 5.164770e-02 4.104840e-02 6.012720e-02 8.045870e-02 1.878970e-02 3.844670e-02 
1.212170e-01 6.431930e-03 4.469370e-02 6.225780e-02 2.226440e-02 1.764660e-02 1.723430e-02 1.286390e-02 5.153790e-02 4.090050e-02 1.418320e-02 1.723430e-02 3.801430e-01 2.209940e-02 4.057060e-02 5.698030e-02 2.407850e-02 1.979060e-02 8.493440e-03 1.937820e-02 
3.268770e-02 1.000000e-50 1.000000e-50 1.000000e-50 1.000000e-50 3.510900e-02 1.000000e-50 1.210650e-03 1.000000e-50 1.815980e-02 1.000000e-50 1.000000e-50 8.450360e-01 1.000000e-50 1.000000e-50 4.479420e-02 2.421310e-03 2.058110e-02 1.000000e-50 1.000000e-50 
6.354200e-02 2.705250e-02 1.848070e-02 3.609630e-02 7.864110e-02 3.853410e-02 2.555840e-02 5.890220e-02 4.804970e-02 6.110410e-02 2.201950e-02 1.989620e-02 1.000000e-50 3.067000e-02 5.355460e-02 7.887700e-02 1.196920e-01 1.162320e-01 2.296320e-02 8.013530e-02 
8.624450e-02 9.825330e-03 5.294760e-02 1.124450e-01 2.128820e-02 3.329690e-02 2.292580e-02 5.622270e-02 9.170310e-02 7.751090e-02 3.002180e-02 4.475980e-02 9.443230e-02 6.768560e-02 4.967250e-02 3.657210e-02 2.074240e-02 5.403930e-02 1.146290e-02 2.620090e-02 
9.270520e-02 7.598780e-03 2.887540e-02 5.395140e-02 4.635260e-02 3.495440e-02 3.267480e-02 2.203650e-02 5.775080e-02 1.314590e-01 3.343470e-02 1.132220e-01 1.000000e-50 8.662610e-02 7.978720e-02 5.471120e-02 3.723400e-02 3.343470e-02 1.139820e-02 4.179330e-02 
1.207240e-01 1.357870e-02 2.678640e-02 5.053050e-02 6.477700e-02 1.476590e-02 2.085030e-02 1.091490e-01 6.299620e-02 1.513690e-01 3.235140e-02 1.855010e-02 1.000000e-50 2.552500e-02 5.639240e-02 2.545080e-02 3.480000e-02 1.010610e-01 1.988570e-02 5.045630e-02 
1.060610e-01 8.547010e-03 4.428900e-02 1.064490e-01 2.602950e-02 4.506600e-02 2.020200e-02 5.555560e-02 7.070710e-02 1.317020e-01 2.408700e-02 1.825950e-02 4.156950e-02 4.390050e-02 5.827510e-02 4.739700e-02 5.167060e-02 5.322460e-02 1.398600e-02 3.302250e-02 
6.335400e-02 9.937890e-03 5.465840e-02 4.782610e-02 2.546580e-02 2.236020e-02 2.236020e-02 1.062110e-01 5.652170e-02 1.602480e-01 2.049690e-02 3.416150e-02 1.000000e-50 2.919250e-02 4.347830e-02 5.031060e-02 7.204970e-02 1.496890e-01 1.055900e-02 2.111800e-02 
1.728970e-01 1.401870e-02 5.140190e-02 9.345790e-02 2.803740e-02 2.492210e-02 1.869160e-02 1.000000e-50 8.878500e-02 2.056070e-01 3.115260e-02 6.542060e-02 1.000000e-50 4.361370e-02 5.295950e-02 5.763240e-02 2.336450e-02 1.713400e-02 1.000000e-50 1.090340e-02 
1.064380e-01 1.000000e-50 7.995850e-02 1.085150e-01 5.088270e-02 4.153690e-02 1.661470e-02 3.894080e-02 3.478710e-02 8.566980e-02 4.413290e-02 4.880580e-02 1.000000e-50 2.855660e-02 6.490130e-02 9.605400e-02 4.257530e-02 3.842160e-02 2.024920e-02 5.295950e-02 
7.048730e-02 2.287420e-02 3.132770e-02 5.979610e-02 4.649430e-02 2.697660e-02 1.603680e-02 4.835900e-02 6.887120e-02 1.231970e-01 2.125810e-02 2.411740e-02 1.230730e-01 3.182500e-02 5.855300e-02 3.965690e-02 4.139730e-02 7.309800e-02 3.033320e-02 4.226750e-02 
2.345080e-01 1.026060e-02 6.507360e-02 1.194820e-01 1.000000e-50 6.385850e-02 1.417580e-02 5.400300e-03 8.653980e-02 8.086940e-02 2.754150e-02 4.779260e-02 1.000000e-50 8.343460e-02 7.654920e-02 4.914270e-02 2.673150e-02 8.640480e-03 1.000000e-50 1.000000e-50 
6.849060e-02 2.025950e-02 1.377160e-02 6.555270e-02 5.471910e-02 1.000000e-50 1.817850e-02 1.093160e-01 8.122170e-02 1.465300e-01 3.017510e-02 2.191210e-02 1.000000e-50 5.086300e-02 5.110780e-02 2.411560e-02 5.637160e-02 1.262700e-01 1.775000e-02 4.339580e-02 
1.005890e-01 1.010100e-02 9.006730e-02 1.279460e-01 2.735690e-02 2.651520e-02 2.441080e-02 3.577440e-02 1.047980e-01 7.196970e-02 2.188550e-02 3.409090e-02 2.062290e-02 3.367000e-02 5.260940e-02 6.734010e-02 4.419190e-02 6.944440e-02 7.575760e-03 2.904040e-02 
2.434410e-02 6.491750e-03 1.065730e-01 5.761430e-02 2.786040e-02 6.762240e-03 2.596700e-02 2.840140e-02 1.198270e-01 5.085200e-02 1.298350e-02 6.518800e-02 1.000000e-50 4.517180e-02 7.032730e-02 7.249120e-02 1.936710e-01 4.273740e-02 1.027860e-02 3.245880e-02 
2.731960e-02 4.536080e-02 3.479380e-01 3.556700e-02 2.938140e-02 2.731960e-02 3.814430e-02 1.546390e-02 1.082470e-02 3.144330e-02 8.762890e-03 1.747420e-01 7.216490e-03 9.278350e-03 1.752580e-02 9.639180e-02 8.247420e-03 1.597940e-02 1.546390e-02 3.762890e-02 
1.060490e-01 2.688570e-02 5.601190e-02 1.120240e-01 2.240480e-02 3.659450e-02 2.539210e-02 4.406270e-02 7.841670e-02 1.127710e-01 1.568330e-02 3.435400e-02 2.912620e-02 3.584760e-02 7.468260e-02 5.227780e-02 4.854370e-02 4.480960e-02 1.568330e-02 2.837940e-02 
8.506730e-02 4.589960e-03 1.150550e-01 8.782130e-02 2.019580e-02 2.692780e-02 2.264380e-02 2.968180e-02 1.141370e-01 6.640150e-02 9.791920e-03 3.274170e-02 9.975520e-02 4.100370e-02 6.119950e-02 7.099140e-02 4.681760e-02 3.886170e-02 8.261930e-03 1.805390e-02 
1.535660e-01 2.514880e-02 3.158790e-02 6.123190e-02 8.067060e-02 1.116510e-01 3.195240e-02 2.004620e-02 5.382090e-02 3.972790e-02 2.770020e-02 2.320500e-02 1.000000e-50 3.693350e-02 6.293280e-02 9.877290e-02 3.292430e-02 2.599930e-02 1.968170e-02 6.244680e-02 
1.383270e-01 1.788120e-02 4.284750e-02 8.788800e-02 2.024290e-02 2.412280e-02 1.788120e-02 3.863020e-02 1.010460e-01 1.617750e-01 3.407560e-02 4.571520e-02 1.000000e-50 5.921050e-02 8.653850e-02 2.564100e-02 2.766530e-02 3.238870e-02 1.906210e-02 1.906210e-02 
9.902120e-02 1.479630e-02 3.323470e-02 7.307080e-02 6.533120e-02 5.804690e-02 2.139770e-02 7.694060e-02 6.464830e-02 1.315730e-01 1.866610e-02 2.845440e-02 8.650130e-03 4.507170e-02 5.622580e-02 2.503980e-02 3.642160e-02 7.534710e-02 2.162530e-02 4.643750e-02 
1.856980e-02 5.072060e-02 3.866410e-01 3.963410e-02 1.164080e-02 1.000000e-50 3.852550e-02 1.025500e-02 1.524390e-02 2.161860e-02 4.711750e-03 2.001110e-01 1.108650e-03 1.468960e-02 2.466740e-02 1.177940e-01 9.423500e-03 9.146340e-03 6.097560e-03 1.940130e-02 
1.964290e-01 9.271980e-03 5.322800e-02 9.237640e-02 1.339290e-02 3.090660e-02 7.898350e-03 2.369510e-02 8.997250e-02 1.287770e-01 3.090660e-02 4.704670e-02 1.000000e-50 6.215660e-02 7.451920e-02 8.447800e-02 1.682690e-02 2.197800e-02 1.000000e-50 1.614010e-02 
5.915070e-02 2.982810e-02 4.246710e-02 8.594540e-02 6.066730e-02 1.567240e-02 3.842260e-02 4.347830e-02 9.706770e-02 1.112230e-01 8.594540e-03 3.286150e-02 1.000000e-50 5.561170e-02 5.864510e-02 4.752280e-02 6.723960e-02 7.178970e-02 2.426690e-02 4.954500e-02 
1.361590e-01 1.442740e-02 6.762850e-02 8.926960e-02 1.082060e-02 6.762850e-02 1.082060e-02 2.795310e-02 9.197480e-02 6.762850e-02 2.164110e-02 4.959420e-02 1.000000e-50 5.770960e-02 8.476100e-02 1.172230e-01 5.951310e-02 1.352570e-02 1.000000e-50 1.172230e-02 
6.746350e-02 8.103730e-03 3.910050e-02 6.807130e-02 6.482980e-02 1.843600e-02 3.241490e-02 1.098060e-01 6.361430e-02 1.233790e-01 2.491900e-02 2.491900e-02 1.000000e-50 4.132900e-02 4.477310e-02 3.119940e-02 4.700160e-02 1.128440e-01 1.600490e-02 6.179090e-02 
3.750520e-02 1.180280e-02 9.166620e-03 4.367620e-02 4.763050e-02 6.410640e-03 1.719490e-02 1.647000e-01 4.086030e-02 1.326460e-01 1.845310e-02 1.306090e-02 1.000000e-50 2.414470e-02 4.319690e-02 2.156850e-02 8.393750e-02 2.234740e-01 1.431910e-02 4.625250e-02 
2.595820e-02 8.536590e-03 6.358890e-02 3.005230e-02 1.602790e-02 5.375440e-01 2.160280e-02 1.393730e-03 4.520910e-02 1.628920e-02 8.362370e-03 1.175090e-01 1.000000e-50 2.421600e-02 2.996520e-02 2.456450e-02 6.707320e-03 2.613240e-03 5.487800e-03 1.437280e-02 
1.021970e-01 4.511570e-03 7.493130e-02 1.159280e-01 1.569240e-02 3.118870e-02 9.611610e-03 2.961950e-02 5.923890e-02 6.767360e-02 6.669280e-03 1.804630e-02 2.145940e-01 4.099650e-02 4.256570e-02 5.472730e-02 3.413100e-02 5.139270e-02 1.078850e-02 1.549630e-02 
2.975330e-01 2.177070e-02 1.596520e-02 3.338170e-02 4.354140e-03 2.612480e-02 1.000000e-50 1.000000e-50 8.998550e-02 1.770680e-01 4.354140e-02 1.451380e-02 1.000000e-50 4.063860e-02 5.224960e-02 1.611030e-01 2.177070e-02 1.000000e-50 1.000000e-50 1.000000e-50 
4.879660e-02 3.297070e-02 5.736890e-02 2.769540e-02 6.495220e-02 3.527860e-02 5.176390e-02 3.461920e-02 3.890540e-02 1.117710e-01 3.494890e-02 1.210020e-01 1.000000e-50 3.989450e-02 5.077480e-02 3.725680e-02 9.561490e-02 4.352130e-02 1.549620e-02 5.736890e-02 
5.888710e-02 8.643980e-03 4.565100e-02 6.537010e-02 1.539710e-02 2.485140e-02 9.454350e-03 2.323070e-02 5.861700e-02 3.781740e-02 6.482980e-03 2.079960e-02 4.041060e-01 2.079960e-02 3.349540e-02 6.509990e-02 3.322530e-02 3.754730e-02 1.323610e-02 1.728800e-02 
3.446120e-02 1.997750e-02 1.186170e-02 4.170310e-02 6.205520e-02 6.617560e-03 2.984140e-02 1.776750e-01 5.181670e-02 1.423400e-01 2.372330e-02 2.609560e-02 1.000000e-50 3.308780e-02 4.007990e-02 1.298540e-02 3.496070e-02 1.942810e-01 1.211140e-02 4.432510e-02 
9.689640e-02 9.924220e-03 1.355110e-01 1.948750e-01 2.038980e-02 6.477810e-02 2.598340e-02 1.190910e-02 6.513890e-02 2.129200e-02 1.245040e-02 3.987730e-02 1.000000e-50 4.835800e-02 4.980150e-02 8.228080e-02 6.892820e-02 1.840490e-02 9.382890e-03 2.381810e-02 
6.840680e-02 2.250230e-02 1.701170e-01 1.215120e-01 2.520250e-02 4.770480e-02 4.500450e-02 1.000000e-50 6.210620e-02 3.060310e-02 3.420340e-02 1.053110e-01 1.000000e-50 4.860490e-02 5.400540e-02 8.910890e-02 7.200720e-02 3.600360e-03 1.000000e-50 1.000000e-50 

#DOUBLE_55x2_DISCRETE_CIS_EMISSION
1.000000e+00 1.000000e-50 
9.969050e-01 3.094500e-03 
1.000000e+00 1.000000e-50 
1.000000e+00 1.000000e-50 
1.000000e+00 1.000000e-50 
1.000000e+00 1.000000e-50 
1.000000e+00 1.000000e-50 
1.000000e+00 1.000000e-50 
1.000000e+00 1.000000e-50 
1.000000e+00 1.000000e-50 
1.000000e+00 1.000000e-50 
1.000000e+00 1.000000e-50 
9.983680e-01 1.632120e-03 
9.515510e-01 4.844870e-02 
1.000000e+00 1.000000e-50 
1.000000e+00 1.000000e-50 
1.000000e+00 1.000000e-50 
1.000000e+00 1.000000e-50 
1.000000e+00 1.000000e-50 
1.000000e+00 1.000000e-50 
1.000000e+00 1.000000e-50 
7.914630e-01 2.085370e-01 
1.000000e+00 1.000000e-50 
1.000000e+00 1.000000e-50 
1.000000e+00 1.000000e-50 
1.000000e+00 1.000000e-50 
1.000000e+00 1.000000e-50 
1.000000e+00 1.000000e-50 
1.000000e+00 1.000000e-50 
1.000000e+00 1.000000e-50 
9.987530e-01 1.246570e-03 
1.000000e+00 1.000000e-50 
1.000000e+00 1.000000e-50 
1.000000e+00 1.000000e-50 
9.991900e-01 8.101540e-04 
1.000000e+00 1.000000e-50 
1.000000e+00 1.000000e-50 
1.000000e+00 1.000000e-50 
1.000000e+00 1.000000e-50 
1.000000e+00 1.000000e-50 
1.000000e+00 1.000000e-50 
1.000000e+00 1.000000e-50 
1.000000e+00 1.000000e-50 
1.000000e+00 1.000000e-50 
1.000000e+00 1.000000e-50 
1.000000e+00 1.000000e-50 
1.000000e+00 1.000000e-50 
1.000000e+00 1.000000e-50 
1.000000e+00 1.000000e-50 
1.000000e+00 1.000000e-50 
1.000000e+00 1.000000e-50 
1.000000e+00 1.000000e-50 
1.000000e+00 1.000000e-50 
1.000000e+00 1.000000e-50 
1.000000e+00 1.000000e-50 

#DOUBLE_55x55_DISCRETE_HIDDEN_TRANSITION
1.556320e-01 1.000000e-50 1.000000e-50 1.000000e-50 3.869300e-03 1.000000e-50 1.000000e-50 1.000000e-50 1.000000e-50 1.000000e-50 1.000000e-50 1.000000e-50 1.000000e-50 1.000000e-50 2.394670e-01 1.000000e-50 4.789340e-01 1.000000e-50 1.000000e-50 1.000000e-50 1.000000e-50 1.000000e-50 1.000000e-50 1.000000e-50 1.000000e-50 1.000000e-50 1.000000e-50 1.000000e-50 1.000000e-50 5.588990e-03 1.000000e-50 1.000000e-50 1.000000e-50 1.000000e-50 1.000000e-50 1.000000e-50 1.000000e-50 1.000000e-50 1.000000e-50 1.000000e-50 1.000000e-50 4.299230e-04 1.000000e-50 6.663800e-02 1.000000e-50 1.000000e-50 1.000000e-50 1.000000e-50 1.000000e-50 1.000000e-50 1.000000e-50 1.000000e-50 1.000000e-50 1.000000e-50 4.944110e-02 
1.000000e-50 2.026780e-01 1.460740e-03 1.923310e-02 6.402920e-02 1.000000e-50 4.601340e-02 1.000000e-50 1.000000e-50 1.192940e-02 2.933660e-02 1.000000e-50 9.300060e-02 5.782110e-02 1.000000e-50 8.508830e-02 1.000000e-50 7.303710e-03 4.382230e-03 1.000000e-50 2.884970e-02 1.000000e-50 1.594640e-02 1.000000e-50 1.000000e-50 1.000000e-50 3.006700e-02 1.000000e-50 1.000000e-50 1.000000e-50 1.034690e-02 1.000000e-50 9.762630e-02 2.970180e-02 1.071210e-02 1.000000e-50 5.234330e-03 8.034080e-03 5.112600e-03 1.000000e-50 3.067560e-02 9.251370e-03 1.000000e-50 1.000000e-50 1.000000e-50 1.000000e-50 1.000000e-50 5.952530e-02 1.000000e-50 1.000000e-50 1.959830e-02 8.521000e-04 1.594640e-02 1.000000e-50 2.434570e-04 
1.000000e-50 3.048780e-02 1.000000e-50 1.000000e-50 4.039630e-02 1.000000e-50 4.573170e-03 1.000000e-50 1.000000e-50 2.057930e-02 9.908540e-03 1.000000e-50 3.582320e-02 6.440550e-02 1.000000e-50 2.782010e-02 1.000000e-50 1.000000e-50 1.143290e-02 1.000000e-50 7.621950e-02 1.000000e-50 3.772870e-02 1.000000e-50 1.000000e-50 1.000000e-50 1.000000e-50 1.000000e-50 1.000000e-50 1.000000e-50 1.524390e-02 1.000000e-50 2.027440e-01 1.000000e-50 1.867380e-02 2.286590e-03 1.000000e-50 1.562500e-02 1.000000e-50 1.000000e-50 2.972560e-02 6.516770e-02 1.000000e-50 1.000000e-50 1.000000e-50 1.000000e-50 6.211890e-02 2.038870e-01 1.000000e-50 1.000000e-50 1.105180e-02 1.000000e-50 1.410060e-02 1.000000e-50 1.000000e-50 
1.000000e-50 8.163270e-02 1.000000e-50 1.000000e-50 7.116690e-02 1.000000e-50 2.616430e-02 1.000000e-50 1.000000e-50 1.000000e-50 1.000000e-50 1.000000e-50 6.567240e-02 3.453690e-02 1.000000e-50 1.046570e-02 1.000000e-50 1.000000e-50 1.000000e-50 1.000000e-50 4.971220e-02 1.000000e-50 1.000000e-50 6.017790e-03 1.000000e-50 1.000000e-50 7.326010e-03 1.000000e-50 1.000000e-50 1.000000e-50 2.511770e-02 1.000000e-50 2.477760e-01 1.000000e-50 9.105180e-02 1.000000e-50 1.000000e-50 1.000000e-50 1.000000e-50 1.000000e-50 2.197800e-02 7.116690e-02 1.000000e-50 1.000000e-50 1.000000e-50 1.000000e-50 1.000000e-50 1.773940e-01 1.000000e-50 1.000000e-50 1.000000e-50 1.000000e-50 1.282050e-02 1.000000e-50 1.000000e-50 
1.000000e-50 5.978710e-02 3.767400e-03 1.000000e-50 2.981160e-02 1.000000e-50 3.128580e-02 1.000000e-50 1.000000e-50 1.000000e-50 1.199020e-01 1.000000e-50 4.357080e-02 5.995090e-02 1.000000e-50 4.226040e-02 1.000000e-50 1.000000e-50 5.241610e-03 1.000000e-50 1.944310e-01 2.358720e-02 1.506960e-02 1.000000e-50 1.000000e-50 2.129400e-03 9.828010e-03 1.000000e-50 1.000000e-50 1.000000e-50 2.473380e-02 1.000000e-50 8.435710e-02 1.000000e-50 1.638000e-04 1.000000e-50 1.000000e-50 1.998360e-02 5.569210e-03 1.000000e-50 5.241610e-03 5.241610e-03 1.000000e-50 1.000000e-50 1.000000e-50 1.000000e-50 1.000000e-50 1.916460e-02 3.095820e-02 1.000000e-50 1.457820e-02 1.359540e-01 1.343160e-02 1.000000e-50 1.000000e-50 
1.000000e-50 1.000000e-50 1.000000e-50 1.000000e-50 1.000000e-50 2.356130e-01 2.443000e-03 1.330080e-01 1.000000e-50 1.000000e-50 1.000000e-50 1.000000e-50 1.000000e-50 1.000000e-50 1.000000e-50 1.000000e-50 2.415850e-02 3.338760e-02 1.000000e-50 2.638440e-01 1.000000e-50 1.000000e-50 1.000000e-50 1.000000e-50 1.000000e-50 1.000000e-50 1.000000e-50 1.000000e-50 1.112920e-02 1.000000e-50 1.000000e-50 1.000000e-50 1.000000e-50 1.000000e-50 1.000000e-50 1.000000e-50 1.000000e-50 1.000000e-50 1.000000e-50 1.000000e-50 1.000000e-50 1.000000e-50 4.940280e-02 1.000000e-50 5.971770e-03 2.388710e-01 1.000000e-50 2.171550e-03 1.000000e-50 1.000000e-50 1.000000e-50 1.000000e-50 1.000000e-50 1.000000e-50 1.000000e-50 
1.000000e-50 1.575240e-01 6.742260e-03 1.000000e-50 4.658290e-02 1.000000e-50 3.156600e-02 1.000000e-50 1.000000e-50 1.000000e-50 3.555010e-02 1.000000e-50 5.485750e-02 3.708240e-02 1.000000e-50 2.087040e-01 1.000000e-50 1.000000e-50 2.880780e-02 1.000000e-50 1.961390e-02 1.000000e-50 2.451730e-02 1.000000e-50 1.000000e-50 1.164570e-02 2.788840e-02 1.000000e-50 1.000000e-50 1.000000e-50 1.593630e-02 1.000000e-50 1.615080e-01 1.072630e-02 1.624270e-02 1.000000e-50 1.000000e-50 4.903460e-03 1.348450e-02 1.000000e-50 1.000000e-50 6.435800e-03 1.000000e-50 1.000000e-50 1.000000e-50 1.000000e-50 9.193990e-03 2.267850e-02 1.000000e-50 1.000000e-50 1.164570e-02 2.911430e-02 7.048730e-03 1.000000e-50 1.000000e-50 
1.000000e-50 2.047910e-02 1.000000e-50 1.000000e-50 8.114370e-02 1.000000e-50 1.081920e-02 1.445130e-01 1.000000e-50 1.000000e-50 1.000000e-50 5.332300e-01 2.163830e-02 1.584230e-02 2.782070e-02 1.000000e-50 3.091190e-02 1.584230e-02 1.000000e-50 1.000000e-50 2.009270e-02 1.000000e-50 1.000000e-50 1.000000e-50 8.500770e-03 1.000000e-50 1.000000e-50 1.000000e-50 1.661510e-02 1.000000e-50 1.000000e-50 1.000000e-50 1.000000e-50 1.000000e-50 1.000000e-50 1.000000e-50 1.000000e-50 1.000000e-50 1.000000e-50 1.000000e-50 1.000000e-50 5.409580e-03 1.000000e-50 1.854710e-02 1.000000e-50 1.000000e-50 1.000000e-50 2.859350e-02 1.000000e-50 1.000000e-50 1.000000e-50 1.000000e-50 1.000000e-50 1.000000e-50 1.000000e-50 
2.529020e-02 1.000000e-50 1.000000e-50 1.000000e-50 1.000000e-50 3.938640e-02 1.000000e-50 1.000000e-50 8.291870e-03 1.000000e-50 1.000000e-50 1.000000e-50 1.000000e-50 1.000000e-50 1.000000e-50 1.000000e-50 1.000000e-50 1.000000e-50 3.731340e-03 1.000000e-50 1.000000e-50 1.000000e-50 1.000000e-50 1.000000e-50 1.000000e-50 1.844940e-01 1.000000e-50 1.000000e-50 1.000000e-50 1.160860e-01 1.000000e-50 4.726370e-02 1.000000e-50 1.000000e-50 3.316750e-03 1.000000e-50 1.000000e-50 1.000000e-50 1.000000e-50 2.164180e-01 1.106970e-01 1.000000e-50 2.155890e-02 1.000000e-50 8.001660e-02 7.213930e-02 1.000000e-50 1.000000e-50 1.000000e-50 1.000000e-50 1.000000e-50 1.000000e-50 1.000000e-50 7.131010e-02 1.000000e-50 
1.000000e-50 1.000000e-50 4.649840e-01 2.088330e-01 2.271290e-02 1.000000e-50 5.678230e-03 1.000000e-50 1.000000e-50 1.000000e-50 2.902210e-02 1.000000e-50 8.201890e-03 1.000000e-50 1.000000e-50 4.794950e-02 1.000000e-50 1.000000e-50 1.000000e-50 1.000000e-50 1.000000e-50 6.940060e-03 1.000000e-50 1.000000e-50 2.712930e-02 1.000000e-50 1.000000e-50 1.000000e-50 1.000000e-50 1.000000e-50 1.000000e-50 1.000000e-50 1.000000e-50 7.949530e-02 1.000000e-50 1.000000e-50 1.000000e-50 1.000000e-50 1.000000e-50 1.000000e-50 1.000000e-50 1.000000e-50 1.000000e-50 1.000000e-50 1.000000e-50 1.000000e-50 1.000000e-50 1.000000e-50 1.000000e-50 1.000000e-50 9.905360e-02 1.000000e-50 1.000000e-50 1.000000e-50 1.000000e-50 
3.373130e-01 1.000000e-50 1.000000e-50 1.000000e-50 1.000000e-50 1.000000e-50 1.000000e-50 1.000000e-50 1.000000e-50 1.000000e-50 4.225030e-02 1.000000e-50 1.000000e-50 1.000000e-50 2.066590e-03 1.000000e-50 1.000000e-50 3.536170e-02 1.997700e-02 1.000000e-50 1.000000e-50 1.000000e-50 1.000000e-50 1.000000e-50 1.000000e-50 1.000000e-50 1.000000e-50 1.000000e-50 1.000000e-50 1.586680e-01 1.000000e-50 1.000000e-50 1.000000e-50 1.000000e-50 1.000000e-50 1.000000e-50 1.000000e-50 1.000000e-50 1.000000e-50 1.000000e-50 1.997700e-02 1.000000e-50 1.000000e-50 1.000000e-50 1.000000e-50 8.266360e-03 1.000000e-50 1.000000e-50 1.000000e-50 1.000000e-50 1.000000e-50 1.000000e-50 1.000000e-50 1.708380e-01 2.052810e-01 
1.000000e-50 1.429650e-01 1.000000e-50 1.000000e-50 1.251890e-01 1.000000e-50 8.698940e-03 1.000000e-50 1.000000e-50 1.000000e-50 1.000000e-50 2.496220e-02 1.051440e-01 1.000000e-50 4.916790e-03 3.177000e-02 1.000000e-50 4.916790e-03 1.000000e-50 1.000000e-50 3.971260e-02 1.000000e-50 1.000000e-50 1.000000e-50 1.000000e-50 1.000000e-50 4.954610e-02 1.000000e-50 1.000000e-50 1.000000e-50 1.000000e-50 1.000000e-50 1.149770e-01 4.311650e-02 1.000000e-50 1.000000e-50 1.000000e-50 1.000000e-50 1.000000e-50 1.000000e-50 2.987900e-02 2.723150e-02 1.000000e-50 1.000000e-50 1.966720e-02 1.000000e-50 1.000000e-50 1.849470e-01 1.000000e-50 1.000000e-50 4.236010e-02 1.000000e-50 1.000000e-50 1.000000e-50 1.000000e-50 
1.000000e-50 7.933370e-02 6.234540e-02 1.781300e-02 4.073890e-02 1.000000e-50 2.721430e-02 1.000000e-50 1.000000e-50 1.385450e-02 3.100780e-02 1.000000e-50 6.415970e-02 5.921160e-02 1.000000e-50 6.382980e-02 1.000000e-50 1.000000e-50 4.453240e-03 1.000000e-50 7.042720e-02 1.204020e-02 4.519210e-02 1.814280e-03 1.000000e-50 1.979220e-03 7.916870e-03 1.154540e-03 1.000000e-50 1.000000e-50 5.178950e-02 1.000000e-50 7.405570e-02 7.751940e-03 1.896750e-02 1.000000e-50 6.762330e-03 1.830780e-02 3.067790e-02 1.000000e-50 7.587000e-03 1.913240e-02 1.000000e-50 1.000000e-50 4.948050e-04 1.000000e-50 4.370770e-02 2.688440e-02 2.226620e-02 1.000000e-50 1.748310e-02 1.995710e-02 1.335970e-02 2.474020e-03 1.385450e-02 
1.000000e-50 4.840070e-02 1.919130e-02 1.907060e-02 2.136390e-02 1.000000e-50 1.713940e-02 1.000000e-50 1.000000e-50 4.960770e-02 3.802050e-02 1.000000e-50 3.427880e-02 3.753770e-02 1.000000e-50 4.707300e-02 1.000000e-50 1.000000e-50 1.001810e-02 1.000000e-50 1.151480e-01 5.552200e-03 3.126130e-02 1.000000e-50 1.000000e-50 1.000000e-50 1.134580e-02 1.000000e-50 1.000000e-50 1.000000e-50 1.689800e-02 1.000000e-50 5.600480e-02 3.512370e-02 8.931800e-03 2.293300e-03 1.000000e-50 2.136390e-02 2.993360e-02 1.000000e-50 3.452020e-02 7.604100e-03 1.000000e-50 1.000000e-50 3.101990e-02 1.000000e-50 2.281230e-02 2.112250e-02 1.464090e-01 1.000000e-50 1.000000e-50 5.383220e-02 7.121300e-03 1.000000e-50 1.000000e-50 
1.000000e-50 6.036890e-02 1.000000e-50 1.788710e-02 2.962550e-02 1.000000e-50 8.943540e-03 1.000000e-50 2.738960e-02 1.000000e-50 7.713810e-02 1.000000e-50 2.459470e-02 5.310230e-02 1.117940e-02 3.968700e-02 1.000000e-50 1.000000e-50 1.173840e-02 1.000000e-50 5.701510e-02 1.000000e-50 4.136390e-02 1.000000e-50 1.000000e-50 1.117940e-02 1.000000e-50 1.000000e-50 1.000000e-50 1.000000e-50 2.068190e-02 1.000000e-50 1.950810e-01 3.856900e-02 1.000000e-50 1.000000e-50 1.000000e-50 1.000000e-50 1.000000e-50 1.000000e-50 3.074340e-02 3.130240e-02 1.000000e-50 1.000000e-50 2.627170e-02 1.000000e-50 3.745110e-02 9.334820e-02 1.006150e-02 1.000000e-50 2.291780e-02 1.000000e-50 2.235890e-02 1.000000e-50 1.000000e-50 
1.000000e-50 5.403650e-02 2.183080e-02 2.064200e-02 4.571490e-02 1.000000e-50 2.669400e-02 1.000000e-50 1.000000e-50 7.348970e-03 1.000000e-50 1.000000e-50 5.511730e-02 7.284120e-02 1.000000e-50 7.284120e-02 1.000000e-50 1.000000e-50 1.000000e-50 1.000000e-50 1.339030e-01 1.091540e-02 3.728520e-02 1.000000e-50 1.000000e-50 1.000000e-50 1.642710e-02 1.000000e-50 1.000000e-50 1.000000e-50 1.685940e-02 1.000000e-50 1.072080e-01 1.000000e-50 2.431640e-02 3.458340e-03 1.000000e-50 3.858210e-02 1.383340e-02 1.000000e-50 1.048310e-02 2.572140e-02 1.000000e-50 1.000000e-50 1.000000e-50 1.000000e-50 3.523180e-02 2.237110e-02 6.624880e-02 1.000000e-50 1.000000e-50 4.982170e-02 1.026690e-02 1.000000e-50 1.000000e-50 
1.000000e-50 5.255540e-02 1.000000e-50 1.000000e-50 1.832210e-02 1.000000e-50 2.700100e-02 1.000000e-50 1.000000e-50 4.532300e-02 1.000000e-50 1.000000e-50 2.266150e-02 1.000000e-50 2.169720e-02 2.410800e-03 1.000000e-50 1.000000e-50 1.000000e-50 1.000000e-50 9.932500e-02 1.000000e-50 2.410800e-03 1.000000e-50 1.000000e-50 1.000000e-50 1.000000e-50 1.000000e-50 1.000000e-50 1.000000e-50 2.989390e-02 1.000000e-50 2.622950e-01 1.000000e-50 3.905500e-02 1.000000e-50 1.000000e-50 1.000000e-50 1.000000e-50 1.000000e-50 7.569910e-02 6.123430e-02 1.000000e-50 1.000000e-50 1.000000e-50 1.000000e-50 1.000000e-50 1.885250e-01 2.700100e-02 1.000000e-50 6.268080e-03 1.000000e-50 1.446480e-02 1.000000e-50 3.857280e-03 
1.000000e-50 2.064410e-03 1.000000e-50 1.000000e-50 1.000000e-50 3.674650e-02 8.670520e-03 1.000000e-50 1.857970e-01 1.000000e-50 1.000000e-50 1.000000e-50 1.000000e-50 1.000000e-50 1.000000e-50 1.000000e-50 1.000000e-50 1.000000e-50 3.014040e-02 1.000000e-50 1.000000e-50 1.000000e-50 1.000000e-50 1.581340e-01 1.000000e-50 1.000000e-50 1.329480e-01 1.000000e-50 1.000000e-50 2.518580e-02 1.000000e-50 1.000000e-50 5.780350e-03 4.128820e-04 1.000000e-50 1.000000e-50 1.395540e-01 1.000000e-50 1.000000e-50 3.220480e-02 1.626750e-01 1.000000e-50 5.202310e-02 1.000000e-50 1.000000e-50 2.477290e-02 1.000000e-50 2.890170e-03 1.000000e-50 1.000000e-50 1.000000e-50 1.000000e-50 1.000000e-50 1.000000e-50 1.000000e-50 
1.000000e-50 1.000000e-50 1.000000e-50 1.000000e-50 1.000000e-50 1.000000e-50 1.000000e-50 1.000000e-50 1.000000e-50 1.000000e-50 1.000000e-50 1.000000e-50 1.000000e-50 1.000000e-50 1.000000e-50 1.000000e-50 1.000000e-50 1.000000e-50 1.000000e-50 3.098590e-01 1.000000e-50 1.000000e-50 1.000000e-50 1.000000e-50 1.000000e-50 1.000000e-50 1.000000e-50 1.000000e-50 1.000000e-50 7.922540e-02 1.000000e-50 1.250000e-01 1.000000e-50 1.000000e-50 1.000000e-50 1.000000e-50 1.000000e-50 1.000000e-50 1.000000e-50 1.000000e-50 1.000000e-50 1.000000e-50 1.000000e-50 1.000000e-50 1.000000e-50 1.012320e-01 1.000000e-50 1.000000e-50 1.000000e-50 1.000000e-50 1.000000e-50 1.000000e-50 1.000000e-50 3.846830e-01 1.000000e-50 
1.000000e-50 1.000000e-50 1.000000e-50 1.000000e-50 1.000000e-50 1.353700e-03 1.000000e-50 4.254500e-03 9.669310e-05 1.000000e-50 1.000000e-50 1.000000e-50 7.735450e-04 1.000000e-50 1.000000e-50 1.000000e-50 1.000000e-50 1.000000e-50 4.718620e-02 1.000000e-50 1.000000e-50 1.000000e-50 1.000000e-50 1.000000e-50 1.000000e-50 6.704700e-01 1.000000e-50 1.000000e-50 1.000000e-50 1.000000e-50 1.000000e-50 1.348870e-01 1.000000e-50 1.000000e-50 1.000000e-50 1.000000e-50 1.000000e-50 1.000000e-50 1.000000e-50 1.044290e-01 1.518080e-02 1.000000e-50 2.136920e-02 1.000000e-50 1.000000e-50 1.000000e-50 1.000000e-50 1.000000e-50 1.000000e-50 1.000000e-50 1.000000e-50 1.000000e-50 1.000000e-50 1.000000e-50 1.000000e-50 
1.000000e-50 2.420760e-02 1.000000e-50 1.000000e-50 2.878300e-02 1.000000e-50 1.929960e-02 1.000000e-50 1.000000e-50 1.472420e-02 5.981200e-02 1.000000e-50 2.512270e-02 5.007900e-02 1.000000e-50 5.190920e-02 1.000000e-50 1.000000e-50 1.000000e-50 1.000000e-50 1.368440e-01 1.597200e-02 3.427340e-02 1.000000e-50 1.000000e-50 1.000000e-50 1.206220e-02 1.000000e-50 1.000000e-50 1.000000e-50 1.588890e-02 1.000000e-50 9.383580e-02 1.000000e-50 3.194410e-02 1.000000e-50 1.000000e-50 5.016220e-02 2.046420e-02 1.000000e-50 1.000000e-50 1.638800e-02 1.000000e-50 1.000000e-50 1.000000e-50 1.000000e-50 4.151070e-02 1.982360e-01 1.622160e-02 1.000000e-50 1.000000e-50 2.370850e-02 1.855090e-02 1.000000e-50 1.000000e-50 
1.000000e-50 1.399280e-01 1.000000e-50 1.326900e-02 3.136310e-02 1.000000e-50 3.498190e-02 1.000000e-50 3.618820e-03 1.000000e-50 2.412550e-02 1.000000e-50 5.790110e-02 3.015680e-02 1.000000e-50 1.749100e-01 1.000000e-50 1.000000e-50 1.000000e-50 1.000000e-50 7.599520e-02 1.000000e-50 1.000000e-50 1.000000e-50 1.000000e-50 1.000000e-50 1.000000e-50 1.000000e-50 1.000000e-50 1.000000e-50 3.739450e-02 1.000000e-50 9.770810e-02 4.101330e-02 2.412550e-02 1.000000e-50 1.000000e-50 2.653800e-02 1.930040e-02 1.000000e-50 1.809410e-02 2.774430e-02 1.000000e-50 1.000000e-50 1.000000e-50 1.000000e-50 2.653800e-02 4.463210e-02 1.000000e-50 1.000000e-50 5.066340e-02 1.000000e-50 1.000000e-50 1.000000e-50 1.000000e-50 
1.000000e-50 9.588180e-03 4.794090e-03 7.073250e-04 2.271300e-02 1.000000e-50 4.086770e-03 1.000000e-50 1.000000e-50 1.000000e-50 1.000000e-50 1.000000e-50 2.530650e-02 5.194910e-02 1.000000e-50 2.632820e-02 1.000000e-50 1.000000e-50 1.000000e-50 1.000000e-50 1.917640e-02 2.200570e-03 1.454730e-01 1.000000e-50 1.000000e-50 1.000000e-50 1.000000e-50 6.758880e-03 1.000000e-50 1.000000e-50 1.082210e-01 1.000000e-50 1.000000e-50 1.000000e-50 9.981140e-03 2.192710e-02 1.000000e-50 1.430370e-02 2.294090e-01 1.000000e-50 1.000000e-50 8.409310e-03 1.000000e-50 1.000000e-50 1.000000e-50 1.571830e-04 2.033950e-01 2.114120e-02 1.000000e-50 1.000000e-50 5.029860e-03 1.241750e-02 4.652620e-02 1.000000e-50 1.000000e-50 
1.000000e-50 1.000000e-50 1.000000e-50 1.000000e-50 1.000000e-50 6.487080e-02 1.000000e-50 1.253440e-01 1.000000e-50 1.000000e-50 1.000000e-50 1.000000e-50 1.000000e-50 1.000000e-50 1.649260e-03 1.000000e-50 1.924130e-02 5.601980e-01 1.000000e-50 1.000000e-50 1.000000e-50 1.000000e-50 1.000000e-50 1.000000e-50 1.000000e-50 1.000000e-50 1.000000e-50 1.000000e-50 1.000000e-50 6.652010e-02 1.000000e-50 1.000000e-50 1.000000e-50 1.000000e-50 1.000000e-50 1.000000e-50 1.000000e-50 1.000000e-50 1.000000e-50 1.000000e-50 1.000000e-50 1.000000e-50 1.000000e-50 2.913690e-02 1.000000e-50 1.330400e-01 1.000000e-50 1.000000e-50 1.000000e-50 1.000000e-50 1.000000e-50 1.000000e-50 1.000000e-50 1.000000e-50 1.000000e-50 
1.000000e-50 1.827880e-02 1.000000e-50 7.616150e-03 1.294740e-02 1.000000e-50 1.000000e-50 1.000000e-50 1.000000e-50 1.904040e-02 1.000000e-50 1.000000e-50 1.000000e-50 1.000000e-50 1.000000e-50 1.000000e-50 1.000000e-50 1.000000e-50 1.000000e-50 1.000000e-50 6.626050e-02 1.000000e-50 1.000000e-50 1.000000e-50 1.000000e-50 1.000000e-50 1.000000e-50 1.000000e-50 1.000000e-50 1.000000e-50 9.900990e-03 1.000000e-50 7.768470e-02 1.000000e-50 2.056360e-02 1.000000e-50 1.000000e-50 1.000000e-50 1.000000e-50 1.000000e-50 1.000000e-50 6.549890e-02 1.000000e-50 1.000000e-50 1.000000e-50 1.000000e-50 4.569690e-03 6.831680e-01 1.447070e-02 1.000000e-50 1.000000e-50 1.000000e-50 1.000000e-50 1.000000e-50 1.000000e-50 
1.000000e-50 1.000000e-50 1.000000e-50 1.000000e-50 1.000000e-50 1.248240e-02 1.000000e-50 2.095250e-02 2.080390e-03 1.000000e-50 1.000000e-50 1.000000e-50 4.457980e-04 1.000000e-50 1.000000e-50 1.000000e-50 8.618770e-03 1.000000e-50 2.801100e-02 1.000000e-50 1.000000e-50 1.000000e-50 1.000000e-50 1.000000e-50 1.000000e-50 3.952000e-01 1.000000e-50 1.000000e-50 1.411690e-03 1.099640e-02 1.000000e-50 2.463780e-01 1.000000e-50 1.000000e-50 1.000000e-50 1.000000e-50 1.000000e-50 1.000000e-50 1.000000e-50 1.925850e-01 9.733260e-03 1.000000e-50 5.475890e-02 3.789290e-03 1.000000e-50 1.255670e-02 1.000000e-50 1.000000e-50 1.000000e-50 1.000000e-50 1.000000e-50 1.000000e-50 1.000000e-50 1.000000e-50 1.000000e-50 
2.714230e-02 1.000000e-50 1.000000e-50 1.000000e-50 7.367200e-03 1.000000e-50 1.000000e-50 1.000000e-50 1.000000e-50 1.000000e-50 1.000000e-50 1.000000e-50 1.000000e-50 1.000000e-50 1.000000e-50 1.000000e-50 1.000000e-50 1.000000e-50 6.591700e-03 1.000000e-50 1.000000e-50 1.000000e-50 1.000000e-50 1.775880e-01 1.000000e-50 1.000000e-50 4.152770e-01 1.000000e-50 1.000000e-50 1.000000e-50 1.000000e-50 1.000000e-50 1.000000e-50 1.000000e-50 1.000000e-50 1.000000e-50 1.911590e-01 1.000000e-50 1.000000e-50 1.000000e-50 8.995730e-02 1.000000e-50 1.000000e-50 1.000000e-50 1.000000e-50 1.000000e-50 1.000000e-50 1.000000e-50 8.491660e-02 1.000000e-50 1.000000e-50 1.000000e-50 1.000000e-50 1.000000e-50 1.000000e-50 
1.000000e-50 1.000000e-50 1.000000e-50 1.000000e-50 1.000000e-50 1.000000e-50 1.000000e-50 1.000000e-50 1.000000e-50 1.000000e-50 1.000000e-50 1.000000e-50 7.893100e-02 1.000000e-50 1.000000e-50 1.000000e-50 1.000000e-50 1.000000e-50 1.000000e-50 1.000000e-50 1.000000e-50 1.000000e-50 6.463640e-02 1.000000e-50 1.000000e-50 1.000000e-50 1.000000e-50 2.796770e-02 1.000000e-50 1.000000e-50 1.000000e-50 1.000000e-50 1.000000e-50 1.000000e-50 1.000000e-50 2.610320e-02 1.000000e-50 1.000000e-50 7.470480e-01 1.000000e-50 1.000000e-50 1.000000e-50 1.000000e-50 1.000000e-50 1.000000e-50 1.000000e-50 3.045370e-02 8.701060e-03 1.000000e-50 1.000000e-50 1.000000e-50 1.000000e-50 1.615910e-02 1.000000e-50 1.000000e-50 
1.000000e-50 1.063490e-01 1.000000e-50 1.000000e-50 3.650790e-02 1.000000e-50 1.587300e-02 1.000000e-50 1.000000e-50 1.000000e-50 1.000000e-50 1.000000e-50 1.000000e-50 1.000000e-50 1.000000e-50 1.000000e-50 1.000000e-50 1.000000e-50 1.000000e-50 1.000000e-50 1.000000e-50 1.000000e-50 1.000000e-50 1.000000e-50 1.000000e-50 1.000000e-50 1.587300e-02 1.000000e-50 1.000000e-50 1.000000e-50 1.000000e-50 1.000000e-50 3.650790e-02 1.000000e-50 4.126980e-02 1.000000e-50 1.000000e-50 1.000000e-50 1.000000e-50 1.000000e-50 1.000000e-50 1.000000e-50 1.000000e-50 1.000000e-50 1.000000e-50 1.000000e-50 1.000000e-50 7.000000e-01 1.000000e-50 1.000000e-50 4.761900e-02 1.000000e-50 1.000000e-50 1.000000e-50 1.000000e-50 
4.724410e-02 1.000000e-50 1.000000e-50 1.000000e-50 1.000000e-50 1.000000e-50 1.000000e-50 1.522310e-02 1.000000e-50 3.674540e-03 7.874020e-03 1.000000e-50 1.000000e-50 1.000000e-50 1.000000e-50 1.000000e-50 1.000000e-50 2.141730e-01 1.000000e-50 1.049870e-02 1.000000e-50 1.000000e-50 1.000000e-50 1.000000e-50 4.724410e-03 1.000000e-50 1.000000e-50 1.000000e-50 1.000000e-50 5.249340e-02 1.000000e-50 1.000000e-50 1.000000e-50 1.000000e-50 1.000000e-50 5.249340e-04 1.000000e-50 1.000000e-50 1.000000e-50 1.000000e-50 1.000000e-50 1.000000e-50 3.464570e-02 3.952760e-01 1.000000e-50 4.881890e-02 1.000000e-50 1.000000e-50 1.000000e-50 3.149610e-02 1.000000e-50 1.000000e-50 1.000000e-50 1.333330e-01 1.000000e-50 
1.000000e-50 2.556030e-02 1.000000e-50 1.000000e-50 2.291610e-02 1.000000e-50 1.070260e-02 1.000000e-50 2.518260e-03 1.309490e-02 2.543440e-02 1.000000e-50 8.562080e-03 4.192900e-02 1.000000e-50 3.009320e-02 1.000000e-50 1.000000e-50 1.000000e-50 1.000000e-50 2.782670e-02 1.000000e-50 1.626790e-01 1.000000e-50 1.000000e-50 1.000000e-50 1.000000e-50 1.061450e-01 1.000000e-50 1.000000e-50 1.548730e-02 1.000000e-50 9.846390e-02 1.000000e-50 1.649460e-02 1.926470e-02 1.000000e-50 1.901280e-02 7.277760e-02 1.000000e-50 5.540170e-03 2.216070e-02 1.000000e-50 1.000000e-50 1.000000e-50 1.000000e-50 1.571390e-01 1.196170e-02 1.000000e-50 1.000000e-50 1.000000e-50 1.000000e-50 8.423570e-02 1.000000e-50 1.000000e-50 
1.000000e-50 1.000000e-50 1.000000e-50 1.000000e-50 1.000000e-50 6.668460e-02 1.000000e-50 2.083890e-02 1.000000e-50 1.000000e-50 1.000000e-50 1.000000e-50 1.000000e-50 1.000000e-50 1.000000e-50 1.000000e-50 1.000000e-50 1.000000e-50 1.000000e-50 5.746170e-01 1.000000e-50 1.000000e-50 1.000000e-50 1.000000e-50 1.000000e-50 5.781120e-02 1.000000e-50 1.000000e-50 1.000000e-50 1.000000e-50 1.000000e-50 1.859370e-01 1.000000e-50 1.000000e-50 1.000000e-50 1.000000e-50 1.000000e-50 1.000000e-50 1.000000e-50 1.000000e-50 1.000000e-50 1.000000e-50 3.253560e-02 7.528910e-03 1.000000e-50 5.404680e-02 1.000000e-50 1.000000e-50 1.000000e-50 1.000000e-50 1.000000e-50 1.000000e-50 1.000000e-50 1.000000e-50 1.000000e-50 
1.000000e-50 3.006870e-02 1.000000e-50 1.000000e-50 4.337070e-02 1.000000e-50 4.368000e-02 1.000000e-50 1.000000e-50 1.000000e-50 1.000000e-50 1.000000e-50 2.474790e-02 1.144590e-01 1.000000e-50 7.350120e-02 1.000000e-50 1.000000e-50 1.000000e-50 1.000000e-50 1.984160e-01 1.000000e-50 3.848300e-02 1.000000e-50 1.000000e-50 1.000000e-50 1.000000e-50 1.000000e-50 1.000000e-50 1.000000e-50 5.945680e-02 1.000000e-50 1.187900e-01 1.000000e-50 5.382660e-02 1.000000e-50 1.000000e-50 5.122810e-02 7.362490e-03 1.000000e-50 1.000000e-50 4.417500e-02 1.000000e-50 1.000000e-50 1.000000e-50 1.000000e-50 4.565980e-02 3.192480e-02 1.000000e-50 1.000000e-50 1.000000e-50 1.000000e-50 2.085010e-02 1.000000e-50 1.000000e-50 
1.000000e-50 1.446490e-01 2.675590e-02 1.446490e-01 5.602010e-02 1.000000e-50 3.887960e-02 1.000000e-50 1.000000e-50 1.086960e-02 4.933110e-02 1.000000e-50 1.000000e-50 1.000000e-50 1.000000e-50 1.000000e-50 1.000000e-50 1.000000e-50 1.000000e-50 1.000000e-50 1.000000e-50 1.881270e-02 1.000000e-50 1.000000e-50 1.000000e-50 1.000000e-50 2.675590e-02 1.000000e-50 3.637120e-02 1.000000e-50 1.000000e-50 1.000000e-50 1.000000e-50 2.111200e-01 1.145480e-01 1.000000e-50 2.926420e-03 1.000000e-50 1.000000e-50 1.000000e-50 1.000000e-50 3.344480e-03 1.000000e-50 1.000000e-50 1.000000e-50 1.000000e-50 1.000000e-50 3.135450e-02 1.000000e-50 1.000000e-50 6.730770e-02 1.630430e-02 1.000000e-50 1.000000e-50 1.000000e-50 
1.000000e-50 1.000000e-50 1.491730e-02 8.136700e-04 8.218060e-02 1.000000e-50 1.000000e-50 1.000000e-50 1.000000e-50 7.051800e-03 5.695690e-03 1.000000e-50 4.068350e-02 1.000000e-50 1.000000e-50 2.636290e-01 1.000000e-50 1.000000e-50 1.000000e-50 1.000000e-50 5.234610e-02 1.000000e-50 3.878490e-02 1.000000e-50 1.000000e-50 4.610790e-03 1.000000e-50 1.000000e-50 1.000000e-50 1.000000e-50 8.407920e-03 1.000000e-50 1.196090e-01 1.000000e-50 1.681580e-02 1.000000e-50 1.000000e-50 1.000000e-50 1.288310e-01 1.000000e-50 1.000000e-50 6.021160e-02 1.000000e-50 1.000000e-50 1.000000e-50 1.000000e-50 6.753460e-02 7.458640e-02 1.000000e-50 1.000000e-50 8.407920e-03 1.000000e-50 4.882020e-03 1.000000e-50 1.000000e-50 
1.000000e-50 2.564100e-02 1.000000e-50 5.589740e-02 1.282050e-02 1.000000e-50 1.025640e-02 1.000000e-50 7.692310e-03 1.000000e-50 4.512820e-02 1.000000e-50 6.461540e-02 1.000000e-50 1.000000e-50 1.692310e-02 1.000000e-50 1.000000e-50 5.641030e-03 1.000000e-50 2.051280e-03 2.051280e-02 7.179490e-02 1.000000e-50 1.000000e-50 1.000000e-50 1.000000e-50 1.487180e-02 1.000000e-50 1.000000e-50 2.974360e-02 1.000000e-50 2.153850e-02 1.302560e-01 1.000000e-50 1.000000e-50 1.000000e-50 1.000000e-50 1.000000e-50 1.000000e-50 7.179490e-03 1.000000e-50 1.000000e-50 1.000000e-50 1.000000e-50 1.000000e-50 3.333330e-02 1.589740e-02 1.000000e-50 1.000000e-50 1.907690e-01 1.169230e-01 1.005130e-01 1.000000e-50 1.000000e-50 
1.000000e-50 1.154700e-01 1.000000e-50 1.000000e-50 1.000000e-50 1.000000e-50 2.516650e-02 1.000000e-50 1.000000e-50 1.000000e-50 1.000000e-50 1.228720e-01 1.000000e-50 1.000000e-50 8.290160e-02 1.000000e-50 1.000000e-50 1.954110e-01 1.000000e-50 1.000000e-50 7.401920e-03 1.000000e-50 1.000000e-50 8.142120e-03 2.146560e-02 1.000000e-50 2.960770e-03 1.000000e-50 1.000000e-50 1.000000e-50 1.000000e-50 1.000000e-50 1.000000e-50 7.401920e-03 1.000000e-50 1.000000e-50 7.327910e-02 1.000000e-50 1.000000e-50 1.000000e-50 1.000000e-50 1.000000e-50 1.000000e-50 3.197630e-01 8.882310e-03 1.000000e-50 1.000000e-50 1.000000e-50 1.000000e-50 1.000000e-50 1.000000e-50 1.000000e-50 1.000000e-50 1.000000e-50 8.882310e-03 
1.000000e-50 1.716070e-02 1.000000e-50 1.000000e-50 1.185650e-01 1.000000e-50 1.684870e-02 1.000000e-50 1.000000e-50 1.000000e-50 1.000000e-50 1.000000e-50 3.931360e-02 2.496100e-02 1.000000e-50 3.329170e-01 1.000000e-50 1.000000e-50 1.000000e-50 1.000000e-50 1.029640e-02 1.000000e-50 3.681750e-02 1.000000e-50 1.000000e-50 1.000000e-50 1.000000e-50 1.000000e-50 1.000000e-50 1.000000e-50 2.808110e-03 1.000000e-50 1.266770e-01 1.000000e-50 1.000000e-50 1.000000e-50 1.000000e-50 1.466460e-02 1.148210e-01 1.000000e-50 1.000000e-50 5.241810e-02 1.000000e-50 1.000000e-50 1.000000e-50 1.000000e-50 6.864270e-02 1.778470e-02 1.000000e-50 1.000000e-50 1.000000e-50 1.000000e-50 5.304210e-03 1.000000e-50 1.000000e-50 
1.000000e-50 1.155020e-02 1.000000e-50 8.996960e-03 1.422490e-02 1.000000e-50 4.741640e-03 1.000000e-50 1.000000e-50 7.294830e-03 7.294830e-04 1.000000e-50 3.452890e-02 2.796350e-02 1.000000e-50 1.677810e-02 1.000000e-50 1.000000e-50 1.000000e-50 1.000000e-50 9.726440e-03 1.000000e-50 1.676600e-01 1.000000e-50 1.000000e-50 1.000000e-50 1.000000e-50 5.592710e-03 1.000000e-50 1.000000e-50 1.117330e-01 1.000000e-50 1.641340e-02 1.000000e-50 1.000000e-50 2.322190e-02 1.000000e-50 6.443770e-03 1.883280e-01 1.000000e-50 1.000000e-50 2.310030e-03 1.000000e-50 1.000000e-50 1.000000e-50 1.000000e-50 2.823100e-01 1.702130e-02 1.000000e-50 1.000000e-50 1.000000e-50 1.000000e-50 4.243160e-02 1.000000e-50 1.000000e-50 
1.000000e-50 1.000000e-50 1.000000e-50 1.000000e-50 1.000000e-50 1.624430e-01 1.000000e-50 1.297840e-01 1.000000e-50 1.000000e-50 1.000000e-50 1.000000e-50 1.000000e-50 1.000000e-50 1.000000e-50 1.000000e-50 3.946250e-02 6.803880e-03 1.000000e-50 1.306340e-01 1.000000e-50 1.000000e-50 1.000000e-50 1.000000e-50 2.347340e-02 1.000000e-50 1.000000e-50 1.000000e-50 6.378640e-02 1.000000e-50 1.000000e-50 1.000000e-50 1.000000e-50 1.000000e-50 1.000000e-50 1.000000e-50 1.000000e-50 1.000000e-50 1.000000e-50 1.000000e-50 1.000000e-50 1.000000e-50 1.120940e-01 2.891650e-03 7.484270e-03 2.229970e-01 1.000000e-50 6.803880e-04 1.000000e-50 1.581900e-02 1.000000e-50 1.000000e-50 1.000000e-50 8.164650e-02 1.000000e-50 
6.880730e-03 1.000000e-50 1.000000e-50 1.000000e-50 1.000000e-50 1.000000e-50 7.110090e-03 1.000000e-50 1.000000e-50 1.000000e-50 1.000000e-50 1.000000e-50 1.000000e-50 1.000000e-50 1.000000e-50 1.000000e-50 1.000000e-50 1.000000e-50 4.724770e-02 1.000000e-50 1.000000e-50 1.000000e-50 1.000000e-50 1.502290e-01 1.000000e-50 2.431190e-02 1.582570e-02 1.000000e-50 1.192660e-02 1.000000e-50 1.000000e-50 3.417430e-02 1.000000e-50 1.000000e-50 1.000000e-50 1.000000e-50 3.325690e-02 1.000000e-50 1.000000e-50 1.055050e-02 2.674310e-01 1.000000e-50 1.000000e-50 1.000000e-50 1.000000e-50 1.000000e-50 1.000000e-50 1.000000e-50 3.910550e-01 1.000000e-50 1.000000e-50 1.000000e-50 1.000000e-50 1.000000e-50 1.000000e-50 
1.000000e-50 1.000000e-50 9.311510e-03 4.627540e-02 5.361170e-03 1.000000e-50 1.000000e-50 1.000000e-50 1.000000e-50 1.000000e-50 1.819980e-01 1.000000e-50 9.311510e-03 1.000000e-50 1.000000e-50 1.128670e-02 1.000000e-50 1.000000e-50 2.426640e-02 1.000000e-50 1.000000e-50 4.796840e-02 3.668170e-03 1.000000e-50 1.000000e-50 6.207670e-03 1.000000e-50 1.000000e-50 1.000000e-50 1.000000e-50 1.000000e-50 1.000000e-50 2.116250e-02 1.862300e-02 1.000000e-50 1.000000e-50 7.618510e-03 1.000000e-50 1.000000e-50 1.000000e-50 4.373590e-02 1.000000e-50 1.000000e-50 1.000000e-50 4.796840e-03 1.000000e-50 1.128670e-02 3.809260e-02 1.297970e-01 1.000000e-50 1.148420e-01 2.643910e-01 1.000000e-50 1.000000e-50 1.000000e-50 
1.000000e-50 1.000000e-50 1.000000e-50 1.000000e-50 1.000000e-50 1.000000e-50 1.000000e-50 1.000000e-50 1.000000e-50 9.993110e-03 1.826330e-02 1.000000e-50 1.000000e-50 1.000000e-50 1.000000e-50 1.000000e-50 6.237080e-02 1.000000e-50 1.000000e-50 1.000000e-50 1.000000e-50 1.000000e-50 1.000000e-50 1.000000e-50 3.407990e-01 1.000000e-50 1.000000e-50 1.000000e-50 6.891800e-03 1.000000e-50 1.000000e-50 1.000000e-50 1.000000e-50 1.000000e-50 1.000000e-50 1.000000e-50 1.000000e-50 1.000000e-50 1.000000e-50 1.000000e-50 1.000000e-50 1.000000e-50 1.000000e-50 1.447280e-01 1.299100e-01 1.000000e-50 1.000000e-50 1.516200e-02 1.000000e-50 1.716060e-01 1.002760e-01 1.000000e-50 1.000000e-50 1.000000e-50 1.000000e-50 
1.000000e-50 4.654730e-02 1.000000e-50 1.000000e-50 2.608700e-02 1.841430e-02 1.000000e-50 1.000000e-50 5.012790e-02 1.000000e-50 1.000000e-50 5.038360e-01 1.000000e-50 1.000000e-50 8.593350e-02 1.000000e-50 1.000000e-50 9.207160e-02 1.000000e-50 7.672630e-03 1.176470e-02 1.000000e-50 1.000000e-50 1.000000e-50 1.000000e-50 1.000000e-50 1.000000e-50 1.000000e-50 1.000000e-50 1.000000e-50 1.000000e-50 1.000000e-50 1.000000e-50 1.000000e-50 1.000000e-50 1.000000e-50 7.468030e-02 1.000000e-50 1.000000e-50 1.000000e-50 1.000000e-50 1.000000e-50 8.286450e-02 1.000000e-50 1.000000e-50 1.000000e-50 1.000000e-50 1.000000e-50 1.000000e-50 1.000000e-50 1.000000e-50 1.000000e-50 1.000000e-50 1.000000e-50 1.000000e-50 
1.000000e-50 8.699550e-02 2.780270e-02 4.502240e-01 1.000000e-50 1.000000e-50 1.000000e-50 1.000000e-50 1.000000e-50 1.000000e-50 1.165920e-02 1.000000e-50 1.793720e-02 1.000000e-50 1.000000e-50 1.000000e-50 1.000000e-50 1.000000e-50 1.000000e-50 1.000000e-50 1.000000e-50 1.000000e-50 1.000000e-50 1.000000e-50 8.071750e-02 1.000000e-50 6.278030e-03 1.000000e-50 1.000000e-50 1.000000e-50 1.000000e-50 1.000000e-50 1.000000e-50 1.000000e-50 4.035870e-02 1.000000e-50 1.000000e-50 1.000000e-50 1.000000e-50 1.000000e-50 1.000000e-50 6.278030e-03 1.000000e-50 1.000000e-50 1.000000e-50 1.000000e-50 1.000000e-50 1.000000e-50 1.000000e-50 1.000000e-50 2.717490e-01 1.000000e-50 1.000000e-50 1.000000e-50 1.000000e-50 
1.000000e-50 1.000000e-50 1.000000e-50 1.000000e-50 1.000000e-50 1.000000e-50 1.014820e-03 4.566670e-02 3.462550e-01 1.000000e-50 1.000000e-50 1.116300e-02 1.000000e-50 1.000000e-50 1.000000e-50 1.000000e-50 1.000000e-50 1.000000e-50 7.469050e-02 1.000000e-50 1.000000e-50 1.000000e-50 1.000000e-50 3.044450e-02 1.000000e-50 1.000000e-50 1.000000e-50 1.000000e-50 3.044450e-03 3.693930e-02 1.000000e-50 1.000000e-50 1.000000e-50 1.000000e-50 1.000000e-50 1.000000e-50 1.000000e-50 1.000000e-50 1.000000e-50 3.007920e-01 5.337930e-02 1.000000e-50 9.661050e-02 1.000000e-50 1.000000e-50 1.000000e-50 1.000000e-50 1.000000e-50 1.000000e-50 1.000000e-50 1.000000e-50 1.000000e-50 1.000000e-50 1.000000e-50 1.000000e-50 
1.000000e-50 1.000000e-50 1.000000e-50 1.000000e-50 5.587260e-03 1.000000e-50 1.000000e-50 1.000000e-50 1.000000e-50 1.000000e-50 1.000000e-50 1.000000e-50 4.505860e-03 2.258940e-02 1.000000e-50 5.226790e-03 1.000000e-50 1.000000e-50 1.000000e-50 1.000000e-50 1.000000e-50 1.000000e-50 2.319620e-01 1.000000e-50 1.000000e-50 1.000000e-50 1.000000e-50 1.000000e-50 1.000000e-50 2.403120e-04 4.427760e-02 1.000000e-50 1.628120e-02 1.000000e-50 1.000000e-50 4.271550e-02 1.000000e-50 1.000000e-50 1.000000e-50 1.000000e-50 1.000000e-50 7.690000e-03 1.000000e-50 1.000000e-50 1.000000e-50 1.000000e-50 4.412740e-01 9.972960e-03 1.000000e-50 1.000000e-50 1.000000e-50 1.000000e-50 1.676780e-01 1.000000e-50 1.000000e-50 
1.000000e-50 5.143510e-02 1.667690e-03 1.606250e-02 3.010620e-02 1.000000e-50 1.764240e-02 1.000000e-50 1.000000e-50 9.830600e-03 1.325380e-02 1.000000e-50 1.720350e-02 5.538490e-02 1.000000e-50 5.784250e-02 1.000000e-50 1.000000e-50 3.686470e-03 1.667690e-03 5.090850e-02 1.000000e-50 5.046960e-02 1.000000e-50 1.000000e-50 1.000000e-50 1.000000e-50 9.655050e-04 1.000000e-50 1.000000e-50 2.870180e-02 1.000000e-50 3.149300e-01 3.949790e-03 2.615640e-02 7.021860e-04 1.000000e-50 2.931620e-02 8.865090e-03 1.000000e-50 1.035720e-02 1.904680e-02 1.000000e-50 1.000000e-50 4.300890e-03 1.000000e-50 2.080220e-02 9.971030e-02 3.159830e-03 1.000000e-50 2.431320e-02 2.282100e-03 2.080220e-02 4.476430e-03 1.000000e-50 
5.237150e-02 1.000000e-50 1.000000e-50 1.000000e-50 1.000000e-50 1.000000e-50 1.000000e-50 1.000000e-50 1.000000e-50 1.000000e-50 1.000000e-50 1.000000e-50 1.000000e-50 1.000000e-50 1.000000e-50 1.000000e-50 1.000000e-50 1.000000e-50 1.245060e-02 1.794470e-01 1.000000e-50 1.000000e-50 1.000000e-50 3.122530e-02 1.000000e-50 2.470360e-02 1.000000e-50 1.000000e-50 1.000000e-50 1.000000e-50 1.000000e-50 1.243080e-01 1.000000e-50 1.000000e-50 1.000000e-50 1.000000e-50 1.000000e-50 1.000000e-50 1.000000e-50 2.075100e-02 1.383400e-02 1.000000e-50 1.000000e-50 1.000000e-50 1.000000e-50 6.245060e-02 1.000000e-50 1.000000e-50 5.731230e-03 1.000000e-50 1.000000e-50 1.000000e-50 1.000000e-50 4.727270e-01 1.000000e-50 
1.000000e-50 1.194030e-02 1.000000e-50 1.492540e-02 3.880600e-02 1.000000e-50 1.000000e-50 1.000000e-50 1.000000e-50 7.462690e-03 1.000000e-50 1.000000e-50 1.641790e-02 1.000000e-50 1.000000e-50 1.000000e-50 1.000000e-50 1.000000e-50 1.000000e-50 1.000000e-50 1.000000e-50 1.000000e-50 1.000000e-50 1.000000e-50 1.000000e-50 1.000000e-50 1.000000e-50 1.000000e-50 1.000000e-50 1.000000e-50 1.000000e-50 1.000000e-50 2.447760e-01 1.000000e-50 5.522390e-02 1.000000e-50 1.000000e-50 1.000000e-50 1.000000e-50 1.000000e-50 1.492540e-02 1.089550e-01 1.000000e-50 1.000000e-50 1.000000e-50 1.000000e-50 1.000000e-50 4.149250e-01 1.000000e-50 1.000000e-50 7.164180e-02 1.000000e-50 1.000000e-50 1.000000e-50 1.000000e-50 
1.000000e-50 5.579540e-02 1.000000e-50 2.955830e-02 8.967120e-03 1.000000e-50 8.635000e-03 1.000000e-50 1.000000e-50 6.908000e-02 5.679180e-02 1.000000e-50 7.738290e-02 1.036200e-01 1.000000e-50 4.583190e-02 1.000000e-50 1.000000e-50 1.000000e-50 1.000000e-50 7.372970e-02 1.000000e-50 1.000000e-50 1.000000e-50 1.000000e-50 1.000000e-50 1.000000e-50 1.000000e-50 1.000000e-50 1.000000e-50 1.428100e-02 2.656920e-03 8.568580e-02 3.055460e-02 1.000000e-50 1.000000e-50 1.000000e-50 1.000000e-50 7.638660e-03 1.000000e-50 3.420790e-02 3.155100e-02 1.000000e-50 1.000000e-50 1.461310e-02 1.000000e-50 1.000000e-50 1.786780e-01 4.450350e-02 1.000000e-50 2.623710e-02 1.000000e-50 1.000000e-50 1.000000e-50 1.000000e-50 
1.000000e-50 5.306350e-02 2.267510e-01 3.889500e-01 1.832600e-02 1.000000e-50 7.385120e-03 1.000000e-50 1.000000e-50 1.000000e-50 2.270240e-02 1.000000e-50 1.258210e-02 1.000000e-50 1.000000e-50 1.000000e-50 1.000000e-50 1.000000e-50 1.000000e-50 1.000000e-50 1.000000e-50 1.000000e-50 5.196940e-03 1.000000e-50 1.000000e-50 1.000000e-50 1.000000e-50 2.735230e-03 1.000000e-50 1.000000e-50 1.000000e-50 1.000000e-50 1.039390e-02 1.189820e-01 5.661930e-02 1.000000e-50 1.000000e-50 1.000000e-50 1.000000e-50 1.000000e-50 1.000000e-50 1.066740e-02 1.000000e-50 1.000000e-50 1.000000e-50 1.000000e-50 1.000000e-50 5.470460e-03 1.000000e-50 1.000000e-50 6.017510e-02 1.000000e-50 1.000000e-50 1.000000e-50 1.000000e-50 
1.000000e-50 1.057670e-02 1.000000e-50 1.000000e-50 1.863510e-02 1.000000e-50 1.850920e-02 1.000000e-50 1.000000e-50 1.000000e-50 1.000000e-50 1.000000e-50 4.104760e-02 5.842360e-02 1.000000e-50 1.662050e-02 1.000000e-50 1.000000e-50 1.000000e-50 1.000000e-50 3.865530e-02 1.000000e-50 8.398390e-02 1.000000e-50 1.000000e-50 1.000000e-50 1.000000e-50 6.660790e-02 1.000000e-50 1.000000e-50 2.510700e-01 1.000000e-50 2.417530e-02 1.000000e-50 1.183580e-02 6.396370e-02 1.000000e-50 1.548730e-02 1.000000e-50 1.000000e-50 1.000000e-50 1.000000e-50 1.000000e-50 1.000000e-50 1.000000e-50 1.000000e-50 1.000000e-50 4.079580e-02 1.000000e-50 1.000000e-50 1.000000e-50 1.000000e-50 2.396120e-01 1.000000e-50 1.000000e-50 
1.000000e-50 1.000000e-50 1.000000e-50 1.000000e-50 1.000000e-50 1.539160e-01 1.000000e-50 1.000000e-50 1.000000e-50 1.000000e-50 1.000000e-50 1.000000e-50 1.000000e-50 1.000000e-50 1.000000e-50 1.000000e-50 1.000000e-50 1.957940e-02 1.305290e-02 4.840460e-01 1.000000e-50 1.000000e-50 1.000000e-50 1.000000e-50 1.000000e-50 1.000000e-50 1.000000e-50 1.000000e-50 1.000000e-50 2.030460e-02 1.000000e-50 3.081940e-02 1.000000e-50 1.000000e-50 1.000000e-50 1.000000e-50 1.000000e-50 1.000000e-50 1.000000e-50 1.000000e-50 1.000000e-50 1.000000e-50 1.000000e-50 1.000000e-50 1.000000e-50 1.809280e-01 1.000000e-50 1.000000e-50 1.000000e-50 1.000000e-50 1.000000e-50 1.000000e-50 1.000000e-50 9.735320e-02 1.000000e-50 
1.000000e-50 4.440500e-03 1.000000e-50 1.000000e-50 2.664300e-03 1.000000e-50 1.000000e-50 1.000000e-50 1.000000e-50 1.000000e-50 1.000000e-50 1.000000e-50 1.000000e-50 1.000000e-50 7.468920e-01 1.000000e-50 2.202490e-01 1.000000e-50 1.000000e-50 1.000000e-50 1.000000e-50 1.000000e-50 1.000000e-50 1.000000e-50 1.000000e-50 1.000000e-50 3.552400e-03 1.000000e-50 1.000000e-50 2.220250e-02 1.000000e-50 1.000000e-50 1.000000e-50 1.000000e-50 1.000000e-50 1.000000e-50 1.000000e-50 1.000000e-50 1.000000e-50 1.000000e-50 1.000000e-50 1.000000e-50 1.000000e-50 1.000000e-50 1.000000e-50 1.000000e-50 1.000000e-50 1.000000e-50 1.000000e-50 1.000000e-50 1.000000e-50 1.000000e-50 1.000000e-50 1.000000e-50 1.000000e-50 

#DOUBLE_55x3_DISCRETE_SS_EMISSION
1.000000e+00 1.000000e-50 1.000000e-50 
1.128800e-02 4.277570e-03 9.844340e-01 
1.000000e-50 1.000000e-50 1.000000e+00 
1.000000e-50 5.744130e-03 9.942560e-01 
3.575490e-03 5.785800e-02 9.385670e-01 
1.000000e+00 1.000000e-50 1.000000e-50 
4.800480e-03 2.610260e-02 9.690970e-01 
1.000000e+00 1.000000e-50 1.000000e-50 
1.000000e+00 1.000000e-50 1.000000e-50 
1.000000e-50 1.000000e-50 1.000000e+00 
1.000000e+00 1.000000e-50 1.000000e-50 
1.000000e+00 1.000000e-50 1.000000e-50 
4.015610e-02 1.544460e-01 8.053970e-01 
1.000000e-50 8.224430e-02 9.177560e-01 
9.988860e-01 1.000000e-50 1.114210e-03 
1.000000e-50 1.910560e-02 9.808940e-01 
1.000000e+00 1.000000e-50 1.000000e-50 
1.000000e+00 1.000000e-50 1.000000e-50 
1.000000e+00 1.000000e-50 1.000000e-50 
1.000000e+00 1.000000e-50 1.000000e-50 
9.292760e-03 2.294410e-02 9.677630e-01 
7.202880e-03 1.800720e-02 9.747900e-01 
1.000000e-50 1.000000e+00 1.000000e-50 
1.000000e+00 1.000000e-50 1.000000e-50 
1.000000e-50 1.000000e-50 1.000000e+00 
1.000000e+00 1.000000e-50 1.000000e-50 
1.000000e+00 1.000000e-50 1.000000e-50 
1.000000e-50 9.912990e-01 8.701060e-03 
1.560060e-02 1.000000e-50 9.843990e-01 
1.000000e+00 1.000000e-50 1.000000e-50 
1.000000e-50 1.000000e+00 1.000000e-50 
1.000000e+00 1.000000e-50 1.000000e-50 
1.000000e-50 1.163860e-02 9.883610e-01 
1.000000e-50 1.000000e-50 1.000000e+00 
1.000000e-50 2.412220e-03 9.975880e-01 
1.000000e-50 9.676110e-01 3.238870e-02 
1.000000e+00 1.000000e-50 1.000000e-50 
1.000000e-50 1.000000e-50 1.000000e+00 
1.000000e-50 9.980560e-01 1.943630e-03 
1.000000e+00 1.000000e-50 1.000000e-50 
1.000000e+00 1.000000e-50 1.000000e-50 
1.000000e-50 1.328540e-02 9.867150e-01 
1.000000e+00 1.000000e-50 1.000000e-50 
1.000000e+00 1.000000e-50 1.000000e-50 
1.000000e-50 1.000000e-50 1.000000e+00 
1.000000e+00 1.000000e-50 1.000000e-50 
1.000000e-50 1.000000e+00 1.000000e-50 
2.786490e-02 1.907000e-02 9.530650e-01 
1.000000e+00 1.000000e-50 1.000000e-50 
5.029760e-01 1.000000e-50 4.970240e-01 
1.000000e-50 1.000000e-50 1.000000e+00 
1.000000e-50 8.385180e-03 9.916150e-01 
1.000000e-50 9.977510e-01 2.249440e-03 
1.000000e+00 1.000000e-50 1.000000e-50 
9.990900e-01 1.000000e-50 9.099180e-04 

#DOUBLE_55x3_TORUS_TORUS_KAPPA
3.062570e+02 2.120090e+02 1.060820e+02 
4.709850e+00 3.963270e+00 4.619220e-01 
6.009110e+01 6.177780e+01 2.128110e+01 
8.163850e+01 8.678470e+01 3.195900e+01 
9.350140e+00 3.727770e+00 -5.316910e-01 
4.187080e+02 3.526240e+02 1.343480e+02 
2.609600e+01 4.098640e+00 -2.707290e+00 
8.635020e+01 4.881790e+01 1.582650e+01 
2.816670e+02 2.098960e+02 7.936230e+01 
2.627890e+02 1.794230e+02 9.243110e+01 
1.918800e+02 1.366120e+02 6.751590e+01 
2.143800e+01 2.871230e+01 8.512910e+00 
3.151940e+00 3.736160e+00 5.625170e-01 
2.171690e+01 1.906110e+01 5.803560e+00 
2.904060e+01 2.630470e+01 9.378470e+00 
1.205950e+01 1.236730e+01 9.191930e-01 
1.140460e+02 1.285100e+02 5.143360e+01 
1.024400e+02 6.921450e+01 2.855510e+01 
3.610270e+02 3.516620e+02 1.463890e+02 
7.297160e+02 6.068610e+02 2.673390e+02 
7.974640e+01 5.265170e+01 2.188770e+01 
6.954020e+01 4.048590e+01 1.984410e+01 
2.274590e+01 2.691700e+01 4.968620e+00 
1.410510e+02 1.451190e+02 5.350370e+01 
1.392700e+02 1.405300e+02 5.349230e+01 
5.929340e+02 4.715480e+02 1.912470e+02 
2.971690e+01 2.832550e+01 7.250740e+00 
1.535160e+01 1.387630e+01 3.473360e+00 
9.340050e+01 6.829520e+01 2.644030e+01 
1.773370e+02 1.458110e+02 6.218660e+01 
2.076150e+01 2.216310e+01 1.287250e+00 
9.923900e+02 8.953060e+02 3.738940e+02 
8.764460e+00 1.203270e+01 8.265320e-01 
2.241270e+01 2.549970e+01 2.783410e+00 
2.798220e+01 1.963070e+01 7.238580e+00 
3.684260e+00 8.216300e+00 -5.428730e+00 
3.628910e+01 2.377580e+01 1.032750e+01 
5.827430e+01 5.237370e+01 2.002390e+01 
3.517380e+01 2.237980e+01 8.776940e+00 
5.994190e+02 4.462290e+02 2.110540e+02 
1.066910e+02 1.130650e+02 2.545750e+01 
6.814330e+00 1.000780e+01 -7.040150e+00 
2.493310e+02 1.710650e+02 7.827880e+01 
1.930630e+01 1.671430e+01 1.133900e+00 
2.059440e+02 1.552480e+02 7.185390e+01 
3.682730e+02 3.683990e+02 1.458730e+02 
2.439880e+01 4.325480e+01 4.376650e+00 
4.533310e+01 3.476250e+01 1.738690e+01 
2.502380e+02 2.091360e+02 8.673630e+01 
2.012350e+02 2.139450e+02 8.781840e+01 
4.007440e+01 3.604280e+01 1.271440e+01 
1.169050e+02 7.738190e+01 3.728630e+01 
1.063330e+01 1.964980e+01 -1.276610e+00 
2.039980e+02 1.973920e+02 6.925140e+01 
1.184290e+02 8.527760e+01 4.119360e+01 

#DOUBLE_55x2_TORUS_TORUS_KAPPA-ENVELOPE
5.138082e+01 5.138082e+01 
3.523416e+00 3.523416e+00 
2.970735e+01 2.970735e+01 
3.556185e+01 3.556185e+01 
4.207676e+00 4.207676e+00 
1.555874e+02 1.555874e+02 
6.525367e+00 6.525367e+00 
2.966608e+01 2.966608e+01 
9.997255e+01 9.997255e+01 
3.875161e+01 3.875161e+01 
3.415892e+01 3.415892e+01 
1.557656e+01 1.557656e+01 
3.221429e+00 3.221429e+00 
1.154965e+01 1.154965e+01 
1.315189e+01 1.315189e+01 
1.142161e+01 1.142161e+01 
3.739305e+01 3.739305e+01 
3.024374e+01 3.024374e+01 
1.072649e+02 1.072649e+02 
1.864851e+02 1.864851e+02 
2.307859e+01 2.307859e+01 
1.355132e+01 1.355132e+01 
2.078956e+01 2.078956e+01 
6.010879e+01 6.010879e+01 
5.496587e+01 5.496587e+01 
1.901537e+02 1.901537e+02 
1.904945e+01 1.904945e+01 
9.655316e+00 9.655316e+00 
3.199187e+01 3.199187e+01 
5.121994e+01 5.121994e+01 
2.082820e+01 2.082820e+01 
2.967500e+02 2.967500e+02 
1.118386e+01 1.118386e+01 
2.241374e+01 2.241374e+01 
1.030974e+01 1.030974e+01 
1.031031e+01 1.031031e+01 
1.000550e+01 1.000550e+01 
2.277354e+01 2.277354e+01 
1.112944e+01 1.112944e+01 
1.219964e+02 1.219964e+02 
7.992475e+01 7.992475e+01 
1.337362e+01 1.337362e+01 
5.797962e+01 5.797962e+01 
1.554523e+01 1.554523e+01 
4.623624e+01 4.623624e+01 
1.283293e+02 1.283293e+02 
3.807288e+01 3.807288e+01 
8.589799e+00 8.589799e+00 
7.749530e+01 7.749530e+01 
6.057597e+01 6.057597e+01 
1.808696e+01 1.808696e+01 
2.374005e+01 2.374005e+01 
2.074414e+01 2.074414e+01 
9.338226e+01 9.338226e+01 
2.356360e+01 2.356360e+01 

#DOUBLE_55x2_TORUS_TORUS_MU
-1.122920e+00 -3.324470e-01 
-1.743360e+00 -5.310510e-01 
-1.665600e+00 1.590380e-01 
-1.440890e+00 -2.033880e-01 
-2.279940e+00 1.648150e+00 
-1.189240e+00 -6.261550e-01 
-1.436940e+00 1.312800e+00 
-1.296640e+00 -5.955260e-01 
-1.013940e+00 -7.417400e-01 
-1.028400e+00 -5.351750e-01 
-9.971120e-01 -5.550390e-01 
-1.630960e+00 -4.051180e-01 
1.829350e+00 -2.937160e+00 
-1.443490e+00 2.914640e+00 
-1.826650e+00 1.242530e-01 
-2.463030e+00 2.748550e+00 
-1.539680e+00 -1.435610e-01 
-1.303480e+00 -8.162780e-01 
-1.158660e+00 -5.899070e-01 
-1.152680e+00 -7.520420e-01 
-1.100500e+00 2.503160e+00 
-1.385830e+00 -1.159450e-01 
-2.233400e+00 2.681670e+00 
-1.016960e+00 -5.498510e-01 
-1.621350e+00 1.084000e-01 
-1.073230e+00 -7.754970e-01 
-9.477130e-01 -8.466190e-01 
-1.664280e+00 -5.180360e-01 
-1.388070e+00 5.424280e-02 
-1.135630e+00 -4.983180e-01 
-1.404460e+00 2.402660e+00 
-1.091800e+00 -7.064250e-01 
-1.549130e+00 2.411860e+00 
-1.168010e+00 -6.767470e-01 
-1.900070e+00 -1.932200e-01 
-1.731060e+00 1.960600e+00 
-1.078410e+00 -4.071690e-01 
-1.270220e+00 -5.754890e-01 
-2.652350e+00 2.632550e+00 
-1.061220e+00 -6.520800e-01 
-9.975290e-01 -8.752800e-01 
-1.403160e+00 2.083280e+00 
-1.107300e+00 -4.766330e-01 
-1.528690e+00 -6.040450e-01 
-1.154710e+00 -2.640680e-01 
-1.177660e+00 -8.320560e-01 
-2.059750e+00 2.266940e+00 
1.250460e+00 3.643800e-01 
-1.021990e+00 -6.836980e-01 
-1.392390e+00 -2.142760e-01 
-1.912200e+00 2.671650e-01 
-1.067620e+00 -4.046660e-01 
-1.869390e+00 2.020230e+00 
-1.140330e+00 -6.959590e-01 
-1.232930e+00 -2.009830e-01 

#DOUBLE_55x2_TORUS_TORUS_MU-ENVELOPE
0.000000e+00 -0.000000e+00 
0.000000e+00 -0.000000e+00 
0.000000e+00 -0.000000e+00 
0.000000e+00 -0.000000e+00 
0.000000e+00 -0.000000e+00 
0.000000e+00 -0.000000e+00 
0.000000e+00 -0.000000e+00 
0.000000e+00 -0.000000e+00 
0.000000e+00 -0.000000e+00 
0.000000e+00 -0.000000e+00 
0.000000e+00 -0.000000e+00 
0.000000e+00 -0.000000e+00 
0.000000e+00 -0.000000e+00 
0.000000e+00 -0.000000e+00 
0.000000e+00 -0.000000e+00 
0.000000e+00 -0.000000e+00 
0.000000e+00 -0.000000e+00 
0.000000e+00 -0.000000e+00 
0.000000e+00 -0.000000e+00 
0.000000e+00 -0.000000e+00 
0.000000e+00 -0.000000e+00 
0.000000e+00 -0.000000e+00 
0.000000e+00 -0.000000e+00 
0.000000e+00 -0.000000e+00 
0.000000e+00 -0.000000e+00 
0.000000e+00 -0.000000e+00 
0.000000e+00 -0.000000e+00 
0.000000e+00 -0.000000e+00 
0.000000e+00 -0.000000e+00 
0.000000e+00 -0.000000e+00 
0.000000e+00 -0.000000e+00 
0.000000e+00 -0.000000e+00 
0.000000e+00 -0.000000e+00 
0.000000e+00 -0.000000e+00 
0.000000e+00 -0.000000e+00 
0.000000e+00 -0.000000e+00 
0.000000e+00 -0.000000e+00 
0.000000e+00 -0.000000e+00 
0.000000e+00 -0.000000e+00 
0.000000e+00 -0.000000e+00 
0.000000e+00 -0.000000e+00 
0.000000e+00 -0.000000e+00 
0.000000e+00 -0.000000e+00 
0.000000e+00 -0.000000e+00 
0.000000e+00 -0.000000e+00 
0.000000e+00 -0.000000e+00 
0.000000e+00 -0.000000e+00 
0.000000e+00 -0.000000e+00 
0.000000e+00 -0.000000e+00 
0.000000e+00 -0.000000e+00 
0.000000e+00 -0.000000e+00 
0.000000e+00 -0.000000e+00 
0.000000e+00 -0.000000e+00 
0.000000e+00 -0.000000e+00 
0.000000e+00 -0.000000e+00 

#DOUBLE_55x2_TORUS_TORUS_PROPORTION-ENVELOPE
5.000000e-01 5.000000e-01 
5.000000e-01 5.000000e-01 
5.000000e-01 5.000000e-01 
5.000000e-01 5.000000e-01 
5.000000e-01 5.000000e-01 
5.000000e-01 5.000000e-01 
5.000000e-01 5.000000e-01 
5.000000e-01 5.000000e-01 
5.000000e-01 5.000000e-01 
5.000000e-01 5.000000e-01 
5.000000e-01 5.000000e-01 
5.000000e-01 5.000000e-01 
5.000000e-01 5.000000e-01 
5.000000e-01 5.000000e-01 
5.000000e-01 5.000000e-01 
5.000000e-01 5.000000e-01 
5.000000e-01 5.000000e-01 
5.000000e-01 5.000000e-01 
5.000000e-01 5.000000e-01 
5.000000e-01 5.000000e-01 
5.000000e-01 5.000000e-01 
5.000000e-01 5.000000e-01 
5.000000e-01 5.000000e-01 
5.000000e-01 5.000000e-01 
5.000000e-01 5.000000e-01 
5.000000e-01 5.000000e-01 
5.000000e-01 5.000000e-01 
5.000000e-01 5.000000e-01 
5.000000e-01 5.000000e-01 
5.000000e-01 5.000000e-01 
5.000000e-01 5.000000e-01 
5.000000e-01 5.000000e-01 
5.000000e-01 5.000000e-01 
5.000000e-01 5.000000e-01 
5.000000e-01 5.000000e-01 
5.000000e-01 5.000000e-01 
5.000000e-01 5.000000e-01 
5.000000e-01 5.000000e-01 
5.000000e-01 5.000000e-01 
5.000000e-01 5.000000e-01 
5.000000e-01 5.000000e-01 
5.000000e-01 5.000000e-01 
5.000000e-01 5.000000e-01 
5.000000e-01 5.000000e-01 
5.000000e-01 5.000000e-01 
5.000000e-01 5.000000e-01 
5.000000e-01 5.000000e-01 
5.000000e-01 5.000000e-01 
5.000000e-01 5.000000e-01 
5.000000e-01 5.000000e-01 
5.000000e-01 5.000000e-01 
5.000000e-01 5.000000e-01 
5.000000e-01 5.000000e-01 
5.000000e-01 5.000000e-01 
5.000000e-01 5.000000e-01 


