#DOUBLE_1x60_DISCRETE_HIDDEN_START
3.176796e-02  1.657459e-02  2.140884e-02  1.000000e-50  1.000000e-50  1.000000e-50  1.519337e-02  1.000000e-50  1.000000e-50  3.038674e-02  4.005525e-02  1.567680e-01  6.215470e-03  1.174033e-02  1.000000e-50  2.348066e-02  2.071823e-02  1.000000e-50  3.591160e-02  7.044199e-02  8.287293e-02  1.000000e-50  1.450276e-02  1.000000e-50  1.000000e-50  1.332873e-01  1.174033e-02  1.000000e-50  1.000000e-50  1.588398e-02  5.110497e-02  1.000000e-50  5.524862e-03  1.000000e-50  1.000000e-50  1.000000e-50  4.765193e-02  5.524862e-03  1.450276e-02  1.000000e-50  1.000000e-50  2.900552e-02  1.243094e-02  1.000000e-50  2.762431e-02  1.000000e-50  1.312155e-02  1.000000e-50  1.000000e-50  1.000000e-50  1.104972e-02  1.035912e-02  1.000000e-50  1.000000e-50  1.035912e-02  2.279006e-02  1.000000e-50  1.000000e-50  1.000000e-50  1.000000e-50  

#DOUBLE_60x60_DISCRETE_HIDDEN_TRANSITION
1.457640e-01  9.976569e-02  1.000000e-50  1.000000e-50  1.000000e-50  1.000000e-50  1.000000e-50  1.000000e-50  1.000000e-50  1.000000e-50  1.000000e-50  3.822913e-03  1.000000e-50  1.000000e-50  1.000000e-50  1.000000e-50  1.000000e-50  1.479837e-03  6.659267e-03  1.000000e-50  2.589715e-03  1.000000e-50  1.000000e-50  1.000000e-50  4.686151e-03  6.165988e-03  6.535948e-03  1.000000e-50  1.000000e-50  1.000000e-50  1.000000e-50  1.000000e-50  1.000000e-50  1.000000e-50  1.000000e-50  3.230978e-02  1.833765e-01  4.069552e-03  1.000000e-50  6.301640e-02  1.000000e-50  3.699593e-04  3.145887e-01  2.836355e-03  1.000000e-50  6.720927e-02  5.006783e-02  1.000000e-50  1.000000e-50  1.000000e-50  4.562831e-03  1.000000e-50  1.000000e-50  1.000000e-50  1.000000e-50  1.000000e-50  1.000000e-50  1.000000e-50  1.233198e-04  1.000000e-50 
2.806502e-01  1.220133e-01  1.000000e-50  1.000000e-50  4.896201e-03  1.000000e-50  2.154328e-03  1.000000e-50  1.000000e-50  1.000000e-50  1.000000e-50  1.000000e-50  1.000000e-50  1.000000e-50  1.000000e-50  1.000000e-50  1.000000e-50  1.000000e-50  4.112808e-03  1.000000e-50  1.000000e-50  1.000000e-50  1.000000e-50  1.958480e-04  1.000000e-50  1.000000e-50  1.566784e-03  1.000000e-50  6.071289e-03  1.000000e-50  1.000000e-50  1.000000e-50  1.000000e-50  1.000000e-50  1.000000e-50  9.420290e-02  1.067372e-01  1.000000e-50  1.000000e-50  5.777517e-02  1.000000e-50  1.000000e-50  5.522914e-02  5.679593e-03  1.000000e-50  2.252252e-02  4.132393e-02  1.000000e-50  1.000000e-50  1.000000e-50  1.077164e-02  1.000000e-50  7.833921e-04  1.000000e-50  1.833137e-01  1.000000e-50  1.000000e-50  1.000000e-50  1.000000e-50  1.000000e-50 
3.219316e-03  1.207243e-02  1.000000e-50  1.000000e-50  1.000000e-50  2.132797e-02  2.579477e-01  1.000000e-50  1.000000e-50  2.897384e-02  1.000000e-50  8.772636e-02  1.000000e-50  1.690141e-02  1.000000e-50  1.000000e-50  8.450704e-03  8.450704e-03  1.000000e-50  1.000000e-50  3.058350e-02  1.000000e-50  1.287726e-02  1.000000e-50  1.247485e-02  4.024145e-02  1.167002e-02  1.000000e-50  1.000000e-50  6.036217e-03  3.219316e-03  2.213280e-02  4.426559e-03  1.000000e-50  1.000000e-50  1.000000e-50  1.649899e-02  1.448692e-02  5.754527e-02  1.000000e-50  2.615694e-02  9.577465e-02  1.000000e-50  1.000000e-50  2.293763e-02  7.645875e-03  1.000000e-50  1.000000e-50  5.633803e-02  1.000000e-50  8.048290e-03  9.738431e-02  1.000000e-50  1.000000e-50  1.000000e-50  1.000000e-50  1.000000e-50  6.841046e-03  1.609658e-03  1.000000e-50 
1.000000e-50  1.000000e-50  1.000000e-50  1.000000e-50  1.000000e-50  1.000000e-50  1.875000e-02  1.000000e-50  1.000000e-50  1.000000e-50  1.000000e-50  1.000000e-50  1.000000e-50  1.000000e-50  1.000000e-50  1.000000e-50  1.000000e-50  1.093750e-02  1.000000e-50  1.000000e-50  1.000000e-50  1.000000e-50  6.875000e-02  3.125000e-03  1.000000e-50  6.281250e-01  5.781250e-02  1.000000e-50  1.000000e-50  1.000000e-50  1.000000e-50  1.000000e-50  1.000000e-50  1.000000e-50  1.000000e-50  1.000000e-50  1.000000e-50  1.000000e-50  3.281250e-02  1.000000e-50  1.265625e-01  1.000000e-50  1.000000e-50  1.000000e-50  1.000000e-50  1.000000e-50  1.000000e-50  1.000000e-50  1.000000e-50  1.000000e-50  1.562500e-02  2.187500e-02  1.000000e-50  1.000000e-50  1.000000e-50  1.562500e-02  1.000000e-50  1.000000e-50  1.000000e-50  1.000000e-50 
7.619048e-02  1.000000e-50  1.000000e-50  1.000000e-50  1.904762e-02  1.000000e-50  1.000000e-50  1.000000e-50  4.761905e-03  1.000000e-50  1.000000e-50  1.000000e-50  1.000000e-50  1.000000e-50  1.000000e-50  1.000000e-50  1.000000e-50  1.000000e-50  1.000000e-50  1.000000e-50  1.000000e-50  1.000000e-50  1.000000e-50  1.000000e-50  1.000000e-50  1.000000e-50  1.000000e-50  1.000000e-50  1.000000e-50  1.000000e-50  1.000000e-50  1.000000e-50  1.000000e-50  1.000000e-50  1.000000e-50  3.047619e-01  2.238095e-01  1.000000e-50  1.000000e-50  1.000000e-50  1.000000e-50  1.000000e-50  1.000000e-50  4.285714e-02  1.000000e-50  1.000000e-50  2.428571e-01  1.000000e-50  1.000000e-50  1.000000e-50  2.380952e-02  1.000000e-50  1.000000e-50  1.000000e-50  6.190476e-02  1.000000e-50  1.000000e-50  1.000000e-50  1.000000e-50  1.000000e-50 
1.000000e-50  1.000000e-50  1.000000e-50  1.000000e-50  1.000000e-50  1.000000e-50  1.000000e-50  1.000000e-50  1.000000e-50  1.000000e-50  1.000000e-50  1.000000e-50  1.000000e-50  1.000000e-50  1.000000e-50  1.000000e-50  1.000000e-50  1.000000e-50  1.000000e-50  1.000000e-50  1.000000e-50  1.000000e-50  1.000000e-50  1.000000e-50  1.000000e-50  1.000000e-50  1.000000e-50  1.000000e-50  1.000000e-50  6.568365e-02  7.636282e-01  1.000000e-50  1.000000e-50  1.000000e-50  1.000000e-50  1.000000e-50  1.000000e-50  1.000000e-50  1.000000e-50  1.000000e-50  1.000000e-50  1.000000e-50  1.000000e-50  1.000000e-50  1.000000e-50  1.000000e-50  1.000000e-50  1.000000e-50  2.234138e-03  1.000000e-50  1.000000e-50  1.000000e-50  1.000000e-50  1.000000e-50  1.000000e-50  5.495979e-02  1.000000e-50  1.000000e-50  1.000000e-50  1.134942e-01 
6.048387e-03  1.000000e-50  1.000000e-50  1.000000e-50  1.000000e-50  1.000000e-50  1.000000e-50  1.000000e-50  1.000000e-50  1.000000e-50  1.000000e-50  1.664747e-01  1.000000e-50  2.390553e-02  1.987327e-02  1.000000e-50  1.000000e-50  3.917051e-02  9.792627e-03  1.000000e-50  1.000000e-50  1.000000e-50  3.197005e-02  9.792627e-03  8.928571e-03  2.474078e-01  8.640553e-03  1.000000e-50  3.168203e-02  4.061060e-02  1.000000e-50  1.000000e-50  2.044931e-02  1.000000e-50  1.000000e-50  1.000000e-50  2.102535e-02  5.472350e-02  1.000000e-50  1.000000e-50  1.000000e-50  5.328341e-02  1.000000e-50  1.000000e-50  6.480415e-02  1.000000e-50  2.016129e-02  1.000000e-50  5.673963e-02  1.000000e-50  2.649770e-02  9.792627e-03  1.958525e-02  1.000000e-50  1.000000e-50  5.472350e-03  1.000000e-50  1.000000e-50  3.168203e-03  1.000000e-50 
1.000000e-50  1.000000e-50  1.000000e-50  1.850508e-01  1.000000e-50  1.850508e-02  8.708273e-03  1.000000e-50  1.000000e-50  1.000000e-50  1.000000e-50  1.415094e-02  1.814224e-03  5.079826e-03  1.161103e-02  4.354136e-03  7.256894e-03  1.632801e-02  6.531205e-03  1.000000e-50  1.000000e-50  1.000000e-50  1.052250e-02  1.821480e-01  2.068215e-02  9.325109e-02  4.716981e-03  1.000000e-50  8.345428e-03  3.628447e-03  1.000000e-50  1.000000e-50  4.245283e-02  4.027576e-02  1.000000e-50  1.000000e-50  1.000000e-50  4.317852e-02  1.000000e-50  1.000000e-50  1.124819e-02  3.483309e-02  1.000000e-50  1.000000e-50  3.483309e-02  1.000000e-50  1.269956e-02  1.000000e-50  7.946299e-02  1.000000e-50  1.000000e-50  1.000000e-50  9.833091e-02  1.000000e-50  1.000000e-50  1.000000e-50  1.000000e-50  1.000000e-50  1.000000e-50  1.000000e-50 
1.442741e-02  4.508566e-02  1.000000e-50  7.213706e-03  1.000000e-50  1.000000e-50  2.119026e-02  1.000000e-50  6.762849e-03  1.000000e-50  1.000000e-50  1.735798e-01  1.000000e-50  5.861136e-03  1.000000e-50  1.000000e-50  1.000000e-50  1.000000e-50  2.434626e-02  1.000000e-50  1.000000e-50  1.000000e-50  4.057710e-03  1.000000e-50  7.664563e-03  3.291253e-01  2.524797e-02  1.000000e-50  2.930568e-02  5.861136e-03  1.000000e-50  1.000000e-50  1.000000e-50  1.577998e-02  1.000000e-50  1.000000e-50  8.250676e-02  1.713255e-02  1.577998e-02  1.000000e-50  1.668170e-02  4.012624e-02  2.569883e-02  1.000000e-50  1.713255e-02  6.311993e-03  2.209197e-02  1.000000e-50  1.000000e-50  1.000000e-50  3.606853e-03  1.397656e-02  1.803427e-03  1.000000e-50  1.000000e-50  2.164112e-02  1.000000e-50  1.000000e-50  1.000000e-50  1.000000e-50 
1.993980e-02  6.019564e-03  5.831452e-02  1.000000e-50  1.000000e-50  1.000000e-50  5.680963e-02  1.000000e-50  8.276900e-03  3.009782e-02  1.000000e-50  1.264108e-01  1.000000e-50  4.176072e-02  3.686983e-02  1.000000e-50  1.203913e-02  1.000000e-50  1.000000e-50  3.686983e-02  6.245297e-02  1.015801e-02  1.617758e-02  1.000000e-50  6.019564e-03  7.072987e-02  1.542513e-02  1.000000e-50  1.000000e-50  1.000000e-50  1.000000e-50  1.000000e-50  1.000000e-50  1.000000e-50  1.000000e-50  1.000000e-50  3.461249e-02  1.000000e-50  8.991723e-02  1.000000e-50  4.890895e-02  1.429646e-02  1.000000e-50  1.000000e-50  1.316780e-02  1.000000e-50  7.524454e-04  1.000000e-50  1.000000e-50  1.000000e-50  2.106847e-02  5.455229e-02  1.000000e-50  1.000000e-50  7.148232e-03  7.411588e-02  2.708804e-02  1.000000e-50  1.000000e-50  1.000000e-50 
2.202643e-02  1.000000e-50  1.365639e-02  1.000000e-50  1.000000e-50  1.000000e-50  1.000000e-50  1.000000e-50  1.000000e-50  3.480176e-02  1.000000e-50  1.757709e-01  2.246696e-02  2.511013e-02  1.000000e-50  5.462555e-02  1.000000e-01  1.000000e-50  1.000000e-50  3.348018e-02  1.334802e-01  1.000000e-50  5.594714e-02  1.000000e-50  1.000000e-50  9.955947e-02  3.876652e-02  1.000000e-50  1.000000e-50  3.127753e-02  1.000000e-50  1.000000e-50  4.361233e-02  1.000000e-50  1.000000e-50  1.000000e-50  1.000000e-50  1.000000e-50  1.000000e-50  1.000000e-50  1.000000e-50  1.000000e-50  1.000000e-50  1.000000e-50  9.251101e-03  1.000000e-50  2.555066e-02  1.000000e-50  1.000000e-50  1.000000e-50  3.612335e-02  1.000000e-50  1.000000e-50  1.000000e-50  1.000000e-50  1.000000e-50  1.000000e-50  1.000000e-50  4.449339e-02  1.000000e-50 
1.869343e-02  1.790634e-02  1.141283e-02  1.000000e-50  3.935458e-04  1.862784e-02  1.000000e-50  1.000000e-50  1.000000e-50  1.770956e-02  5.548996e-02  1.668634e-01  1.000000e-50  1.980847e-02  1.889020e-02  1.069133e-02  1.016660e-02  3.804277e-03  4.834055e-02  1.420045e-01  1.364292e-02  1.000000e-50  2.472780e-02  3.673095e-03  1.069133e-02  6.742752e-02  1.606979e-02  1.000000e-50  3.528794e-02  5.903188e-03  9.445100e-03  6.099961e-03  4.788141e-03  1.000000e-50  1.000000e-50  4.722550e-03  3.056539e-02  4.761905e-02  1.000000e-50  1.000000e-50  3.627181e-02  4.197822e-03  1.246229e-02  1.000000e-50  3.778040e-02  2.820412e-03  1.219992e-02  1.311819e-04  2.420307e-02  1.000000e-50  1.547947e-02  1.000000e-50  2.295684e-03  1.000000e-50  6.887052e-03  1.000000e-50  1.000000e-50  1.000000e-50  3.804277e-03  1.000000e-50 
4.040404e-02  1.000000e-50  9.090909e-02  1.000000e-50  1.000000e-50  4.040404e-02  1.000000e-50  1.000000e-50  1.000000e-50  5.723906e-02  1.000000e-50  1.010101e-02  7.744108e-02  1.010101e-02  1.000000e-50  1.000000e-50  4.377104e-02  1.000000e-50  1.000000e-50  2.861953e-01  1.851852e-01  1.000000e-50  1.346801e-02  1.000000e-50  1.000000e-50  1.000000e-50  1.000000e-50  1.000000e-50  1.000000e-50  1.000000e-50  1.000000e-50  1.000000e-50  6.734007e-02  1.000000e-50  1.000000e-50  1.000000e-50  1.000000e-50  1.000000e-50  1.000000e-50  1.000000e-50  1.000000e-50  2.693603e-02  1.000000e-50  1.000000e-50  5.050505e-02  1.000000e-50  1.000000e-50  1.000000e-50  1.000000e-50  1.000000e-50  1.000000e-50  1.000000e-50  1.000000e-50  1.000000e-50  1.000000e-50  1.000000e-50  1.000000e-50  1.000000e-50  1.000000e-50  1.000000e-50 
8.900524e-03  7.329843e-03  3.350785e-02  1.000000e-50  2.094241e-03  3.403141e-02  1.000000e-50  4.136126e-02  1.000000e-50  2.670157e-02  5.392670e-02  8.900524e-02  8.376963e-03  2.931937e-02  4.240838e-02  1.099476e-02  1.000000e-50  5.759162e-03  7.329843e-03  2.827225e-02  6.125654e-02  1.000000e-50  2.146597e-02  9.947644e-03  1.000000e-50  5.078534e-02  6.282723e-03  1.000000e-50  1.000000e-50  1.099476e-02  4.083770e-02  1.000000e-50  9.947644e-03  1.000000e-50  1.000000e-50  1.000000e-50  1.780105e-02  1.000000e-50  5.811518e-02  1.000000e-50  8.376963e-03  1.780105e-02  1.000000e-50  5.235602e-04  1.308901e-02  1.000000e-50  1.465969e-02  1.000000e-50  3.507853e-02  1.000000e-50  1.675393e-02  1.471204e-01  1.000000e-50  1.000000e-50  1.256545e-02  1.727749e-02  1.000000e-50  1.000000e-50  1.000000e-50  1.000000e-50 
1.000000e-50  1.000000e-50  4.570384e-02  1.000000e-50  1.000000e-50  1.000000e-50  2.010969e-02  1.486898e-01  1.000000e-50  1.000000e-50  1.000000e-50  6.398537e-03  1.828154e-03  1.000000e-50  1.000000e-50  1.000000e-50  1.000000e-50  1.000000e-50  1.000000e-50  1.000000e-50  1.000000e-50  1.000000e-50  1.000000e-50  1.000000e-50  1.000000e-50  1.000000e-50  1.000000e-50  1.000000e-50  1.000000e-50  1.000000e-50  2.437538e-03  1.000000e-50  1.000000e-50  1.000000e-50  1.000000e-50  1.000000e-50  1.000000e-50  1.000000e-50  4.905545e-01  1.000000e-50  1.000000e-50  1.188300e-02  1.000000e-50  1.000000e-50  1.000000e-50  1.000000e-50  1.000000e-50  1.000000e-50  1.000000e-50  1.000000e-50  1.000000e-50  1.691042e-01  1.000000e-50  1.000000e-50  1.000000e-50  1.000000e-50  1.032907e-01  1.000000e-50  1.000000e-50  1.000000e-50 
1.000000e-50  1.000000e-50  9.233792e-02  1.000000e-50  1.000000e-50  1.000000e-50  1.000000e-50  1.000000e-50  1.000000e-50  1.000000e-50  1.000000e-50  2.416503e-01  2.946955e-03  3.831041e-02  2.750491e-02  1.000000e-50  6.483301e-02  1.000000e-50  1.000000e-50  1.856582e-01  1.424361e-01  1.000000e-50  3.536346e-02  1.000000e-50  1.000000e-50  1.000000e-50  3.634578e-02  1.000000e-50  1.000000e-50  1.000000e-50  1.000000e-50  1.000000e-50  1.000000e-50  3.929273e-03  1.000000e-50  1.000000e-50  4.322200e-02  2.455796e-02  1.000000e-50  1.000000e-50  1.000000e-50  1.000000e-50  1.000000e-50  1.000000e-50  2.259332e-02  1.000000e-50  1.000000e-50  1.000000e-50  1.000000e-50  1.000000e-50  3.831041e-02  1.000000e-50  1.000000e-50  1.000000e-50  1.000000e-50  1.000000e-50  1.000000e-50  1.000000e-50  1.000000e-50  1.000000e-50 
1.000000e-50  1.000000e-50  5.421687e-03  1.000000e-50  1.000000e-50  1.000000e-50  1.084337e-02  1.000000e-50  1.626506e-02  1.000000e-50  1.000000e-50  2.301205e-01  1.000000e-50  1.000000e-50  1.000000e-50  5.060241e-02  8.975904e-02  1.000000e-50  1.807229e-02  1.927711e-02  1.789157e-01  1.000000e-50  2.590361e-02  5.421687e-03  1.000000e-50  6.445783e-02  1.000000e-50  1.000000e-50  1.000000e-50  1.000000e-50  3.734940e-02  3.493976e-02  1.000000e-50  1.000000e-50  9.638554e-03  1.000000e-50  4.638554e-02  8.433735e-03  1.927711e-02  1.000000e-50  3.313253e-02  1.506024e-02  1.000000e-50  1.000000e-50  9.638554e-03  1.000000e-50  1.000000e-50  1.000000e-50  1.000000e-50  1.000000e-50  3.072289e-02  7.831325e-03  1.000000e-50  1.000000e-50  3.253012e-02  1.000000e-50  1.000000e-50  1.000000e-50  1.000000e-50  1.000000e-50 
1.000000e-50  1.000000e-50  2.801679e-01  1.000000e-50  1.000000e-50  1.000000e-50  1.000000e-50  1.000000e-50  1.000000e-50  1.000000e-50  1.000000e-50  3.567681e-02  1.000000e-50  1.000000e-50  1.227702e-01  1.000000e-50  1.000000e-50  1.000000e-50  1.000000e-50  3.976915e-01  1.000000e-50  1.000000e-50  2.308499e-02  1.000000e-50  1.000000e-50  1.000000e-50  1.000000e-50  1.000000e-50  1.000000e-50  1.000000e-50  1.259182e-01  1.000000e-50  1.000000e-50  1.000000e-50  1.000000e-50  1.469045e-02  1.000000e-50  1.000000e-50  1.000000e-50  1.000000e-50  1.000000e-50  1.000000e-50  1.000000e-50  1.000000e-50  1.000000e-50  1.000000e-50  1.000000e-50  1.000000e-50  1.000000e-50  1.000000e-50  1.000000e-50  1.000000e-50  1.000000e-50  1.000000e-50  1.000000e-50  1.000000e-50  1.000000e-50  1.000000e-50  1.000000e-50  1.000000e-50 
1.000000e-50  1.138868e-02  1.983835e-02  2.939015e-03  1.000000e-50  1.168259e-01  3.526819e-02  1.065393e-02  1.000000e-50  1.542983e-02  1.000000e-50  1.000000e-50  1.000000e-50  9.551800e-03  1.392359e-01  1.000000e-50  1.000000e-50  1.000000e-50  1.000000e-50  2.645114e-02  1.000000e-50  1.000000e-50  1.000000e-50  1.800147e-02  1.000000e-50  1.000000e-50  2.681852e-02  1.000000e-50  1.000000e-50  3.416605e-02  2.994122e-01  3.196179e-02  1.000000e-50  1.689934e-02  1.000000e-50  1.000000e-50  1.000000e-50  1.000000e-50  9.735489e-02  1.000000e-50  1.000000e-50  1.065393e-02  1.000000e-50  1.000000e-50  1.000000e-50  1.000000e-50  1.000000e-50  1.000000e-50  1.000000e-50  1.000000e-50  1.175606e-02  1.000000e-50  1.000000e-50  1.000000e-50  1.000000e-50  5.878031e-02  1.000000e-50  1.000000e-50  1.000000e-50  6.612785e-03 
2.963703e-02  1.864802e-02  1.398601e-02  1.000000e-50  1.000000e-50  7.076257e-02  1.000000e-50  1.000000e-50  5.694306e-02  1.365301e-02  1.881452e-02  1.240426e-01  2.331002e-03  4.495504e-03  6.077256e-02  1.000000e-50  6.660007e-03  3.163503e-03  2.297702e-02  7.609058e-02  8.824509e-03  1.000000e-50  1.548452e-02  1.315351e-02  1.048951e-02  9.107559e-02  1.215451e-02  1.000000e-50  2.713953e-02  1.000000e-50  3.829504e-03  1.498501e-03  2.297702e-02  1.000000e-50  1.000000e-50  2.830503e-03  2.430902e-02  6.260406e-02  1.798202e-02  1.000000e-50  5.644356e-02  7.326007e-03  2.197802e-02  1.000000e-50  1.465201e-02  1.000000e-50  1.065601e-02  1.000000e-50  1.481851e-02  1.000000e-50  1.748252e-02  1.000000e-50  1.665002e-03  1.000000e-50  1.531802e-02  1.000000e-50  1.000000e-50  1.000000e-50  2.331002e-03  1.000000e-50 
6.551240e-03  1.357043e-02  1.637810e-03  1.000000e-50  1.000000e-50  1.000000e-50  1.146467e-02  1.000000e-50  1.000000e-50  7.393542e-02  8.095461e-02  9.475901e-02  1.000000e-50  3.603182e-02  1.000000e-50  4.188114e-02  8.937763e-02  1.000000e-50  1.169864e-02  1.000000e-50  2.461394e-01  1.000000e-50  1.567618e-02  1.000000e-50  1.000000e-50  4.094525e-02  3.182031e-02  1.000000e-50  1.000000e-50  4.024333e-02  1.000000e-50  4.351895e-02  2.082358e-02  1.000000e-50  4.211511e-03  1.000000e-50  2.246139e-02  6.083294e-03  1.000000e-50  1.000000e-50  1.000000e-50  1.123070e-02  1.000000e-50  1.000000e-50  1.000000e-50  1.000000e-50  1.000000e-50  1.000000e-50  1.000000e-50  1.000000e-50  2.012167e-02  6.785213e-03  1.000000e-50  1.000000e-50  1.099672e-02  7.487131e-03  1.000000e-50  1.000000e-50  1.000000e-50  9.592887e-03 
1.000000e-50  1.000000e-50  1.000000e-50  1.000000e-50  1.000000e-50  1.000000e-50  1.000000e-50  1.000000e-50  1.000000e-50  1.000000e-50  1.000000e-50  1.000000e-50  1.000000e-50  1.000000e-50  1.000000e-50  1.000000e-50  1.000000e-50  1.000000e-50  1.000000e-50  1.000000e-50  1.000000e-50  1.000000e-50  1.000000e-50  1.000000e-50  1.000000e-50  1.000000e-50  1.000000e-50  1.000000e-50  1.000000e-50  1.000000e-50  1.000000e-50  1.000000e-50  1.000000e-50  1.000000e-50  6.848853e-02  1.000000e-50  1.000000e-50  1.000000e-50  1.000000e-50  1.000000e-50  1.000000e-50  1.000000e-50  1.000000e-50  1.000000e-50  1.000000e-50  1.000000e-50  1.000000e-50  1.000000e-50  1.000000e-50  1.000000e-50  1.000000e-50  1.000000e-50  1.000000e-50  1.000000e-50  1.000000e-50  9.143050e-01  1.000000e-50  1.000000e-50  1.000000e-50  1.720648e-02 
1.005747e-02  1.915709e-02  1.000000e-50  1.000000e-50  1.000000e-50  2.921456e-02  1.000000e-50  1.000000e-50  1.000000e-50  9.099617e-02  4.693487e-02  2.686782e-01  1.000000e-50  5.268199e-03  1.000000e-50  1.000000e-50  1.580460e-02  1.000000e-50  2.634100e-02  1.000000e-50  8.189655e-02  1.000000e-50  1.000000e-50  1.000000e-50  1.000000e-50  1.000000e-50  1.724138e-02  1.000000e-50  1.000000e-50  1.436782e-02  2.921456e-02  1.000000e-50  1.000000e-50  1.000000e-50  1.000000e-50  1.000000e-50  1.484674e-02  4.118774e-02  7.088123e-02  1.000000e-50  3.208812e-02  3.544061e-02  1.000000e-50  1.000000e-50  1.867816e-02  1.000000e-50  1.000000e-50  1.000000e-50  5.411877e-02  1.000000e-50  1.628352e-02  9.099617e-03  1.000000e-50  1.000000e-50  1.053640e-02  3.160920e-02  1.000000e-50  1.000000e-50  1.005747e-02  1.000000e-50 
5.172414e-02  8.917955e-02  1.000000e-50  1.000000e-50  1.000000e-50  1.000000e-50  2.615933e-02  1.000000e-50  1.000000e-50  1.000000e-50  1.000000e-50  2.877527e-01  1.000000e-50  1.000000e-50  1.000000e-50  1.000000e-50  1.783591e-03  1.000000e-50  1.000000e-50  1.000000e-50  1.000000e-50  1.000000e-50  3.626635e-02  1.000000e-50  2.259215e-02  1.831153e-01  2.437574e-02  1.000000e-50  1.000000e-50  5.350773e-03  1.000000e-50  1.000000e-50  5.350773e-03  3.151011e-02  1.000000e-50  1.000000e-50  1.000000e-50  1.783591e-03  1.783591e-02  1.000000e-50  1.000000e-50  5.826397e-02  1.000000e-50  1.000000e-50  4.815696e-02  1.000000e-50  1.783591e-02  1.000000e-50  5.529132e-02  1.000000e-50  1.010702e-02  1.000000e-50  1.000000e-50  1.000000e-50  1.000000e-50  1.367420e-02  1.000000e-50  1.189061e-02  1.000000e-50  1.000000e-50 
1.000000e-50  1.000000e-50  1.000000e-50  1.000000e-50  1.000000e-50  1.000000e-50  6.716418e-03  1.000000e-50  3.589552e-01  1.000000e-50  1.000000e-50  1.298507e-01  2.238806e-03  1.000000e-50  3.283582e-02  1.000000e-50  1.194030e-02  1.000000e-50  1.000000e-50  2.388060e-02  1.000000e-50  1.000000e-50  1.000000e-50  6.791045e-02  3.283582e-02  7.611940e-02  2.835821e-02  1.000000e-50  3.208955e-02  1.000000e-50  3.134328e-02  1.000000e-50  1.119403e-02  2.089552e-02  1.000000e-50  1.000000e-50  1.044776e-02  4.104478e-02  2.089552e-02  6.716418e-03  1.865672e-02  1.000000e-50  1.000000e-50  1.000000e-50  1.641791e-02  1.000000e-50  1.119403e-02  1.000000e-50  1.000000e-50  1.000000e-50  7.462687e-03  1.000000e-50  1.000000e-50  1.000000e-50  1.000000e-50  1.000000e-50  1.000000e-50  1.000000e-50  1.000000e-50  1.000000e-50 
2.970639e-02  3.316062e-02  1.220495e-02  1.000000e-50  2.302821e-04  1.000000e-50  1.000000e-50  1.000000e-50  1.000000e-50  2.095567e-02  3.488774e-02  1.472654e-01  1.000000e-50  1.000000e-50  2.464018e-02  1.000000e-50  1.000000e-50  4.835924e-03  7.748993e-02  1.638457e-01  1.704088e-02  1.000000e-50  2.279793e-02  1.000000e-50  1.519862e-02  5.089234e-02  1.232009e-02  1.000000e-50  6.862406e-02  1.000000e-50  1.000000e-50  1.000000e-50  1.000000e-50  1.000000e-50  1.000000e-50  1.059298e-02  6.183074e-02  2.843984e-02  1.000000e-50  1.000000e-50  4.294761e-02  1.000000e-50  1.750144e-02  1.000000e-50  4.732297e-02  5.987334e-03  2.717329e-02  1.000000e-50  2.210708e-02  1.000000e-50  1.000000e-50  1.000000e-50  1.000000e-50  1.000000e-50  1.000000e-50  1.000000e-50  1.000000e-50  1.000000e-50  1.000000e-50  1.000000e-50 
2.737819e-02  1.000000e-50  1.902552e-02  1.000000e-50  1.000000e-50  1.000000e-50  1.000000e-50  1.000000e-50  1.000000e-50  1.000000e-50  1.000000e-50  1.234339e-01  1.856148e-03  1.000000e-50  2.320186e-02  2.366589e-02  2.784223e-02  5.568445e-03  1.000000e-50  6.635731e-02  1.006961e-01  1.000000e-50  1.299304e-02  1.000000e-50  1.000000e-50  8.213457e-02  1.206497e-02  1.000000e-50  4.640371e-03  1.000000e-50  3.341067e-02  1.000000e-50  1.000000e-50  1.000000e-50  1.000000e-50  1.000000e-50  3.294664e-02  6.821346e-02  7.238979e-02  1.438515e-02  5.986079e-02  1.902552e-02  1.000000e-50  1.000000e-50  1.000000e-50  1.000000e-50  1.000000e-50  1.000000e-50  1.000000e-50  1.000000e-50  2.366589e-02  3.619490e-02  1.000000e-50  1.000000e-50  4.269142e-02  2.691415e-02  3.155452e-02  1.000000e-50  7.888631e-03  1.000000e-50 
1.000000e-50  1.000000e-50  1.000000e-50  1.000000e-50  1.000000e-50  1.000000e-50  1.000000e-50  2.526189e-01  1.000000e-50  1.000000e-50  1.000000e-50  1.000000e-50  1.000000e-50  1.000000e-50  1.000000e-50  1.000000e-50  1.000000e-50  1.000000e-50  1.000000e-50  1.000000e-50  1.000000e-50  5.907608e-02  3.949854e-03  1.000000e-50  1.000000e-50  1.000000e-50  1.000000e-50  2.369912e-02  1.000000e-50  1.000000e-50  1.000000e-50  1.000000e-50  2.232526e-03  1.000000e-50  2.625794e-01  1.000000e-50  1.000000e-50  1.000000e-50  9.668556e-02  1.000000e-50  1.000000e-50  1.000000e-50  1.000000e-50  1.000000e-50  1.000000e-50  1.000000e-50  1.000000e-50  1.000000e-50  1.000000e-50  1.102524e-01  1.000000e-50  3.606388e-02  1.000000e-50  1.000000e-50  1.000000e-50  1.000000e-50  1.000000e-50  1.000000e-50  1.000000e-50  1.528422e-01 
1.414559e-01  7.589055e-02  1.000000e-50  1.000000e-50  1.000000e-50  1.000000e-50  1.000000e-50  1.000000e-50  1.000000e-50  2.235416e-01  1.000000e-50  2.199277e-01  4.130098e-03  1.000000e-50  1.000000e-50  1.000000e-50  1.000000e-50  1.000000e-50  1.393908e-02  5.678885e-03  1.000000e-50  1.000000e-50  1.000000e-50  1.000000e-50  1.000000e-50  5.110996e-02  2.168301e-02  1.000000e-50  1.000000e-50  1.000000e-50  1.000000e-50  1.000000e-50  1.000000e-50  1.000000e-50  1.000000e-50  1.000000e-50  1.000000e-50  1.000000e-50  1.000000e-50  1.000000e-50  1.000000e-50  6.711409e-03  1.000000e-50  1.000000e-50  6.659783e-02  1.000000e-50  1.000000e-50  1.000000e-50  1.000000e-50  1.000000e-50  1.187403e-02  1.445534e-02  1.000000e-50  1.000000e-50  1.357770e-01  1.000000e-50  1.000000e-50  1.000000e-50  7.227672e-03  1.000000e-50 
1.000000e-50  1.000000e-50  1.000000e-50  1.000000e-50  1.000000e-50  1.000000e-50  1.000000e-50  1.000000e-50  1.000000e-50  1.000000e-50  5.005363e-03  1.000000e-50  1.000000e-50  8.938148e-04  1.000000e-50  1.000000e-50  1.000000e-50  1.000000e-50  1.000000e-50  1.000000e-50  2.055774e-02  1.000000e-50  2.681444e-03  1.000000e-50  1.000000e-50  1.000000e-50  1.000000e-50  1.000000e-50  1.000000e-50  6.085091e-01  2.200572e-01  1.000000e-50  1.000000e-50  1.000000e-50  1.000000e-50  1.000000e-50  1.000000e-50  1.000000e-50  1.000000e-50  1.000000e-50  1.000000e-50  1.000000e-50  1.000000e-50  1.000000e-50  1.000000e-50  1.000000e-50  1.000000e-50  1.000000e-50  1.000000e-50  1.000000e-50  1.000000e-50  1.000000e-50  1.000000e-50  1.000000e-50  1.000000e-50  1.000000e-50  1.000000e-50  1.000000e-50  3.038970e-03  1.392563e-01 
1.000000e-50  1.000000e-50  1.000000e-50  1.000000e-50  1.000000e-50  1.000000e-50  1.000000e-50  1.000000e-50  1.000000e-50  1.000000e-50  1.000000e-50  1.000000e-50  1.000000e-50  1.000000e-50  1.000000e-50  1.000000e-50  1.000000e-50  1.000000e-50  1.000000e-50  1.000000e-50  1.000000e-50  4.658396e-01  1.000000e-50  1.000000e-50  1.000000e-50  1.000000e-50  1.000000e-50  1.000000e-50  1.000000e-50  6.832075e-03  1.000000e-50  1.000000e-50  1.000000e-50  1.000000e-50  1.141676e-01  1.000000e-50  1.000000e-50  1.000000e-50  1.000000e-50  1.000000e-50  1.000000e-50  1.000000e-50  1.000000e-50  1.000000e-50  1.000000e-50  1.000000e-50  1.000000e-50  1.000000e-50  1.000000e-50  1.000000e-50  1.000000e-50  1.000000e-50  1.000000e-50  1.000000e-50  1.000000e-50  3.185904e-01  1.000000e-50  1.000000e-50  1.000000e-50  9.457030e-02 
1.000000e-50  1.000000e-50  1.058824e-02  1.000000e-50  1.000000e-50  1.000000e-50  1.000000e-50  6.117647e-02  1.000000e-50  1.000000e-50  9.764706e-02  4.705882e-02  1.000000e-50  1.000000e-50  1.000000e-50  1.000000e-50  5.176471e-02  1.000000e-50  1.000000e-50  1.000000e-50  5.223529e-01  1.000000e-50  1.000000e-50  1.000000e-50  1.000000e-50  1.000000e-50  1.000000e-50  1.000000e-50  1.000000e-50  1.000000e-50  1.000000e-50  1.000000e-50  1.000000e-50  1.000000e-50  1.000000e-50  1.000000e-50  1.000000e-50  1.000000e-50  1.882353e-02  1.000000e-50  3.882353e-02  1.517647e-01  1.000000e-50  1.000000e-50  1.000000e-50  1.000000e-50  1.000000e-50  1.000000e-50  1.000000e-50  1.000000e-50  1.000000e-50  1.000000e-50  1.000000e-50  1.000000e-50  1.000000e-50  1.000000e-50  1.000000e-50  1.000000e-50  1.000000e-50  1.000000e-50 
1.064585e-02  1.000000e-50  1.000000e-50  1.000000e-50  1.000000e-50  1.000000e-50  1.000000e-50  4.258339e-03  1.000000e-50  1.000000e-50  2.058197e-02  2.093683e-01  9.226402e-03  2.555004e-02  1.000000e-50  1.000000e-50  1.000000e-50  1.000000e-50  1.000000e-50  1.000000e-50  6.174592e-02  1.000000e-50  1.845280e-02  1.000000e-50  8.516678e-03  3.136977e-01  5.677786e-02  1.000000e-50  1.000000e-50  2.200142e-02  1.000000e-50  1.000000e-50  1.419446e-02  4.968062e-03  1.000000e-50  8.516678e-03  2.342087e-02  1.064585e-02  2.129170e-02  1.000000e-50  2.696948e-02  4.826118e-02  1.000000e-50  1.000000e-50  1.000000e-50  3.548616e-03  2.200142e-02  1.000000e-50  2.342087e-02  1.000000e-50  1.000000e-50  1.000000e-50  1.000000e-50  1.000000e-50  1.000000e-50  3.193754e-02  1.000000e-50  1.000000e-50  1.000000e-50  1.000000e-50 
1.000000e-50  1.000000e-50  1.000000e-50  1.000000e-50  1.838235e-03  1.000000e-50  1.000000e-50  1.225490e-02  1.000000e-50  1.000000e-50  1.000000e-50  8.149510e-02  1.000000e-50  1.000000e-50  1.433824e-01  1.000000e-50  3.125000e-02  1.000000e-50  2.022059e-02  1.000000e-50  5.759804e-02  1.000000e-50  2.083333e-02  1.000000e-50  7.107843e-02  7.475490e-02  3.431373e-02  1.000000e-50  1.000000e-50  1.000000e-50  5.024510e-02  1.000000e-50  4.779412e-02  1.000000e-50  1.000000e-50  1.000000e-50  1.000000e-50  8.578431e-02  6.556373e-02  1.000000e-50  2.267157e-02  4.350490e-02  1.000000e-50  1.000000e-50  1.164216e-02  1.000000e-50  1.000000e-50  1.000000e-50  3.063725e-02  1.000000e-50  3.676471e-02  1.000000e-50  1.000000e-50  1.000000e-50  1.000000e-50  3.002451e-02  1.000000e-50  1.000000e-50  2.634804e-02  1.000000e-50 
1.000000e-50  1.000000e-50  1.000000e-50  8.481764e-04  1.000000e-50  1.000000e-50  1.000000e-50  1.000000e-50  1.000000e-50  1.000000e-50  2.968617e-03  1.000000e-50  1.000000e-50  1.000000e-50  1.000000e-50  1.000000e-50  1.000000e-50  1.145038e-02  1.000000e-50  1.000000e-50  1.208651e-02  1.000000e-50  4.664970e-03  1.000000e-50  1.000000e-50  1.000000e-50  1.000000e-50  2.945293e-01  1.000000e-50  1.363444e-01  2.184054e-02  1.000000e-50  1.000000e-50  1.000000e-50  5.725191e-03  2.120441e-04  1.000000e-50  1.000000e-50  1.000000e-50  1.000000e-50  1.000000e-50  1.000000e-50  1.000000e-50  1.000000e-50  3.392706e-03  1.000000e-50  1.000000e-50  2.008058e-01  1.000000e-50  9.966073e-03  1.484309e-03  1.000000e-50  1.000000e-50  1.000000e-50  1.000000e-50  1.700594e-01  6.785411e-03  1.000000e-50  1.000000e-50  1.168363e-01 
8.643617e-02  4.920213e-02  2.327128e-03  1.000000e-50  9.308511e-03  3.357713e-02  1.000000e-50  6.316489e-03  1.000000e-50  1.000000e-50  1.000000e-50  1.110372e-01  1.000000e-50  2.659574e-03  4.720745e-02  1.000000e-50  1.000000e-50  1.000000e-50  1.761968e-02  1.000000e-50  1.000000e-50  1.000000e-50  1.695479e-02  1.000000e-50  6.648936e-03  6.815160e-02  2.593085e-02  1.000000e-50  2.194149e-02  1.662234e-03  2.992021e-03  1.000000e-50  5.319149e-03  2.027926e-02  1.000000e-50  2.260638e-02  1.000000e-50  3.058511e-02  3.191489e-02  1.160239e-01  4.554521e-02  2.526596e-02  1.695479e-02  4.288564e-02  3.224734e-02  4.321809e-02  1.000000e-50  1.000000e-50  1.000000e-50  1.000000e-50  1.662234e-02  1.994681e-03  1.000000e-50  1.000000e-50  3.856383e-02  1.000000e-50  1.000000e-50  1.000000e-50  1.000000e-50  1.000000e-50 
2.827332e-01  1.778505e-01  1.000000e-50  1.773050e-03  5.864703e-03  1.000000e-50  1.000000e-50  1.000000e-50  1.000000e-50  8.592471e-03  1.000000e-50  1.650300e-02  1.636661e-03  1.636661e-03  1.000000e-50  1.000000e-50  1.000000e-50  3.000546e-03  1.295690e-02  3.955265e-03  1.227496e-02  1.000000e-50  2.591380e-03  1.000000e-50  1.000000e-50  1.000000e-50  6.683033e-03  1.000000e-50  1.000000e-50  1.000000e-50  1.000000e-50  2.318603e-03  6.819422e-04  1.000000e-50  1.000000e-50  3.191489e-02  3.150573e-02  6.683033e-03  1.000000e-50  1.759411e-01  1.909438e-03  1.000000e-50  6.778505e-02  1.241135e-02  1.000000e-50  3.396072e-02  4.446263e-02  1.000000e-50  2.727769e-03  1.000000e-50  1.091107e-02  1.000000e-50  1.000000e-50  1.000000e-50  3.873432e-02  1.000000e-50  1.000000e-50  1.000000e-50  1.000000e-50  1.000000e-50 
1.000000e-50  1.000000e-50  9.732824e-02  1.000000e-50  1.000000e-50  3.625954e-02  2.353690e-02  1.000000e-50  2.786260e-01  2.353690e-02  7.951654e-03  1.024173e-01  3.180662e-03  4.134860e-03  2.608142e-02  1.000000e-50  2.926209e-02  1.000000e-50  1.000000e-50  6.011450e-02  1.000000e-50  1.000000e-50  1.272265e-02  5.375318e-02  1.000000e-50  1.000000e-50  1.000000e-50  1.000000e-50  1.367684e-02  1.000000e-50  9.860051e-03  1.000000e-50  6.965649e-02  4.134860e-03  1.000000e-50  1.000000e-50  1.000000e-50  1.000000e-50  9.541985e-03  1.000000e-50  1.000000e-50  1.494911e-02  1.000000e-50  1.000000e-50  2.353690e-02  1.000000e-50  1.000000e-50  1.000000e-50  4.421120e-02  1.000000e-50  2.512723e-02  7.633588e-03  1.000000e-50  1.000000e-50  1.876590e-02  1.000000e-50  1.000000e-50  1.000000e-50  1.000000e-50  1.000000e-50 
1.000000e-50  1.000000e-50  1.000000e-50  1.000000e-50  1.000000e-50  1.000000e-50  3.809355e-01  4.482636e-02  2.834869e-03  1.000000e-50  1.063076e-03  3.366407e-03  2.303331e-03  3.543586e-03  1.000000e-50  1.000000e-50  1.771793e-04  1.000000e-50  1.000000e-50  1.000000e-50  1.000000e-50  1.000000e-50  7.795889e-03  1.000000e-50  1.240255e-03  3.012048e-03  1.000000e-50  1.000000e-50  2.002126e-02  6.732814e-03  1.523742e-02  3.543586e-03  8.858965e-03  6.289865e-02  1.000000e-50  1.000000e-50  1.000000e-50  1.000000e-50  1.692062e-01  1.000000e-50  1.000000e-50  4.836995e-02  1.000000e-50  1.000000e-50  9.390503e-03  1.000000e-50  2.303331e-03  1.000000e-50  4.677534e-02  1.000000e-50  2.834869e-03  1.493622e-01  1.000000e-50  1.417434e-03  1.000000e-50  1.000000e-50  1.948972e-03  1.000000e-50  1.000000e-50  1.000000e-50 
1.000000e-50  6.020696e-03  7.525870e-03  1.000000e-50  1.411101e-02  1.000000e-50  1.000000e-50  1.000000e-50  1.000000e-50  3.179680e-02  1.618062e-02  6.453434e-02  2.257761e-03  3.386642e-02  1.000000e-50  1.825024e-02  1.000000e-50  1.000000e-50  4.233302e-02  2.577611e-02  1.000000e-50  1.000000e-50  1.467545e-02  1.000000e-50  5.983067e-02  3.160865e-02  1.937912e-02  1.000000e-50  1.000000e-50  1.000000e-50  1.881468e-03  1.000000e-50  6.396990e-03  1.000000e-50  1.000000e-50  1.268109e-01  4.383819e-02  1.000000e-50  1.599247e-02  2.212606e-01  4.873001e-02  1.000000e-50  1.000000e-50  9.595484e-03  2.558796e-02  2.163688e-02  1.317027e-03  1.000000e-50  2.972719e-02  1.000000e-50  4.797742e-02  1.015992e-02  1.000000e-50  1.000000e-50  9.407338e-04  1.000000e-50  1.000000e-50  1.000000e-50  1.000000e-50  1.000000e-50 
3.257888e-02  3.703704e-02  3.772291e-03  1.000000e-50  1.000000e-50  1.000000e-50  1.000000e-50  1.000000e-50  1.000000e-50  1.169410e-01  1.000000e-50  2.880658e-01  1.000000e-50  2.537723e-02  2.537723e-02  2.640604e-02  1.268861e-02  3.840878e-02  5.486968e-03  5.144033e-03  1.000000e-50  1.000000e-50  2.160494e-02  9.945130e-03  1.000000e-50  1.440329e-02  1.000000e-50  1.000000e-50  1.000000e-50  1.000000e-50  1.000000e-50  2.366255e-02  1.028807e-02  1.000000e-50  1.000000e-50  1.000000e-50  1.000000e-50  1.440329e-02  6.515775e-03  1.000000e-50  2.126200e-02  4.218107e-02  1.000000e-50  1.714678e-03  6.275720e-02  1.000000e-50  5.829904e-03  1.000000e-50  2.812071e-02  1.000000e-50  1.989026e-02  2.091907e-02  6.515775e-03  3.532236e-02  3.737997e-02  1.000000e-50  1.000000e-50  1.000000e-50  1.000000e-50  1.000000e-50 
1.000000e-50  1.000000e-50  1.000000e-50  1.000000e-50  1.000000e-50  5.073996e-02  1.000000e-50  1.000000e-50  1.000000e-50  1.000000e-50  1.000000e-50  1.698379e-01  7.399577e-03  2.078929e-02  8.139535e-02  1.973221e-02  9.866103e-03  3.805497e-02  1.000000e-50  2.466526e-03  3.699789e-02  1.000000e-50  3.030303e-02  1.000000e-50  1.000000e-50  5.355884e-02  1.374207e-02  1.000000e-50  1.000000e-50  5.954898e-02  6.694856e-03  2.713178e-02  1.409443e-02  2.149401e-02  1.000000e-50  1.000000e-50  1.832276e-02  2.572234e-02  1.691332e-02  1.000000e-50  2.255109e-02  7.293869e-02  1.000000e-50  1.000000e-50  1.656096e-02  1.000000e-50  1.162791e-02  1.000000e-50  2.713178e-02  1.000000e-50  3.276956e-02  1.000000e-50  1.000000e-50  1.000000e-50  1.000000e-50  1.000000e-50  1.000000e-50  9.161381e-02  1.000000e-50  1.000000e-50 
1.000000e-50  1.000000e-50  1.000000e-50  1.000000e-50  1.000000e-50  1.000000e-50  1.000000e-50  1.000000e-50  1.000000e-50  1.000000e-50  1.000000e-50  2.603651e-02  1.000000e-50  9.905193e-04  1.000000e-50  3.254563e-03  9.905193e-04  3.962077e-03  1.259375e-02  9.480685e-03  1.000000e-50  1.000000e-50  2.830055e-03  1.000000e-50  1.386727e-02  1.018820e-02  9.905193e-03  1.000000e-50  3.254563e-03  1.000000e-50  1.000000e-50  1.415028e-03  1.000000e-50  1.000000e-50  1.000000e-50  4.245083e-02  1.665487e-01  1.000000e-50  1.000000e-50  1.514080e-01  1.000000e-50  2.688552e-03  3.773879e-01  1.000000e-50  7.075138e-03  1.208434e-01  2.136692e-02  1.000000e-50  3.962077e-03  1.000000e-50  7.499646e-03  1.000000e-50  1.000000e-50  1.000000e-50  1.000000e-50  1.000000e-50  1.000000e-50  1.000000e-50  1.000000e-50  1.000000e-50 
6.040757e-02  1.000000e-50  1.000000e-50  1.000000e-50  8.005822e-03  1.000000e-50  1.000000e-50  1.000000e-50  1.000000e-50  1.000000e-50  1.000000e-50  1.000000e-50  1.000000e-50  4.366812e-03  7.278020e-04  1.000000e-50  1.000000e-50  1.000000e-50  1.000000e-50  1.000000e-50  1.000000e-50  1.000000e-50  1.000000e-50  1.000000e-50  1.000000e-50  1.000000e-50  1.000000e-50  1.000000e-50  1.000000e-50  1.000000e-50  1.000000e-50  1.000000e-50  1.000000e-50  1.000000e-50  1.000000e-50  1.601164e-02  2.765648e-02  1.000000e-50  1.000000e-50  1.193595e-01  1.000000e-50  1.000000e-50  1.000000e-50  2.474527e-02  1.000000e-50  1.000000e-50  1.000000e-50  1.000000e-50  1.000000e-50  1.000000e-50  1.055313e-01  1.000000e-50  1.000000e-50  1.000000e-50  6.331878e-01  1.000000e-50  1.000000e-50  1.000000e-50  1.000000e-50  1.000000e-50 
1.000000e-50  1.000000e-50  2.060724e-01  1.000000e-50  1.000000e-50  7.945736e-02  1.000000e-50  3.068475e-02  1.000000e-50  3.875969e-03  8.720930e-03  3.326873e-02  1.000000e-50  5.813953e-03  1.065891e-01  1.000000e-50  1.000000e-50  5.813953e-03  1.000000e-50  1.000000e-50  1.000000e-50  3.229974e-03  1.000000e-50  1.000000e-50  6.136951e-03  1.001292e-02  1.000000e-50  1.000000e-50  1.000000e-50  1.259690e-02  1.999354e-01  1.000000e-50  1.000000e-50  8.397933e-02  1.000000e-50  1.000000e-50  1.259690e-02  1.000000e-50  1.195090e-01  1.000000e-50  1.000000e-50  1.098191e-02  1.000000e-50  1.000000e-50  1.000000e-50  1.000000e-50  1.000000e-50  1.000000e-50  2.422481e-02  1.000000e-50  1.000000e-50  1.000000e-50  1.000000e-50  1.000000e-50  6.782946e-03  1.711886e-02  1.000000e-50  1.000000e-50  1.259690e-02  1.000000e-50 
1.000000e-50  4.682997e-03  3.566282e-02  1.000000e-50  3.602305e-04  5.403458e-03  1.000000e-50  2.881844e-03  1.000000e-50  1.000000e-50  2.197406e-02  4.466859e-02  1.000000e-50  5.511527e-02  4.466859e-02  1.000000e-50  1.152738e-02  1.000000e-50  8.285303e-03  2.665706e-02  2.305476e-02  1.000000e-50  3.170029e-02  1.000000e-50  1.152738e-02  1.000000e-50  1.512968e-02  1.000000e-50  1.000000e-50  1.000000e-50  1.000000e-50  1.000000e-50  1.000000e-50  8.969741e-02  1.000000e-50  1.167147e-01  8.789625e-02  1.512968e-02  1.729107e-02  1.000000e-50  6.736311e-02  1.000000e-50  2.269452e-02  1.000000e-50  1.000000e-50  7.096542e-02  1.145533e-01  1.000000e-50  1.693084e-02  1.000000e-50  2.521614e-02  1.000000e-50  1.000000e-50  1.000000e-50  1.000000e-50  3.602305e-03  1.000000e-50  1.000000e-50  8.645533e-03  1.000000e-50 
1.000000e-50  8.662900e-03  1.000000e-50  1.000000e-50  1.129944e-03  1.000000e-50  1.000000e-50  1.000000e-50  1.000000e-50  4.896422e-03  1.000000e-50  1.054614e-02  6.026365e-03  1.000000e-50  1.000000e-50  1.129944e-02  1.000000e-50  1.000000e-50  1.000000e-50  1.000000e-50  1.000000e-50  1.000000e-50  1.000000e-50  1.000000e-50  1.000000e-50  3.917137e-02  1.657250e-02  1.000000e-50  2.335217e-02  1.000000e-50  2.636535e-03  1.000000e-50  3.013183e-03  1.000000e-50  1.000000e-50  3.239171e-02  1.483992e-01  7.532957e-03  1.000000e-50  5.235405e-02  1.000000e-50  1.000000e-50  1.186441e-01  3.691149e-01  1.000000e-50  8.549906e-02  5.310734e-02  1.000000e-50  2.636535e-03  1.000000e-50  1.000000e-50  1.000000e-50  1.000000e-50  1.000000e-50  1.000000e-50  1.000000e-50  1.000000e-50  7.532957e-04  2.259887e-03  1.000000e-50 
1.000000e-50  4.570384e-03  1.000000e-50  1.000000e-50  1.000000e-50  2.498477e-02  1.000000e-50  6.093845e-04  1.858623e-02  1.000000e-50  1.000000e-50  7.982937e-02  1.127361e-02  5.941499e-02  4.570384e-02  7.312614e-03  1.492992e-02  4.539915e-02  5.789153e-03  1.000000e-50  1.000000e-50  1.000000e-50  1.096892e-02  2.864107e-02  3.351615e-03  5.362584e-02  1.706277e-02  1.000000e-50  1.000000e-50  6.124314e-02  1.000000e-50  3.656307e-03  1.523461e-02  2.955515e-02  8.226691e-03  1.000000e-50  3.046923e-03  2.407069e-02  1.066423e-02  1.000000e-50  1.000000e-50  9.811091e-02  1.218769e-03  1.000000e-50  2.925046e-02  1.000000e-50  5.484461e-03  1.953077e-01  1.000000e-50  1.000000e-50  7.617307e-03  1.000000e-50  3.564899e-02  1.000000e-50  1.000000e-50  1.858623e-02  1.000000e-50  6.703230e-03  1.432054e-02  1.000000e-50 
2.289803e-02  2.432916e-02  1.000000e-50  1.000000e-50  1.000000e-50  3.506261e-02  1.431127e-03  1.000000e-50  1.538462e-02  1.000000e-50  1.000000e-50  2.697674e-01  6.797853e-03  2.754919e-02  1.000000e-50  1.000000e-50  1.000000e-50  1.000000e-50  2.289803e-02  1.000000e-50  1.000000e-50  1.000000e-50  7.513417e-03  1.000000e-50  1.288014e-02  8.980322e-02  6.869410e-02  1.000000e-50  1.252236e-02  1.000000e-50  7.871199e-03  1.000000e-50  3.112701e-02  1.681574e-02  1.000000e-50  1.000000e-50  1.000000e-50  5.545617e-02  3.184258e-02  1.000000e-50  4.436494e-02  1.000000e-50  1.000000e-50  1.000000e-50  7.048301e-02  1.000000e-50  1.896243e-02  1.000000e-50  1.717352e-02  1.000000e-50  3.577818e-02  2.182469e-02  1.000000e-50  1.000000e-50  3.076923e-02  1.000000e-50  1.000000e-50  1.000000e-50  1.000000e-50  1.000000e-50 
1.000000e-50  1.000000e-50  1.000000e-50  1.000000e-50  1.000000e-50  1.000000e-50  1.000000e-50  1.000000e-50  1.000000e-50  1.000000e-50  1.000000e-50  1.000000e-50  1.000000e-50  1.008969e-02  1.000000e-50  1.000000e-50  1.000000e-50  3.699552e-02  2.242152e-02  2.242152e-03  1.000000e-50  1.000000e-50  1.569507e-02  1.760090e-01  1.000000e-50  1.894619e-01  1.000000e-50  1.000000e-50  1.000000e-50  1.233184e-02  1.000000e-50  1.000000e-50  1.000000e-50  1.905830e-02  1.000000e-50  1.000000e-50  1.000000e-50  8.744395e-02  2.017937e-02  1.000000e-50  1.000000e-50  1.000000e-50  1.000000e-50  1.000000e-50  6.950673e-02  1.000000e-50  1.000000e-50  9.865471e-02  1.000000e-50  1.000000e-50  1.000000e-50  1.000000e-50  2.399103e-01  1.000000e-50  1.000000e-50  1.000000e-50  1.000000e-50  1.000000e-50  1.000000e-50  1.000000e-50 
6.581654e-02  7.116413e-02  2.180173e-02  1.000000e-50  1.000000e-50  1.000000e-50  1.000000e-50  1.000000e-50  2.056767e-03  2.591526e-02  1.000000e-50  8.062526e-02  1.000000e-50  1.316331e-02  1.522007e-02  1.439737e-02  1.398601e-02  1.000000e-50  2.180173e-02  6.458248e-02  3.948992e-02  1.000000e-50  1.110654e-02  1.000000e-50  6.993007e-03  4.524887e-02  2.920609e-02  1.000000e-50  1.000000e-50  9.461127e-03  1.768819e-02  1.000000e-50  1.000000e-50  1.000000e-50  1.000000e-50  5.429864e-02  9.090909e-02  3.044015e-02  1.892225e-02  1.000000e-50  2.756067e-02  3.702180e-03  2.632661e-02  1.000000e-50  2.180173e-02  1.851090e-02  1.000000e-50  1.000000e-50  4.113534e-02  1.000000e-50  2.756067e-02  1.000000e-50  1.000000e-50  1.000000e-50  5.306458e-02  1.000000e-50  1.000000e-50  1.000000e-50  1.604278e-02  1.000000e-50 
2.308998e-02  7.470289e-03  1.000000e-50  1.765705e-02  1.000000e-50  5.297114e-02  1.358234e-02  1.000000e-50  5.908319e-02  2.207131e-02  1.000000e-50  1.022071e-01  4.414261e-03  1.731749e-02  4.617997e-02  7.809847e-03  1.052632e-02  1.000000e-50  1.935484e-02  1.000000e-50  1.000000e-50  1.000000e-50  1.000000e-50  6.349745e-02  6.112054e-03  1.653650e-01  1.731749e-02  1.000000e-50  8.828523e-03  9.168081e-03  1.460102e-02  1.000000e-50  1.000000e-50  1.867572e-02  1.000000e-50  1.000000e-50  6.112054e-02  5.500849e-02  3.191851e-02  1.000000e-50  1.000000e-50  2.241087e-02  1.697793e-02  1.000000e-50  4.550085e-02  1.000000e-50  1.000000e-50  1.000000e-50  1.000000e-50  1.000000e-50  1.663837e-02  1.000000e-50  2.614601e-02  1.000000e-50  1.000000e-50  1.697793e-02  1.000000e-50  1.000000e-50  1.000000e-50  1.000000e-50 
1.000000e-50  1.000000e-50  1.000000e-50  1.000000e-50  1.000000e-50  1.000000e-50  4.800937e-02  1.000000e-50  1.000000e-50  1.000000e-50  1.000000e-50  5.878220e-01  1.000000e-50  1.000000e-50  1.000000e-50  1.000000e-50  1.000000e-50  1.405152e-02  1.000000e-50  1.000000e-50  1.000000e-50  1.000000e-50  1.522248e-02  1.000000e-50  1.000000e-50  1.791569e-01  1.000000e-50  1.000000e-50  1.000000e-50  1.000000e-50  1.000000e-50  1.000000e-50  4.683841e-03  1.000000e-50  1.000000e-50  1.000000e-50  1.873536e-02  1.000000e-50  1.000000e-50  1.000000e-50  1.756440e-02  3.278689e-02  1.053864e-02  1.000000e-50  1.000000e-50  1.000000e-50  1.000000e-50  1.000000e-50  5.854801e-02  1.000000e-50  1.000000e-50  1.000000e-50  1.000000e-50  1.000000e-50  1.000000e-50  1.288056e-02  1.000000e-50  1.000000e-50  1.000000e-50  1.000000e-50 
1.000000e-50  1.000000e-50  1.000000e-50  1.000000e-50  1.000000e-50  1.000000e-50  1.000000e-50  1.000000e-50  1.000000e-50  1.000000e-50  1.000000e-50  1.000000e-50  1.000000e-50  1.000000e-50  1.000000e-50  1.000000e-50  1.000000e-50  1.000000e-50  1.000000e-50  1.000000e-50  1.000000e-50  1.000000e-50  1.000000e-50  1.000000e-50  1.000000e-50  1.000000e-50  1.000000e-50  1.000000e-50  1.000000e-50  1.000000e-50  1.000000e-50  1.000000e-50  1.000000e-50  1.000000e-50  1.000000e-50  1.000000e-50  1.000000e-50  1.000000e-50  1.308411e-01  1.000000e-50  1.000000e-50  1.000000e-50  1.000000e-50  1.000000e-50  1.000000e-50  1.000000e-50  1.000000e-50  1.000000e-50  1.000000e-50  1.000000e-50  1.000000e-50  1.000000e-50  1.000000e-50  1.000000e-50  1.000000e-50  1.000000e-50  1.000000e-50  7.943925e-01  1.000000e-50  7.476636e-02 
3.155302e-01  1.291159e-01  5.185377e-03  1.000000e-50  1.296344e-03  1.000000e-50  5.703915e-03  1.000000e-50  2.074151e-03  7.518797e-03  1.000000e-50  1.322271e-02  1.000000e-50  4.926108e-03  1.000000e-50  1.000000e-50  1.000000e-50  1.000000e-50  2.074151e-03  5.703915e-03  1.374125e-02  1.000000e-50  1.000000e-50  1.000000e-50  1.000000e-50  1.000000e-50  1.000000e-50  1.000000e-50  1.000000e-50  1.000000e-50  1.000000e-50  1.000000e-50  1.000000e-50  1.000000e-50  1.000000e-50  4.640913e-02  1.177081e-01  4.407571e-03  4.407571e-03  7.855847e-02  1.000000e-50  1.000000e-50  1.000000e-50  6.481722e-03  1.000000e-50  3.448276e-02  3.085299e-02  1.000000e-50  8.815141e-03  1.000000e-50  2.644542e-02  1.000000e-50  1.000000e-50  1.000000e-50  1.353383e-01  1.000000e-50  1.000000e-50  1.000000e-50  1.000000e-50  1.000000e-50 
1.000000e-50  1.000000e-50  1.000000e-50  1.000000e-50  1.000000e-50  1.000000e-50  1.000000e-50  1.000000e-50  1.000000e-50  1.000000e-50  7.746934e-05  1.000000e-50  1.000000e-50  4.131698e-04  1.000000e-50  1.000000e-50  1.000000e-50  1.000000e-50  1.000000e-50  1.000000e-50  1.000000e-50  1.000000e-50  1.000000e-50  1.000000e-50  1.000000e-50  1.000000e-50  1.000000e-50  1.106262e-01  1.000000e-50  4.054229e-03  1.000000e-50  1.000000e-50  1.000000e-50  1.000000e-50  1.063912e-02  1.000000e-50  1.000000e-50  1.000000e-50  1.000000e-50  1.000000e-50  1.000000e-50  1.000000e-50  1.000000e-50  1.000000e-50  4.389929e-04  1.000000e-50  1.000000e-50  3.331181e-03  1.000000e-50  5.577792e-03  5.164622e-05  1.000000e-50  1.000000e-50  1.000000e-50  1.000000e-50  8.378567e-01  2.324080e-04  1.000000e-50  1.000000e-50  2.670110e-02 
1.000000e-50  1.000000e-50  1.000000e-50  1.000000e-50  1.000000e-50  1.000000e-50  1.000000e-50  1.613445e-01  1.000000e-50  1.000000e-50  1.000000e-50  1.000000e-50  1.000000e-50  1.000000e-50  1.000000e-50  1.000000e-50  1.000000e-50  1.000000e-50  1.000000e-50  1.000000e-50  1.000000e-50  1.000000e-50  1.848739e-02  1.000000e-50  1.000000e-50  1.000000e-50  1.000000e-50  1.000000e-50  1.000000e-50  1.000000e-50  1.000000e-50  3.697479e-02  1.000000e-50  3.865546e-02  1.000000e-50  1.000000e-50  1.000000e-50  1.000000e-50  1.000000e-50  1.000000e-50  1.000000e-50  2.067227e-01  1.000000e-50  1.000000e-50  1.000000e-50  1.000000e-50  1.000000e-50  1.000000e-50  2.873950e-01  1.000000e-50  1.000000e-50  6.218487e-02  1.000000e-50  1.000000e-50  1.000000e-50  1.000000e-50  7.563025e-02  8.235294e-02  3.025210e-02  1.000000e-50 
1.000000e-50  1.000000e-50  1.000000e-50  1.000000e-50  1.000000e-50  1.000000e-50  1.000000e-50  1.000000e-50  3.064877e-01  1.000000e-50  1.000000e-50  1.000000e-50  1.000000e-50  1.000000e-50  1.000000e-50  1.000000e-50  8.501119e-02  1.000000e-50  1.000000e-50  1.118568e-02  1.000000e-50  1.000000e-50  1.000000e-50  4.407159e-01  1.000000e-50  1.000000e-50  1.000000e-50  1.000000e-50  1.000000e-50  1.000000e-50  1.118568e-02  1.000000e-50  2.908277e-02  1.000000e-50  1.000000e-50  1.000000e-50  1.000000e-50  1.000000e-50  1.000000e-50  1.000000e-50  1.000000e-50  1.000000e-50  1.000000e-50  1.000000e-50  1.000000e-50  1.000000e-50  1.000000e-50  1.000000e-50  1.000000e-50  1.000000e-50  1.000000e-50  1.000000e-50  1.073826e-01  1.000000e-50  1.000000e-50  1.000000e-50  1.000000e-50  1.000000e-50  8.948546e-03  1.000000e-50 
1.425662e-02  1.000000e-50  5.091650e-02  1.000000e-50  1.000000e-50  7.331976e-02  1.000000e-50  1.000000e-50  4.073320e-03  1.000000e-50  1.629328e-01  7.128310e-02  1.000000e-50  1.000000e-50  2.036660e-02  1.000000e-50  1.000000e-50  1.000000e-50  1.000000e-50  1.000000e-50  1.000000e-50  1.000000e-50  6.720978e-02  1.000000e-50  1.000000e-50  1.000000e-50  1.000000e-50  1.000000e-50  1.000000e-50  1.000000e-50  1.000000e-50  2.729124e-01  1.000000e-50  1.000000e-50  1.000000e-50  1.000000e-50  1.000000e-50  1.000000e-50  1.000000e-50  1.000000e-50  1.000000e-50  5.295316e-02  1.000000e-50  1.000000e-50  1.000000e-50  1.000000e-50  1.000000e-50  1.000000e-50  1.000000e-50  1.000000e-50  8.146640e-02  9.775967e-02  1.000000e-50  1.000000e-50  1.000000e-50  1.000000e-50  1.000000e-50  1.000000e-50  1.000000e-50  3.054990e-02 
1.000000e-50  1.000000e-50  1.000000e-50  1.337330e-02  1.000000e-50  1.000000e-50  1.000000e-50  3.643071e-02  1.000000e-50  1.000000e-50  1.000000e-50  1.000000e-50  1.000000e-50  1.000000e-50  1.000000e-50  1.000000e-50  4.380908e-03  1.175928e-02  1.000000e-50  1.000000e-50  1.000000e-50  1.000000e-50  1.000000e-50  1.000000e-50  2.997464e-03  4.380908e-03  2.305741e-03  1.000000e-50  1.000000e-50  1.000000e-50  1.000000e-50  1.000000e-50  1.936823e-02  2.813004e-02  4.217201e-01  1.000000e-50  1.000000e-50  5.303205e-03  8.300669e-03  1.000000e-50  1.000000e-50  8.531243e-03  1.000000e-50  1.000000e-50  1.000000e-50  1.000000e-50  1.000000e-50  3.539313e-01  1.000000e-50  1.000000e-50  1.000000e-50  2.928291e-02  1.000000e-50  1.000000e-50  1.000000e-50  1.000000e-50  1.000000e-50  1.000000e-50  5.994927e-03  4.380908e-02 


#DOUBLE_1x60_DISCRETE_HIDDEN_DOMINANT-EIGENVECTOR
3.574000e-02  2.260508e-02  1.104787e-02  2.953421e-03  9.343076e-04  1.006073e-02  1.561098e-02  1.233125e-02  9.909364e-03  1.177718e-02  1.001115e-02  6.787595e-02  1.336684e-03  8.591984e-03  1.474794e-02  4.443838e-03  7.466785e-03  4.251376e-03  1.183483e-02  2.629162e-02  1.879069e-02  1.301673e-02  9.483197e-03  7.510969e-03  6.003106e-03  3.851771e-02  9.638264e-03  2.573912e-02  8.663126e-03  2.490297e-02  2.432452e-02  3.778393e-03  6.310575e-03  7.337569e-03  2.078426e-02  1.345399e-02  3.240510e-02  1.418988e-02  2.522088e-02  2.369215e-02  1.308424e-02  1.262287e-02  3.134480e-02  6.131513e-03  1.399519e-02  1.215342e-02  1.182519e-02  1.488580e-02  1.279164e-02  4.003302e-03  1.084152e-02  1.314721e-02  3.892332e-03  4.979152e-04  1.723112e-02  1.718178e-01  2.571041e-03  2.037282e-03  2.246486e-03  1.929380e-02  

#DOUBLE_60x20_DISCRETE_AA_EMISSION
3.777532e-02  1.673434e-02  7.136705e-03  4.737295e-02  3.777532e-02  1.107420e-03  2.005660e-02  1.711579e-01  4.220500e-02  1.053279e-01  2.165621e-02  1.193552e-02  1.000000e-50  2.547065e-02  5.450966e-02  2.017965e-02  8.379476e-02  2.430171e-01  1.427341e-02  3.851360e-02 
8.133411e-02  2.243027e-02  1.000000e-50  4.739614e-02  8.894090e-02  3.705871e-02  2.633119e-02  6.085430e-02  4.778623e-02  2.535596e-02  2.925688e-02  8.191925e-03  1.000000e-50  3.744880e-02  5.734348e-02  9.323191e-02  9.888824e-02  1.166374e-01  1.969963e-02  1.018139e-01 
2.863962e-02  1.000000e-50  3.500398e-02  2.903739e-02  1.630867e-02  7.955449e-03  3.182180e-03  1.710422e-02  2.466189e-02  1.869531e-02  4.773270e-03  1.869531e-02  7.048528e-01  3.182180e-03  1.511535e-02  4.216388e-02  1.431981e-02  1.630867e-02  1.000000e-50  1.000000e-50 
1.000000e-50  1.000000e-50  1.000000e-50  1.000000e-50  1.000000e-50  1.000000e+00  1.000000e-50  1.000000e-50  1.000000e-50  1.000000e-50  1.000000e-50  1.000000e-50  1.000000e-50  1.000000e-50  1.000000e-50  1.000000e-50  1.000000e-50  1.000000e-50  1.000000e-50  1.000000e-50 
3.333333e-02  1.904762e-02  1.809524e-01  5.238095e-02  4.761905e-03  2.142857e-01  3.333333e-02  9.523810e-03  6.666667e-02  2.380952e-02  1.000000e-50  2.285714e-01  1.000000e-50  2.857143e-02  5.238095e-02  3.809524e-02  9.523810e-03  1.000000e-50  1.000000e-50  4.761905e-03 
1.079266e-01  7.165249e-03  4.299149e-02  7.120466e-02  4.433498e-02  4.299149e-02  1.925661e-02  4.478280e-02  5.015674e-02  1.124048e-01  2.239140e-02  2.239140e-02  1.227049e-01  2.418271e-02  4.433498e-02  5.150022e-02  3.582624e-02  6.090461e-02  2.910882e-02  4.343932e-02 
7.884892e-02  7.482014e-03  1.093525e-01  9.151079e-02  3.482014e-02  4.115108e-02  3.136691e-02  1.064748e-02  7.194245e-02  9.640288e-02  1.812950e-02  4.748201e-02  1.000000e-50  7.223022e-02  5.611511e-02  1.234532e-01  5.755396e-02  5.179856e-03  1.582734e-02  3.050360e-02 
1.294835e-01  1.076040e-02  9.433286e-02  7.137733e-02  2.510760e-02  3.766141e-02  1.865136e-02  1.291248e-02  7.209469e-02  1.219512e-01  3.299857e-02  7.532281e-02  1.000000e-50  5.380201e-02  6.384505e-02  8.895265e-02  3.766141e-02  1.936872e-02  1.183644e-02  2.187948e-02 
4.520796e-03  5.424955e-03  1.989150e-02  7.233273e-03  1.311031e-02  8.512658e-01  9.493671e-03  1.000000e-50  9.945750e-03  6.329114e-03  4.068716e-03  3.481013e-02  1.000000e-50  3.616637e-03  3.164557e-03  1.084991e-02  8.137432e-03  1.000000e-50  1.000000e-50  8.137432e-03 
9.450878e-02  2.054539e-02  1.049682e-01  3.137841e-02  3.399328e-02  4.781472e-02  4.594696e-02  1.000000e-50  1.000000e-50  1.000000e-50  1.045947e-02  1.019798e-01  1.000000e-50  1.000000e-50  2.801644e-02  2.738140e-01  1.636160e-01  1.000000e-50  1.000000e-50  4.295854e-02 
6.589645e-02  1.839966e-02  4.022251e-02  8.130081e-02  2.011125e-02  4.065041e-02  1.412067e-02  1.000000e-50  9.071459e-02  7.103124e-02  1.754386e-02  4.578519e-02  2.451861e-01  2.225075e-02  5.091998e-02  5.434318e-02  3.722721e-02  5.049208e-02  1.000000e-50  3.380402e-02 
4.324499e-02  2.107304e-02  1.990950e-02  6.412411e-02  5.798319e-02  7.369101e-03  3.031674e-02  9.754363e-02  8.034906e-02  8.500323e-02  1.952165e-02  2.630899e-02  1.000000e-50  5.345831e-02  6.134454e-02  4.938591e-02  8.610213e-02  1.292178e-01  1.997414e-02  4.776988e-02 
6.148867e-02  8.090615e-02  1.262136e-01  8.090615e-02  2.912621e-02  2.912621e-02  2.265372e-02  1.294498e-02  8.414239e-02  5.825243e-02  1.294498e-02  1.391586e-01  1.000000e-50  5.501618e-02  6.796117e-02  6.148867e-02  2.265372e-02  2.588997e-02  1.294498e-02  1.618123e-02 
2.270382e-02  6.191950e-03  2.837977e-02  1.289990e-02  8.771930e-03  7.930857e-01  4.643963e-03  2.579979e-03  2.218782e-02  1.135191e-02  2.579979e-03  1.909185e-02  1.000000e-50  8.255934e-03  1.341589e-02  3.302374e-02  1.000000e-50  3.095975e-03  1.547988e-03  6.191950e-03 
1.294439e-01  9.419629e-03  4.254026e-02  7.201459e-02  2.552416e-02  2.825889e-02  1.033121e-02  4.193254e-02  7.961106e-02  7.839562e-02  2.066241e-02  1.276208e-02  1.795807e-01  3.160134e-02  5.530234e-02  5.439076e-02  2.825889e-02  5.803707e-02  1.610453e-02  2.582802e-02 
7.205453e-02  2.823759e-02  1.285297e-01  5.258033e-02  2.629017e-02  4.089581e-02  5.939630e-02  8.763389e-03  6.621227e-02  6.913340e-02  1.557936e-02  1.548199e-01  1.000000e-50  3.310613e-02  7.594937e-02  8.763389e-02  2.823759e-02  1.000000e-50  1.655307e-02  3.602726e-02 
7.071888e-02  1.000000e-50  9.000584e-02  6.604325e-02  3.565167e-02  2.390415e-01  4.324956e-02  1.987142e-02  5.786090e-02  5.376973e-02  1.578025e-02  9.409702e-02  2.337814e-03  2.337814e-02  4.558738e-02  5.493863e-02  3.272940e-02  1.928697e-02  1.402688e-02  2.162478e-02 
7.724868e-02  1.798942e-02  5.608466e-02  5.079365e-02  9.100529e-02  1.000000e-50  7.195767e-02  3.386243e-02  4.761905e-02  4.232804e-02  3.597884e-02  1.216931e-01  1.000000e-50  3.703704e-02  7.195767e-02  4.338624e-02  5.502646e-02  4.338624e-02  1.000000e-50  1.026455e-01 
1.650770e-02  1.467351e-02  1.239912e-01  2.311079e-02  1.000000e-50  5.942773e-02  2.604549e-02  1.000000e-50  1.650770e-02  1.063830e-02  1.000000e-50  7.520176e-02  1.000000e-50  1.907557e-02  1.100514e-02  2.989729e-01  3.030081e-01  1.000000e-50  1.834189e-03  1.000000e-50 
6.059105e-02  1.320786e-03  2.542513e-02  2.658082e-02  6.273733e-03  1.684002e-02  6.934126e-03  4.457652e-03  3.252435e-02  1.122668e-02  6.108635e-03  5.283143e-03  7.341918e-01  6.934126e-03  2.080238e-02  2.030708e-02  1.650982e-03  5.778438e-03  3.136866e-03  3.632161e-03 
7.104713e-02  2.832598e-02  8.195960e-02  6.686789e-02  3.320176e-02  1.037845e-01  3.738101e-02  2.809380e-02  7.917344e-02  6.175993e-02  1.927095e-02  5.804504e-02  1.000000e-50  3.830973e-02  4.643603e-02  1.068029e-01  7.290457e-02  3.111214e-02  1.439517e-02  2.112840e-02 
8.844221e-02  5.025126e-03  1.648241e-01  2.271357e-01  1.000000e-50  6.398660e-02  3.484087e-02  1.000000e-50  4.891122e-02  1.000000e-50  1.775544e-02  1.000000e-50  1.340034e-03  6.398660e-02  3.986600e-02  6.164154e-02  6.465662e-02  7.470687e-02  8.710218e-03  3.417085e-02 
6.816060e-02  8.870215e-03  1.423903e-01  5.368814e-02  4.435107e-02  4.201681e-02  2.847806e-02  2.427638e-02  4.108310e-02  8.169935e-02  2.007470e-02  1.111111e-01  1.381886e-01  4.014939e-02  4.715219e-02  3.267974e-02  1.727358e-02  2.380952e-02  9.803922e-03  2.474323e-02 
3.907638e-02  1.184133e-02  1.113085e-01  5.861456e-02  1.598579e-02  8.703375e-02  3.433985e-02  1.000000e-50  1.391356e-01  2.249852e-02  1.598579e-02  2.528123e-01  1.000000e-50  6.512729e-02  8.229722e-02  3.493191e-02  1.000000e-50  1.776199e-03  1.124926e-02  1.598579e-02 
5.956813e-02  1.861504e-02  1.422189e-01  4.169769e-02  3.201787e-02  1.005212e-01  3.797468e-02  1.000000e-50  4.318690e-02  2.680566e-02  1.712584e-02  2.777364e-01  1.000000e-50  4.467610e-02  4.020849e-02  6.254654e-02  4.467610e-03  1.000000e-50  1.191363e-02  3.871929e-02 
1.305287e-01  2.296760e-02  4.548039e-02  6.242183e-02  4.820921e-02  2.478681e-02  1.557703e-02  5.491757e-02  5.946561e-02  1.524730e-01  3.467879e-02  2.797044e-02  1.000000e-50  4.582149e-02  4.866401e-02  5.514497e-02  5.662308e-02  6.185333e-02  1.705514e-02  3.536100e-02 
2.542765e-02  1.248266e-02  9.893666e-02  1.294498e-02  6.472492e-03  5.080906e-01  1.294498e-02  1.000000e-50  3.190014e-02  2.172908e-02  8.321775e-03  4.438280e-02  1.941748e-02  1.294498e-02  2.866389e-02  8.784096e-02  3.975959e-02  6.472492e-03  1.000000e-50  2.126676e-02 
1.594976e-01  9.291122e-03  4.507915e-02  8.310392e-02  2.288369e-02  2.529250e-02  1.015141e-02  4.060564e-02  9.893324e-02  1.452168e-01  3.251893e-02  4.542326e-02  1.000000e-50  5.695114e-02  7.863042e-02  5.264969e-02  2.546456e-02  3.785272e-02  9.291122e-03  2.116311e-02 
3.225806e-02  1.000000e-50  1.469534e-01  7.680492e-02  1.280082e-02  1.126472e-02  2.764977e-02  3.328213e-02  1.618024e-01  4.813108e-02  8.704557e-03  3.481823e-02  1.000000e-50  6.349206e-02  7.117256e-02  7.731695e-02  1.198157e-01  5.581157e-02  1.000000e-50  1.792115e-02 
1.030636e-01  1.540641e-02  3.789623e-02  9.279263e-02  3.683372e-02  4.019834e-02  2.036480e-02  7.897999e-02  6.357358e-02  1.421994e-01  2.567735e-02  2.337524e-02  1.292722e-02  4.232336e-02  6.516735e-02  3.417744e-02  3.789623e-02  7.632371e-02  1.576058e-02  3.506287e-02 
8.776356e-02  7.749144e-03  6.848081e-02  1.182195e-01  1.874212e-02  3.586232e-02  1.946297e-02  3.261849e-02  5.892954e-02  4.595423e-02  1.099297e-02  2.829339e-02  2.063435e-01  3.910615e-02  4.036763e-02  6.073166e-02  3.424040e-02  4.072806e-02  1.964318e-02  2.577041e-02 
8.235294e-02  8.235294e-03  9.882353e-02  1.105882e-01  1.000000e-50  8.823529e-02  1.882353e-02  1.000000e-50  5.411765e-02  5.764706e-02  9.411765e-03  5.176471e-02  1.011765e-01  5.764706e-02  6.705882e-02  8.235294e-02  5.529412e-02  2.470588e-02  1.000000e-50  3.176471e-02 
1.000000e-50  1.000000e-50  1.000000e-50  1.000000e-50  1.000000e-50  1.000000e+00  1.000000e-50  1.000000e-50  1.000000e-50  1.000000e-50  1.000000e-50  1.000000e-50  1.000000e-50  1.000000e-50  1.000000e-50  1.000000e-50  1.000000e-50  1.000000e-50  1.000000e-50  1.000000e-50 
6.007282e-02  4.126214e-02  3.458738e-02  2.002427e-02  6.796117e-02  4.126214e-02  5.157767e-02  5.036408e-02  4.247573e-02  1.553398e-01  5.036408e-02  5.582524e-02  1.000000e-50  4.915049e-02  3.519417e-02  3.519417e-02  8.980583e-02  6.189320e-02  2.245146e-02  3.519417e-02 
7.698798e-02  9.280742e-03  3.079519e-02  7.614427e-02  5.336427e-02  2.003797e-02  1.877241e-02  9.175279e-02  8.563594e-02  1.461717e-01  2.362371e-02  3.206075e-02  1.000000e-50  5.927020e-02  5.589538e-02  3.206075e-02  4.809112e-02  8.774520e-02  1.645223e-02  3.585741e-02 
7.049180e-02  2.688525e-02  5.409836e-02  5.049180e-02  2.885246e-02  4.295082e-02  1.803279e-02  1.475410e-02  6.163934e-02  7.639344e-02  1.639344e-02  2.426230e-02  2.796721e-01  2.688525e-02  4.327869e-02  6.032787e-02  3.344262e-02  1.639344e-02  2.262295e-02  3.213115e-02 
7.038603e-02  2.373482e-02  3.014596e-02  5.306234e-02  7.734279e-02  3.478379e-02  2.046106e-02  5.360797e-02  6.452053e-02  1.383167e-01  1.909699e-02  3.464739e-02  1.000000e-50  3.478379e-02  5.920065e-02  4.924294e-02  7.024962e-02  6.956759e-02  3.082799e-02  6.602101e-02 
1.247631e-01  2.621605e-02  6.632975e-02  9.222994e-02  4.358812e-02  1.000000e-50  4.264056e-02  4.200884e-02  7.296273e-02  5.211623e-02  1.674037e-02  3.506001e-02  1.000000e-50  3.790272e-02  5.969678e-02  1.118130e-01  4.895768e-02  6.190777e-02  1.674037e-02  4.832596e-02 
1.211477e-01  1.487779e-02  7.066950e-02  1.002480e-01  2.444208e-02  5.632306e-02  3.312079e-02  2.603613e-02  7.403471e-02  6.181367e-02  1.523202e-02  4.126815e-02  2.072264e-02  4.481049e-02  5.331208e-02  1.239816e-01  4.410202e-02  2.922423e-02  1.930570e-02  2.532767e-02 
6.691519e-02  3.336440e-02  3.243243e-02  4.137931e-02  6.337372e-02  3.485555e-02  2.982293e-02  6.300093e-02  4.622554e-02  4.808947e-02  1.733458e-02  2.087605e-02  1.000000e-50  4.342964e-02  5.107176e-02  8.704567e-02  1.202237e-01  1.196645e-01  1.752097e-02  6.337372e-02 
1.121686e-01  1.257648e-02  8.497621e-02  8.463630e-02  2.243372e-02  3.331067e-02  2.243372e-02  2.753229e-02  8.599592e-02  8.701564e-02  9.517335e-03  3.229096e-02  7.036030e-02  3.195105e-02  6.220258e-02  7.715840e-02  6.492182e-02  4.316791e-02  1.495581e-02  2.039429e-02 
5.742779e-02  3.576341e-02  2.819807e-02  8.253095e-02  5.330124e-02  1.272352e-02  2.303989e-02  8.803301e-02  7.221458e-02  1.317056e-01  1.685007e-02  2.613480e-02  1.000000e-50  4.229711e-02  4.779917e-02  3.198074e-02  5.123796e-02  1.155433e-01  2.407153e-02  5.914718e-02 
2.375533e-02  1.237553e-02  9.672831e-03  3.214794e-02  5.462304e-02  1.152205e-02  1.920341e-02  1.990043e-01  3.869132e-02  1.648649e-01  1.778094e-02  1.365576e-02  1.000000e-50  1.593172e-02  2.816501e-02  1.280228e-02  6.073969e-02  2.320057e-01  1.123755e-02  4.182077e-02 
6.404658e-02  1.018923e-02  5.312955e-02  4.949054e-02  2.547307e-02  2.183406e-02  2.328967e-02  1.004367e-01  5.895197e-02  1.506550e-01  2.328967e-02  3.202329e-02  1.237263e-02  2.838428e-02  4.657933e-02  5.458515e-02  6.768559e-02  1.491994e-01  1.018923e-02  1.819505e-02 
1.179095e-02  4.493308e-02  4.515615e-01  2.740599e-02  1.210962e-02  1.000000e-50  1.912046e-02  1.338432e-02  9.878904e-03  9.878904e-03  4.780115e-03  2.546208e-01  1.000000e-50  8.604207e-03  2.390057e-02  6.978967e-02  1.274697e-03  1.274697e-02  7.966858e-03  1.625239e-02 
4.462692e-02  2.998929e-02  1.717244e-01  3.962870e-02  5.498036e-02  1.000000e-50  4.034273e-02  7.461621e-02  3.284541e-02  1.074616e-01  2.249197e-02  1.128169e-01  1.000000e-50  2.677615e-02  3.463049e-02  4.105677e-02  1.035345e-02  9.710818e-02  1.428061e-02  4.426990e-02 
5.235797e-02  1.968065e-02  1.930932e-02  4.530264e-02  4.270330e-02  3.713331e-03  1.262532e-02  1.607872e-01  5.384330e-02  1.511326e-01  2.450798e-02  2.227999e-02  1.968065e-02  3.230598e-02  4.233197e-02  1.559599e-02  4.418864e-02  2.072039e-01  1.670999e-02  1.373932e-02 
4.607046e-02  2.619693e-02  3.131587e-02  6.443842e-02  8.190304e-02  1.595905e-02  4.546823e-02  5.209274e-02  6.112617e-02  1.144234e-01  3.161698e-02  5.630834e-02  1.000000e-50  3.794038e-02  4.486600e-02  5.058717e-02  9.003312e-02  6.624511e-02  1.716350e-02  6.624511e-02 
4.496340e-02  1.289648e-02  8.086441e-02  4.566051e-02  5.681422e-02  2.579296e-02  2.335308e-02  2.753573e-02  5.646567e-02  5.193447e-02  1.359359e-02  9.689787e-02  1.000000e-50  3.032415e-02  6.169397e-02  8.469850e-02  1.749739e-01  3.903799e-02  2.230742e-02  5.019170e-02 
1.521499e-01  1.653804e-02  2.535832e-02  6.394708e-02  2.646086e-02  1.543550e-02  2.094818e-02  2.425579e-02  8.379272e-02  2.271224e-01  2.756340e-02  5.071665e-02  1.000000e-50  2.756340e-02  7.607497e-02  6.835722e-02  3.748622e-02  3.087100e-02  1.000000e-50  2.535832e-02 
1.062092e-02  1.000000e-50  1.511438e-02  3.267974e-03  2.859477e-03  9.142157e-01  4.493464e-03  1.633987e-03  5.310458e-03  8.169935e-04  3.267974e-03  1.000000e-50  1.000000e-50  6.127451e-03  2.859477e-03  1.674837e-02  9.803922e-03  2.859477e-03  1.000000e-50  1.000000e-50 
1.072386e-02  6.032172e-03  2.181635e-01  4.758713e-02  4.993298e-02  6.668901e-02  5.361930e-02  1.608579e-02  3.284182e-02  4.256032e-02  9.383378e-03  1.903485e-01  1.000000e-50  2.882038e-02  4.792225e-02  3.150134e-02  5.227882e-02  1.541555e-02  1.139410e-02  6.869973e-02 
1.000000e-50  1.000000e-50  1.000000e-50  1.000000e-50  1.000000e-50  9.813737e-01  1.000000e-50  1.000000e-50  1.396973e-02  1.000000e-50  4.656577e-03  1.000000e-50  1.000000e-50  1.000000e-50  1.000000e-50  1.000000e-50  1.000000e-50  1.000000e-50  1.000000e-50  1.000000e-50 
1.545455e-01  1.000000e-50  2.727273e-01  2.272727e-01  1.000000e-50  1.000000e-50  1.000000e-50  1.000000e-50  1.000000e-50  1.000000e-50  1.000000e-50  5.454545e-02  1.000000e-50  1.000000e-50  5.454545e-02  2.363636e-01  1.000000e-50  1.000000e-50  1.000000e-50  1.000000e-50 
1.832731e-01  2.607124e-02  4.181724e-02  5.653072e-02  8.750645e-02  1.006711e-01  3.484770e-02  1.000000e-50  4.697987e-02  4.672173e-02  2.168301e-02  3.071760e-02  1.000000e-50  2.916882e-02  5.549819e-02  1.133196e-01  3.200826e-02  1.032525e-02  2.323180e-02  5.962829e-02 
1.319529e-01  1.284200e-02  3.981536e-02  8.141004e-02  4.270353e-02  3.151190e-02  1.890198e-02  7.117254e-02  6.761391e-02  1.303541e-01  3.037727e-02  3.060935e-02  2.836587e-04  4.958869e-02  6.392635e-02  3.630831e-02  3.870652e-02  7.166250e-02  1.518863e-02  3.507053e-02 
8.053691e-02  1.000000e-50  2.013423e-01  2.953020e-01  1.000000e-50  1.000000e-50  1.000000e-50  3.355705e-02  1.593960e-01  4.362416e-02  3.187919e-02  1.000000e-50  1.000000e-50  1.000000e-50  5.201342e-02  1.000000e-50  7.885906e-02  2.348993e-02  1.000000e-50  1.000000e-50 
3.076923e-02  1.450549e-01  4.835165e-02  6.373626e-02  2.417582e-02  2.637363e-02  1.978022e-02  4.395604e-03  4.615385e-02  9.450549e-02  1.000000e-50  4.395604e-02  1.000000e-50  1.000000e-50  3.296703e-02  1.164835e-01  2.813187e-01  1.000000e-50  1.000000e-50  2.197802e-02 
1.016260e-01  4.065041e-03  2.235772e-02  9.756098e-02  2.235772e-02  1.605691e-01  6.097561e-03  2.032520e-03  1.056911e-01  2.642276e-02  1.000000e-50  5.894309e-02  9.349593e-02  2.439024e-02  4.878049e-02  9.349593e-02  7.113821e-02  2.642276e-02  8.130081e-03  2.642276e-02 
1.222274e-01  1.247689e-02  7.024030e-02  1.319316e-01  2.541590e-02  3.951017e-02  1.732902e-02  2.379852e-02  7.925139e-02  9.311460e-02  3.119224e-02  4.967652e-02  4.852126e-03  5.568392e-02  8.133087e-02  7.832717e-02  3.304067e-02  1.917745e-02  1.132163e-02  2.010166e-02 


#DOUBLE_60x3_DISCRETE_SS_EMISSION
1.000000e-50  1.000000e+00  1.000000e-50 
1.000000e-50  1.000000e+00  1.000000e-50 
1.602564e-03  8.413462e-03  9.899840e-01 
1.000000e-50  1.000000e-50  1.000000e+00 
1.000000e-50  9.000000e-01  1.000000e-01 
1.000000e+00  1.000000e-50  1.000000e-50 
1.000000e-50  1.000000e-50  1.000000e+00 
1.070282e-03  1.000000e-50  9.989297e-01 
1.000000e-50  9.053871e-04  9.990946e-01 
1.000000e-50  1.000000e-50  1.000000e+00 
4.293688e-03  1.000000e-50  9.957063e-01 
1.000000e-50  1.000000e-50  1.000000e+00 
4.918033e-02  1.000000e-50  9.508197e-01 
4.259740e-02  2.337662e-02  9.340260e-01 
6.053269e-04  1.210654e-03  9.981840e-01 
1.000000e-50  1.000000e-50  1.000000e+00 
1.748252e-03  1.000000e-50  9.982517e-01 
1.000000e-50  8.359457e-03  9.916405e-01 
1.000000e-50  2.186589e-02  9.781341e-01 
1.000000e-50  3.322811e-03  9.966772e-01 
1.804477e-02  1.000000e-50  9.819552e-01 
1.000000e+00  1.000000e-50  1.000000e-50 
1.000000e-50  1.539179e-02  9.846082e-01 
1.000000e-50  1.000000e-50  1.000000e+00 
1.000000e-50  1.000000e-50  1.000000e+00 
1.000000e-50  1.000000e-50  1.000000e+00 
1.000000e-50  4.059729e-02  9.594027e-01 
1.000000e+00  1.000000e-50  1.000000e-50 
1.000000e-50  1.000000e-50  1.000000e+00 
1.000000e+00  1.000000e-50  1.000000e-50 
1.000000e+00  1.000000e-50  1.000000e-50 
1.000000e-50  1.000000e-50  1.000000e+00 
1.000000e-50  7.017544e-03  9.929825e-01 
1.000000e-50  9.732360e-03  9.902676e-01 
1.000000e+00  1.000000e-50  1.000000e-50 
1.000000e-50  1.000000e+00  1.000000e-50 
1.000000e-50  1.000000e+00  1.000000e-50 
3.131851e-04  1.000000e-50  9.996868e-01 
1.000000e-50  1.000000e-50  1.000000e+00 
1.000000e-50  1.000000e+00  1.000000e-50 
1.000000e-50  5.119454e-03  9.948805e-01 
1.754386e-03  1.000000e-50  9.982456e-01 
1.000000e-50  1.000000e+00  1.000000e-50 
1.000000e-50  9.992733e-01  7.267442e-04 
1.936108e-03  1.000000e-50  9.980639e-01 
1.000000e-50  9.862468e-01  1.375317e-02 
1.000000e-50  1.000000e+00  1.000000e-50 
1.000000e+00  1.000000e-50  1.000000e-50 
1.000000e-50  1.406964e-02  9.859304e-01 
1.000000e+00  1.000000e-50  1.000000e-50 
1.000000e-50  3.833671e-01  6.166329e-01 
1.000000e-50  1.000000e-50  1.000000e+00 
1.000000e-50  1.000000e-50  1.000000e+00 
1.000000e-50  1.000000e-50  1.000000e+00 
1.000000e-50  1.000000e+00  1.000000e-50 
1.000000e+00  1.000000e-50  1.000000e-50 
1.672241e-03  1.000000e-50  9.983278e-01 
1.000000e-50  1.000000e-50  1.000000e+00 
6.693712e-02  1.000000e-50  9.330629e-01 
9.979248e-01  1.000000e-50  2.075167e-03 


#DOUBLE_60x2_DISCRETE_CIS_EMISSION
9.997548e-01  2.452483e-04 
1.000000e+00  1.000000e-50 
9.425608e-01  5.743917e-02 
1.000000e+00  1.000000e-50 
1.000000e+00  1.000000e-50 
1.000000e+00  1.000000e-50 
1.000000e+00  1.000000e-50 
1.000000e+00  1.000000e-50 
1.000000e+00  1.000000e-50 
1.000000e+00  1.000000e-50 
9.785316e-01  2.146844e-02 
9.990280e-01  9.720062e-04 
1.000000e+00  1.000000e-50 
9.968831e-01  3.116883e-03 
1.000000e+00  1.000000e-50 
1.000000e+00  1.000000e-50 
1.000000e+00  1.000000e-50 
1.000000e+00  1.000000e-50 
1.000000e+00  1.000000e-50 
9.525070e-01  4.749297e-02 
9.995407e-01  4.593477e-04 
1.000000e+00  1.000000e-50 
1.000000e+00  1.000000e-50 
1.000000e+00  1.000000e-50 
1.000000e+00  1.000000e-50 
1.000000e+00  1.000000e-50 
9.981456e-01  1.854427e-03 
1.000000e+00  1.000000e-50 
1.000000e+00  1.000000e-50 
1.000000e+00  1.000000e-50 
1.000000e+00  1.000000e-50 
1.000000e+00  1.000000e-50 
1.000000e+00  1.000000e-50 
1.000000e+00  1.000000e-50 
1.000000e+00  1.000000e-50 
1.000000e+00  1.000000e-50 
1.000000e+00  1.000000e-50 
1.000000e+00  1.000000e-50 
1.000000e+00  1.000000e-50 
1.000000e+00  1.000000e-50 
1.000000e+00  1.000000e-50 
1.000000e+00  1.000000e-50 
1.000000e+00  1.000000e-50 
9.992722e-01  7.278020e-04 
1.000000e+00  1.000000e-50 
1.000000e+00  1.000000e-50 
1.000000e+00  1.000000e-50 
1.000000e+00  1.000000e-50 
9.955017e-01  4.498270e-03 
1.000000e+00  1.000000e-50 
1.000000e+00  1.000000e-50 
1.000000e+00  1.000000e-50 
1.000000e+00  1.000000e-50 
1.000000e+00  1.000000e-50 
1.000000e+00  1.000000e-50 
1.000000e+00  1.000000e-50 
1.000000e+00  1.000000e-50 
1.000000e+00  1.000000e-50 
1.000000e+00  1.000000e-50 
1.000000e+00  1.000000e-50 


#DOUBLE_60x3_TORUS_TORUS_KAPPA
3.482519e+01  3.530005e+01  4.176032e+00 
3.817008e+01  3.825805e+01  7.578081e+00 
6.500268e+01  5.616388e+01  2.464422e+01 
6.778763e+01  8.883725e+01  2.960566e+01 
3.786668e+01  2.194233e+01  1.034832e+01 
1.522620e+02  1.066033e+02  4.741641e+01 
9.740499e+01  1.061605e+02  4.070861e+01 
9.177710e+01  9.222624e+01  3.471233e+01 
1.105301e+02  9.178601e+01  4.263269e+01 
1.434003e+01  1.084367e+01  -8.584240e-01 
1.028695e+01  5.537544e+00  8.964394e-01 
9.756393e+00  1.118829e+01  2.593629e+00 
3.279135e+01  1.547312e+01  6.684977e+00 
2.679022e+01  1.487103e+01  7.686976e+00 
1.613024e+02  1.128109e+02  4.881439e+01 
1.180623e+01  8.512443e+00  1.971833e+00 
1.859459e+01  5.479328e+00  2.357525e+00 
3.416980e+01  2.098537e+01  -1.633963e+00 
2.045752e+01  4.081674e+01  8.089417e+00 
7.377802e+01  5.013256e+01  2.107240e+01 
3.665031e+00  2.836655e+00  1.160917e-01 
2.125469e+02  1.785481e+02  5.802695e+01 
4.808446e+01  8.979466e+00  -1.024078e+00 
1.617041e+02  7.558092e+01  4.128231e+01 
1.718766e+02  1.022505e+02  5.237286e+01 
2.866606e+01  2.352542e+01  4.578422e+00 
2.290747e+01  1.836731e+01  6.720108e+00 
2.503112e+02  1.640371e+02  7.277726e+01 
2.156840e+01  2.010562e+01  5.761657e+00 
3.687506e+01  3.069411e+01  5.173271e+00 
1.843432e+02  1.301305e+02  5.711063e+01 
1.597965e+01  8.717431e+00  2.199713e+00 
1.364646e+01  9.645096e+00  2.464290e+00 
3.688750e+01  3.063315e+01  1.219415e+01 
8.049306e+01  7.214411e+01  2.120737e+01 
3.256260e+01  2.714625e+01  5.430650e+00 
2.354851e+01  3.031997e+01  6.894360e+00 
6.319581e+01  5.455446e+01  1.053218e+01 
2.067294e+02  1.294066e+02  6.323372e+01 
1.559956e+01  9.260560e+00  1.584571e+00 
6.909809e+01  5.951601e+01  2.335792e+01 
5.888029e+00  8.872388e+00  -1.352658e+00 
3.451493e+01  4.638287e+01  3.651680e+00 
1.387718e+01  1.306188e+01  3.069445e+00 
1.643826e+00  1.183738e+01  -5.572529e+00 
5.949157e+00  1.220028e+01  -4.407401e+00 
1.468750e+01  1.306846e+01  -1.000204e+01 
1.930524e+01  1.942513e+01  5.635982e+00 
2.438735e+01  1.900186e+01  6.318259e+00 
1.335675e+02  1.410666e+02  5.771066e+01 
2.316432e+00  4.417817e+00  -6.181477e-01 
4.409612e+01  4.365193e+01  1.426405e+01 
9.886620e+01  8.810899e+01  3.691830e+01 
2.723145e+01  2.494823e+01  1.957024e-01 
4.216527e+01  2.301792e+01  7.541193e+00 
3.022409e+02  2.423861e+02  8.850483e+01 
4.520524e+01  1.696445e+01  5.570954e+00 
3.280354e+01  5.905290e+01  1.523668e+01 
2.701371e+00  4.140635e+00  -9.937135e-01 
5.708388e+01  5.162344e+01  1.419245e+01 


#DOUBLE_60x2_TORUS_TORUS_MU
-2.216902e+00  2.269515e+00 
-2.358518e+00  2.680654e+00 
-1.175212e+00  -2.969056e-01 
1.563497e+00  1.466186e-01 
1.010220e+00  7.947049e-01 
-9.452688e-01  -7.256404e-01 
-1.508160e+00  -1.530965e-01 
-1.506840e+00  2.344536e-02 
1.425147e+00  4.196085e-03 
-2.623506e+00  2.857763e+00 
-1.229240e+00  2.332988e+00 
-2.056771e+00  2.461461e+00 
8.839246e-01  9.137570e-01 
1.272930e+00  -2.735091e+00 
-9.707926e-01  -6.088181e-01 
-2.496478e+00  1.471028e+00 
1.115513e+00  5.906044e-01 
-2.310159e+00  1.272375e+00 
-1.499027e+00  2.887518e+00 
-1.137139e+00  2.584405e+00 
-1.907630e+00  -1.582485e-01 
-1.182587e+00  -7.191687e-01 
-1.471293e+00  1.268870e+00 
1.020416e+00  6.542459e-01 
9.409152e-01  6.937814e-01 
-1.289169e+00  2.513852e+00 
-1.534953e+00  -3.091476e+00 
-1.088284e+00  -5.689742e-01 
-1.711570e+00  -4.193055e-01 
-1.011782e+00  -8.382119e-01 
-1.043824e+00  -6.358304e-01 
-1.067057e+00  -6.786616e-01 
1.743586e+00  -8.923246e-02 
-1.899522e+00  2.615670e-01 
-1.309200e+00  -7.539312e-01 
-1.277659e+00  2.485995e+00 
-1.826356e+00  2.482576e+00 
-1.044897e+00  2.340515e+00 
-1.128622e+00  -3.401789e-01 
-2.325292e+00  2.544135e+00 
-1.215656e+00  -5.839086e-01 
-1.592024e+00  -6.891046e-01 
-1.913979e+00  2.161147e+00 
-1.659717e+00  -5.242956e-01 
-1.654325e+00  1.957447e+00 
-1.840863e+00  1.865741e+00 
-1.473877e+00  2.104652e+00 
-1.666774e+00  -4.008255e-01 
-1.974547e+00  7.898942e-02 
-1.491875e+00  -2.115201e-01 
2.629976e+00  -3.074942e+00 
-1.761619e+00  2.375014e-01 
1.343226e+00  4.009871e-01 
-1.235829e+00  -7.284805e-01 
-2.723279e+00  2.688112e+00 
-1.102989e+00  -7.403514e-01 
-1.160399e+00  -4.788573e-01 
-1.668192e+00  -2.322206e-01 
-1.071754e+00  -1.275834e+00 
-1.188615e+00  -4.679162e-01 


