#DOUBLE_1x55_DISCRETE_HIDDEN_DOMINANT-EIGENVECTOR
1.335780e-02 3.699140e-03 1.032440e-02 2.195600e-02 1.151550e-02 5.499970e-04 1.983300e-02 3.155490e-03 2.962090e-02 1.123530e-02 2.397420e-02 8.073210e-03 1.048270e-02 9.423080e-03 2.374840e-02 7.820470e-02 1.001370e-02 6.184770e-03 5.103240e-03 2.071790e-02 2.997650e-02 8.744720e-03 1.959710e-02 2.267800e-02 2.425850e-02 3.465350e-02 4.740010e-02 2.434360e-03 1.490440e-02 1.220540e-02 2.448300e-02 8.521580e-03 7.874070e-03 1.201110e-02 1.286430e-03 3.011210e-02 1.274340e-02 2.553260e-03 3.630980e-02 4.308920e-02 1.000810e-02 1.258160e-02 1.259930e-02 1.173450e-02 8.356100e-03 1.147390e-02 8.054150e-03 2.677160e-02 3.007190e-02 1.240830e-03 4.412110e-02 5.375680e-02 8.510950e-03 7.236740e-03 3.647250e-02 

#DOUBLE_1x55_DISCRETE_HIDDEN_START
1.000000e-50 1.000000e-50 1.000000e-50 3.019740e-02 1.567940e-02 1.000000e-50 5.168410e-02 1.000000e-50 1.000000e-50 1.000000e-50 1.000000e-50 1.000000e-50 1.000000e-50 1.000000e-50 1.103370e-02 6.213700e-02 1.000000e-50 1.000000e-50 1.742160e-02 3.948900e-02 3.077820e-02 1.000000e-50 3.948900e-02 1.000000e-50 5.516840e-02 1.039490e-01 1.000000e-50 1.000000e-50 2.613240e-02 1.916380e-02 6.271780e-02 6.968640e-03 1.000000e-50 1.000000e-50 1.000000e-50 7.433220e-02 6.968640e-03 1.000000e-50 8.536590e-02 2.032520e-02 1.000000e-50 1.000000e-50 1.000000e-50 1.045300e-02 7.549360e-03 1.000000e-50 1.000000e-50 4.936120e-02 6.387920e-03 1.000000e-50 1.196280e-01 3.716610e-02 1.000000e-50 1.000000e-50 1.045300e-02 

#DOUBLE_1x55_TORUS_TORUS_LOGNORMCONST
2.748823e+02 1.320094e+01 1.125280e+02 3.783275e+01 3.618300e+01 1.907847e+02 9.645782e+00 5.676719e+01 9.858866e+02 3.472392e+02 6.883998e+02 3.551393e+02 2.761210e+02 9.985576e+01 3.752869e+01 3.235544e+01 9.395234e+01 2.382372e+01 1.033968e+02 4.015552e+02 4.153030e+01 6.866283e+01 7.855704e+00 2.402037e+01 3.196012e+01 5.871002e+01 1.285215e+03 3.008162e+02 6.218005e+01 2.733652e+02 9.441469e+00 1.464002e+02 2.391545e+02 3.313850e+02 3.474254e+01 8.019546e+01 5.750113e+01 6.138019e+01 1.751605e+01 6.146179e+01 4.604244e+01 6.286629e+02 1.805871e+02 1.683848e+02 1.218663e+02 4.394564e+02 1.417267e+02 1.435695e+01 8.554281e+02 1.756899e+02 1.925290e+01 5.896789e+01 1.910475e+02 2.477061e+02 8.187236e+02 

#DOUBLE_1x55_TORUS_TORUS_SCALE-ENVELOPE
-3.601962e-04 2.159825e-04 2.077379e-02 -1.156341e-03 -4.373321e-03 8.919401e-03 7.090423e-03 5.533476e-03 4.356425e-03 1.318780e-02 3.847096e-03 2.040290e-02 1.985580e-03 1.744372e-03 -3.922884e-03 -6.758090e-03 -5.830812e-04 -8.720319e-03 2.078976e-02 4.220142e-03 -6.618390e-03 -3.111027e-03 3.246315e-03 6.010858e-04 -3.790241e-03 -2.465286e-03 1.911583e-03 1.666786e-02 -1.884817e-03 1.414987e-02 2.799313e-04 1.686958e-03 1.414920e-02 6.975825e-03 5.041540e-04 2.629722e-03 3.107527e-03 -4.386849e-03 2.161358e-06 5.176179e-02 -1.830373e-05 1.747413e-03 8.938954e-03 1.331273e-02 -1.960970e-03 5.314884e-03 8.760812e-03 9.002673e-04 3.633114e-03 4.863069e-03 1.348297e-03 -5.814646e-03 4.325746e-04 -5.738421e-04 1.397485e-03 

#DOUBLE_55x20_DISCRETE_AA_EMISSION
1.112370e-01 1.415230e-02 3.198410e-02 6.396830e-02 6.283610e-02 4.755170e-02 1.811490e-02 6.623270e-02 6.594960e-02 1.242570e-01 1.585060e-02 1.783190e-02 1.811490e-02 4.500420e-02 6.481740e-02 2.773850e-02 5.292950e-02 7.557320e-02 2.575710e-02 5.009910e-02 
6.311640e-02 4.339250e-02 1.479290e-02 1.025640e-01 5.719920e-02 2.761340e-02 2.071010e-02 1.104540e-01 4.339250e-02 1.104540e-01 2.071010e-02 2.268240e-02 1.000000e-50 3.944770e-02 3.057200e-02 5.029590e-02 4.930970e-02 1.203160e-01 2.761340e-02 4.536490e-02 
6.201830e-02 1.798170e-02 1.027520e-01 7.963300e-02 6.678900e-02 2.642200e-02 2.348620e-02 2.018350e-02 6.899080e-02 1.200000e-01 2.495410e-02 6.385320e-02 1.000000e-50 6.605500e-02 5.321100e-02 5.284400e-02 3.633030e-02 3.045870e-02 2.238530e-02 6.165140e-02 
3.606060e-02 2.160230e-02 8.555880e-02 3.418950e-02 5.749280e-02 2.296310e-02 3.555030e-02 3.180810e-02 5.630210e-02 8.062600e-02 2.211260e-02 1.035890e-01 1.000000e-50 4.048310e-02 5.630210e-02 6.378640e-02 1.437320e-01 4.405510e-02 2.228270e-02 4.150370e-02 
9.327890e-02 1.915830e-02 4.679650e-02 1.228020e-01 2.952260e-02 4.993720e-02 2.512560e-02 4.711060e-02 7.726130e-02 1.262560e-01 2.072860e-02 2.355530e-02 2.889450e-02 3.957290e-02 6.281410e-02 4.742460e-02 3.768840e-02 5.182160e-02 1.350500e-02 3.674620e-02 
2.328770e-01 1.000000e-50 1.000000e-50 1.000000e-50 1.000000e-50 1.000000e-50 1.000000e-50 1.301370e-01 4.109590e-02 2.739730e-01 3.424660e-02 1.000000e-50 1.000000e-50 6.164380e-02 6.164380e-02 8.219180e-02 8.219180e-02 1.000000e-50 1.000000e-50 1.000000e-50 
7.207370e-02 1.861750e-02 1.185250e-01 6.046080e-02 3.723500e-02 6.580650e-02 3.115210e-02 1.972350e-02 6.082950e-02 7.207370e-02 2.267280e-02 9.493090e-02 1.024880e-01 3.594470e-02 5.308760e-02 5.953920e-02 2.691240e-02 1.529950e-02 9.216590e-03 2.341010e-02 
7.134500e-02 1.520470e-02 1.309940e-01 7.602340e-02 2.456140e-02 6.198830e-02 3.508770e-02 1.520470e-02 4.912280e-02 8.304090e-02 3.742690e-02 1.029240e-01 1.988300e-02 3.391810e-02 6.081870e-02 5.380120e-02 4.912280e-02 2.339180e-02 2.339180e-02 3.274850e-02 
1.414890e-01 1.666050e-02 3.630490e-02 6.664180e-02 3.443990e-02 2.387170e-02 1.703340e-02 5.383560e-02 7.509640e-02 1.761780e-01 3.816980e-02 3.406690e-02 1.000000e-50 4.053210e-02 7.895060e-02 3.083430e-02 2.971530e-02 5.495460e-02 1.802810e-02 3.319660e-02 
1.039790e-01 1.638250e-02 8.692740e-02 1.317290e-01 2.240050e-02 5.048480e-02 3.543970e-02 1.738550e-02 7.221660e-02 4.714140e-02 1.337350e-02 3.911740e-02 4.546970e-02 4.246070e-02 5.015050e-02 1.290540e-01 4.246070e-02 1.537950e-02 1.805420e-02 2.039450e-02 
1.166510e-01 1.413480e-02 6.166510e-02 1.098170e-01 3.557010e-02 3.634670e-02 2.236720e-02 3.168690e-02 5.560730e-02 1.076420e-01 3.261880e-02 5.125820e-02 1.000000e-50 5.529670e-02 7.315940e-02 6.415040e-02 3.479340e-02 4.644300e-02 1.786270e-02 3.292950e-02 
1.584520e-01 1.013360e-02 8.337170e-02 9.580840e-02 1.658220e-02 4.237680e-02 1.934590e-02 3.132200e-02 9.028100e-02 4.606170e-02 1.289730e-02 3.178260e-02 1.000000e-50 5.066790e-02 7.830490e-02 1.404880e-01 4.421930e-02 2.533390e-02 7.830490e-03 1.473980e-02 
7.110010e-02 1.344180e-02 5.907320e-02 8.843300e-02 5.235230e-02 3.855680e-02 2.582240e-02 9.550760e-02 7.003890e-02 1.241600e-01 1.980900e-02 3.183590e-02 1.000000e-50 4.103290e-02 5.836580e-02 2.546870e-02 3.643440e-02 8.772550e-02 1.485670e-02 4.598510e-02 
3.418800e-02 2.442000e-03 3.272280e-01 5.453810e-02 1.587300e-02 7.285310e-02 2.767600e-02 1.000000e-50 3.947900e-02 2.808300e-02 8.547010e-03 2.091980e-01 1.000000e-50 2.686200e-02 2.238500e-02 4.110700e-02 4.599100e-02 2.442000e-03 2.849000e-03 3.825800e-02 
1.532630e-01 2.717650e-02 4.329280e-02 4.013270e-02 9.100960e-02 1.957660e-01 3.017850e-02 3.160060e-04 3.491860e-02 1.817030e-02 1.801230e-02 2.780850e-02 1.000000e-50 2.085640e-02 4.044870e-02 1.188180e-01 5.372100e-02 1.000000e-50 2.449040e-02 6.162110e-02 
6.442560e-02 2.248950e-02 1.107840e-02 5.077980e-02 6.437810e-02 1.564280e-02 2.510460e-02 8.639220e-02 5.572460e-02 7.545640e-02 2.448650e-02 1.597570e-02 1.000000e-50 3.637310e-02 6.124000e-02 5.819700e-02 9.152720e-02 1.514360e-01 1.882850e-02 7.046410e-02 
1.123550e-01 1.119820e-02 4.367300e-02 1.131020e-01 2.687570e-02 1.941020e-02 1.679730e-02 4.404630e-02 1.108620e-01 1.164610e-01 3.172830e-02 3.695410e-02 1.000000e-50 5.748410e-02 9.107880e-02 5.935050e-02 3.620750e-02 4.703250e-02 2.986190e-03 2.239640e-02 
6.215720e-02 9.140770e-03 5.057890e-02 4.814140e-02 2.559410e-02 2.254720e-02 2.254720e-02 1.054240e-01 5.545400e-02 1.553930e-01 2.010970e-02 3.046920e-02 1.767220e-02 2.864110e-02 4.204750e-02 5.484460e-02 7.129800e-02 1.468620e-01 1.035950e-02 2.071910e-02 
5.174830e-02 1.000000e-50 3.986010e-02 1.958040e-02 8.391610e-03 3.776220e-02 9.790210e-03 1.000000e-50 1.000000e-50 3.566430e-02 1.000000e-50 1.888110e-02 6.286710e-01 4.895100e-03 1.678320e-02 9.020980e-02 3.356640e-02 1.000000e-50 1.000000e-50 4.195800e-03 
8.808290e-02 9.826690e-03 9.719490e-02 1.404320e-01 1.482940e-02 5.109880e-02 1.929610e-02 2.769340e-02 7.450420e-02 4.037880e-02 8.576020e-03 2.965870e-02 1.577630e-01 4.395210e-02 3.001610e-02 8.165090e-02 3.501880e-02 2.501340e-02 1.447200e-02 1.054140e-02 
6.860910e-02 2.403190e-02 4.034370e-02 5.640640e-02 4.955800e-02 3.548750e-02 1.768150e-02 4.158880e-02 6.786200e-02 1.115680e-01 2.029640e-02 2.639770e-02 1.319890e-01 3.449130e-02 5.453870e-02 4.432820e-02 4.333210e-02 5.740260e-02 2.839000e-02 4.569790e-02 
6.918510e-02 1.825130e-02 3.777590e-02 1.035650e-01 5.984720e-02 1.485570e-02 2.419350e-02 6.027160e-02 7.682510e-02 1.358230e-01 2.037350e-02 2.758910e-02 1.000000e-50 6.281830e-02 6.281830e-02 4.881150e-02 4.838710e-02 7.300510e-02 1.994910e-02 3.565370e-02 
2.038510e-02 4.530010e-03 2.906760e-02 1.774250e-02 7.361270e-03 7.659490e-01 8.682520e-03 6.228770e-03 2.000760e-02 1.642130e-02 4.152510e-03 1.547750e-02 1.000000e-50 1.113630e-02 1.510000e-02 3.057760e-02 1.189130e-02 8.116270e-03 1.510000e-03 5.662510e-03 
4.543950e-02 2.627230e-02 1.082290e-01 4.147390e-02 4.890950e-02 8.261730e-03 3.089890e-02 1.252480e-01 4.031730e-02 1.095510e-01 2.296760e-02 7.518180e-02 1.000000e-50 2.594180e-02 3.635160e-02 3.304690e-02 2.528090e-02 1.477200e-01 1.387970e-02 3.502970e-02 
2.254720e-02 1.828150e-02 1.176110e-01 2.528950e-02 6.093850e-03 2.361370e-01 1.218770e-02 2.437540e-03 2.468010e-02 2.117610e-02 4.265690e-03 6.596590e-02 2.010970e-02 1.569170e-02 2.102380e-02 1.963740e-01 1.762640e-01 2.285190e-03 3.503960e-03 8.074340e-03 
1.619580e-01 2.814800e-02 5.576290e-02 5.608270e-02 5.341720e-02 2.910760e-02 2.281690e-02 2.782810e-02 5.085830e-02 1.408470e-01 3.518500e-02 2.878770e-02 1.000000e-50 4.488750e-02 5.021860e-02 7.026340e-02 4.478090e-02 3.849020e-02 1.780570e-02 4.275510e-02 
1.887180e-01 1.217790e-02 4.423320e-02 1.025300e-01 1.744190e-02 3.944060e-02 1.437770e-02 4.478320e-02 7.212450e-02 1.155720e-01 2.883410e-02 3.606220e-02 1.000000e-50 6.858890e-02 6.992460e-02 3.708360e-02 3.629790e-02 4.824010e-02 9.899430e-03 1.367060e-02 
1.888220e-01 1.000000e-50 1.000000e-50 6.797580e-02 2.265860e-02 1.963750e-02 2.114800e-02 1.000000e-50 6.042300e-02 2.719030e-01 3.776440e-02 3.474320e-02 1.000000e-50 2.719030e-02 5.891240e-02 9.063440e-02 5.135950e-02 2.719030e-02 1.000000e-50 1.963750e-02 
1.220990e-01 1.059540e-02 8.627650e-02 1.226030e-01 2.371340e-02 3.254290e-02 2.547930e-02 3.229060e-02 9.434910e-02 8.097880e-02 2.194750e-02 2.774970e-02 2.901110e-02 3.279520e-02 5.877900e-02 6.331990e-02 4.490410e-02 5.146320e-02 1.437940e-02 2.472250e-02 
9.065590e-02 6.497520e-03 4.517330e-02 6.311880e-02 1.887380e-02 2.227720e-02 2.196780e-02 4.084160e-02 4.269800e-02 5.476490e-02 9.900990e-03 1.887380e-02 3.301360e-01 3.001240e-02 3.774750e-02 5.414600e-02 2.537130e-02 4.764850e-02 2.382430e-02 1.547030e-02 
5.844250e-02 1.882810e-02 5.226690e-02 7.395690e-02 4.051820e-02 7.968070e-02 3.117940e-02 4.669380e-02 7.892750e-02 7.455940e-02 1.506250e-02 4.217500e-02 2.093690e-02 3.328810e-02 5.753880e-02 7.305320e-02 7.922880e-02 6.808250e-02 1.144750e-02 4.413320e-02 
8.510640e-02 1.000000e-50 7.468520e-02 1.168040e-01 3.864520e-02 4.038210e-02 2.344770e-02 3.734260e-02 6.947460e-02 6.513240e-02 3.256620e-02 4.211900e-02 4.950070e-02 4.993490e-02 7.729050e-02 6.469820e-02 3.256620e-02 4.429010e-02 2.040820e-02 3.560570e-02 
1.076700e-01 2.525010e-02 4.478320e-02 5.812290e-02 4.907100e-02 4.764170e-02 1.000000e-50 7.098620e-02 5.192950e-02 1.310150e-01 4.573610e-02 2.763220e-02 1.000000e-50 3.334920e-02 4.954740e-02 6.717480e-02 4.954740e-02 6.098140e-02 2.525010e-02 5.431160e-02 
1.031350e-01 5.329150e-03 3.385580e-02 8.714730e-02 5.015670e-02 3.103450e-02 2.163010e-02 6.771160e-02 5.517240e-02 1.376180e-01 2.351100e-02 2.382450e-02 1.253920e-02 4.764890e-02 4.482760e-02 3.134800e-02 4.200630e-02 1.012540e-01 2.413790e-02 5.611290e-02 
4.657530e-02 2.191780e-02 5.205480e-02 3.561640e-02 1.260270e-01 3.561640e-02 8.219180e-02 7.123290e-02 8.219180e-02 5.753420e-02 1.000000e-50 1.232880e-01 1.000000e-50 4.109590e-02 3.835620e-02 5.205480e-02 4.383560e-02 1.000000e-50 1.095890e-02 7.945210e-02 
5.108510e-02 3.657640e-04 4.401370e-02 4.181910e-02 2.438430e-03 1.011950e-02 8.656430e-03 2.804190e-03 3.352840e-02 1.109490e-02 5.120700e-03 7.924900e-03 6.822730e-01 1.036330e-02 2.194590e-02 4.316020e-02 6.096070e-03 1.011950e-02 2.560350e-03 4.511090e-03 
6.852180e-02 4.189110e-03 1.406340e-01 8.946740e-02 1.675640e-02 2.244170e-02 2.543390e-02 3.022140e-02 1.343510e-01 6.552960e-02 9.874330e-03 3.381210e-02 1.885100e-02 5.685220e-02 6.762420e-02 7.540390e-02 7.959310e-02 3.979650e-02 6.283660e-03 1.436270e-02 
4.925370e-02 1.373130e-01 8.208960e-02 4.179100e-02 2.238810e-02 1.940300e-02 1.791040e-02 1.000000e-50 4.029850e-02 9.850750e-02 3.283580e-02 3.134330e-02 1.000000e-50 1.492540e-02 2.089550e-02 1.238810e-01 2.582090e-01 1.000000e-50 8.955220e-03 1.000000e-50 
6.833060e-02 2.567510e-02 6.822830e-02 4.603110e-02 4.623570e-02 5.820380e-02 4.439440e-02 1.565060e-02 4.562190e-02 2.731180e-02 1.616200e-02 6.454580e-02 1.000000e-50 3.723400e-02 5.298690e-02 1.553810e-01 1.377860e-01 3.078970e-02 1.309330e-02 4.633800e-02 
2.623070e-02 8.481250e-03 6.330330e-02 3.016530e-02 1.608810e-02 5.393900e-01 2.107200e-02 1.398970e-03 4.494190e-02 1.635040e-02 8.131500e-03 1.176880e-01 1.000000e-50 2.430710e-02 2.964060e-02 2.448190e-02 6.120490e-03 2.535630e-03 5.421000e-03 1.425200e-02 
3.362300e-02 2.568950e-02 2.720060e-02 5.100110e-02 8.424630e-02 1.586700e-02 5.364560e-02 4.495660e-02 6.309030e-02 1.182470e-01 2.417830e-02 6.271250e-02 1.000000e-50 3.097850e-02 4.949000e-02 5.893460e-02 1.050250e-01 5.477900e-02 1.700040e-02 7.933510e-02 
7.546050e-02 9.803920e-03 1.000000e-50 4.456330e-02 5.822940e-02 1.247770e-02 1.723110e-02 1.434940e-01 4.129530e-02 1.678550e-01 2.168750e-02 1.604280e-02 1.000000e-50 3.980990e-02 3.386810e-02 3.683900e-02 5.496140e-02 1.535950e-01 2.079620e-02 5.199050e-02 
8.535860e-02 8.891520e-03 9.158270e-02 1.016600e-01 2.045050e-02 5.038530e-02 2.815650e-02 9.780680e-03 7.498520e-02 6.757560e-02 1.689390e-02 4.267930e-02 1.000000e-50 6.164790e-02 6.312980e-02 1.650860e-01 6.461170e-02 1.066980e-02 1.689390e-02 1.956140e-02 
5.486440e-02 6.698560e-03 2.998410e-02 5.805420e-02 1.531100e-02 2.200960e-02 5.741630e-03 2.232850e-02 7.049440e-02 3.285490e-02 6.060610e-03 1.850080e-02 4.653910e-01 1.945770e-02 2.296650e-02 5.805420e-02 2.105260e-02 3.891550e-02 1.052630e-02 2.073370e-02 
1.300880e-01 8.407080e-03 1.000000e-50 1.172570e-01 4.646020e-02 1.000000e-50 3.008850e-02 6.194690e-02 1.141590e-01 6.371680e-02 1.548670e-02 3.628320e-02 1.000000e-50 3.849560e-02 7.699120e-02 5.929200e-02 6.106190e-02 8.451330e-02 1.327430e-02 4.247790e-02 
1.911140e-01 1.274090e-02 6.011110e-02 9.245340e-02 1.437440e-02 3.234240e-02 1.012740e-02 1.600780e-02 9.180010e-02 1.234890e-01 2.972880e-02 4.835020e-02 1.000000e-50 6.762500e-02 6.403140e-02 8.918650e-02 1.698790e-02 2.058150e-02 3.920290e-03 1.502780e-02 
1.266760e-01 1.248270e-02 2.912620e-02 6.148870e-02 4.253350e-02 3.190010e-02 3.606100e-02 1.987980e-02 6.380030e-02 1.511790e-01 3.005090e-02 8.922790e-02 1.000000e-50 6.380030e-02 7.165970e-02 5.640310e-02 3.559870e-02 2.958850e-02 9.708740e-03 3.883500e-02 
3.357110e-02 3.524970e-02 2.740240e-01 4.028540e-02 3.678840e-02 1.000000e-50 4.168420e-02 3.035390e-02 3.371100e-02 3.692820e-02 1.174990e-02 1.728910e-01 1.000000e-50 2.377950e-02 4.224370e-02 6.532380e-02 2.853550e-02 3.818720e-02 1.272910e-02 4.196390e-02 
1.025800e-01 1.253070e-02 8.918920e-02 1.275180e-01 3.034400e-02 5.393120e-02 2.457000e-02 3.304670e-02 6.658480e-02 6.744470e-02 2.690420e-02 2.837840e-02 1.000000e-50 6.695330e-02 5.835380e-02 4.840290e-02 7.444720e-02 4.631450e-02 8.599510e-03 3.390660e-02 
1.981980e-01 3.003000e-03 4.804800e-02 7.807810e-02 1.000000e-50 9.309310e-02 1.000000e-50 1.201200e-02 4.204200e-02 1.141140e-01 7.807810e-02 1.261260e-01 1.000000e-50 3.303300e-02 4.204200e-02 9.309310e-02 3.903900e-02 1.000000e-50 1.000000e-50 1.000000e-50 
3.303780e-02 1.313150e-02 1.000000e-50 7.134490e-02 5.093680e-02 1.000000e-50 1.831720e-02 1.395950e-01 9.459690e-02 1.246240e-01 2.275010e-02 1.630980e-02 1.000000e-50 5.177320e-02 5.294410e-02 1.455340e-02 6.206090e-02 1.773170e-01 1.697890e-02 3.972900e-02 
3.092570e-02 1.189980e-02 1.224570e-02 3.825930e-02 5.306490e-02 9.409160e-03 1.930260e-02 1.800890e-01 3.819010e-02 1.557350e-01 1.819570e-02 1.570500e-02 1.000000e-50 2.165490e-02 3.832850e-02 1.798810e-02 7.174480e-02 2.108760e-01 1.356030e-02 4.282550e-02 
1.188720e-01 1.000000e-50 2.169200e-02 8.590020e-02 2.950110e-02 1.952280e-02 1.561820e-02 9.544470e-02 7.158350e-02 1.739700e-01 3.644250e-02 1.822130e-02 1.000000e-50 4.859000e-02 8.590020e-02 1.301520e-02 4.511930e-02 8.286330e-02 7.809110e-03 2.993490e-02 
1.239160e-01 1.478840e-02 4.844470e-02 1.381950e-01 1.000000e-50 1.886790e-02 2.090770e-02 4.283530e-02 1.698110e-01 1.009690e-01 3.416620e-02 4.487510e-02 1.000000e-50 7.853140e-02 1.009690e-01 2.804690e-02 1.988780e-02 1.478840e-02 1.000000e-50 1.000000e-50 
8.838540e-02 9.695860e-03 2.143290e-02 4.255970e-02 8.930390e-02 9.695860e-03 2.184120e-02 1.287000e-01 5.541950e-02 1.511530e-01 3.225150e-02 1.377830e-02 1.000000e-50 2.102470e-02 4.419270e-02 2.531130e-02 2.969990e-02 1.219640e-01 2.684220e-02 6.674830e-02 

#DOUBLE_55x2_DISCRETE_CIS_EMISSION
1.000000e+00 1.000000e-50 
1.000000e+00 1.000000e-50 
1.000000e+00 1.000000e-50 
1.000000e+00 1.000000e-50 
1.000000e+00 1.000000e-50 
1.000000e+00 1.000000e-50 
1.000000e+00 1.000000e-50 
1.000000e+00 1.000000e-50 
1.000000e+00 1.000000e-50 
1.000000e+00 1.000000e-50 
1.000000e+00 1.000000e-50 
1.000000e+00 1.000000e-50 
1.000000e+00 1.000000e-50 
1.000000e+00 1.000000e-50 
1.000000e+00 1.000000e-50 
1.000000e+00 1.000000e-50 
1.000000e+00 1.000000e-50 
1.000000e+00 1.000000e-50 
8.782230e-01 1.217770e-01 
1.000000e+00 1.000000e-50 
9.976270e-01 2.373220e-03 
1.000000e+00 1.000000e-50 
9.981050e-01 1.895380e-03 
1.000000e+00 1.000000e-50 
9.966490e-01 3.351100e-03 
1.000000e+00 1.000000e-50 
1.000000e+00 1.000000e-50 
1.000000e+00 1.000000e-50 
1.000000e+00 1.000000e-50 
1.000000e+00 1.000000e-50 
9.959280e-01 4.072400e-03 
1.000000e+00 1.000000e-50 
1.000000e+00 1.000000e-50 
1.000000e+00 1.000000e-50 
1.000000e+00 1.000000e-50 
9.545510e-01 4.544900e-02 
1.000000e+00 1.000000e-50 
1.000000e+00 1.000000e-50 
1.000000e+00 1.000000e-50 
1.000000e+00 1.000000e-50 
1.000000e+00 1.000000e-50 
1.000000e+00 1.000000e-50 
1.000000e+00 1.000000e-50 
1.000000e+00 1.000000e-50 
1.000000e+00 1.000000e-50 
1.000000e+00 1.000000e-50 
1.000000e+00 1.000000e-50 
9.990220e-01 9.775170e-04 
1.000000e+00 1.000000e-50 
1.000000e+00 1.000000e-50 
1.000000e+00 1.000000e-50 
1.000000e+00 1.000000e-50 
1.000000e+00 1.000000e-50 
1.000000e+00 1.000000e-50 
1.000000e+00 1.000000e-50 

#DOUBLE_55x55_DISCRETE_HIDDEN_TRANSITION
3.363710e-01 1.000000e-50 1.000000e-50 1.000000e-50 2.307040e-02 1.000000e-50 1.000000e-50 3.417830e-03 7.604670e-02 6.266020e-03 1.000000e-50 1.000000e-50 5.696380e-03 1.000000e-50 1.000000e-50 1.000000e-50 1.000000e-50 1.000000e-50 1.000000e-50 3.238390e-01 1.000000e-50 1.000000e-50 1.000000e-50 1.000000e-50 2.848190e-03 1.000000e-50 2.506410e-02 1.000000e-50 1.000000e-50 6.550840e-03 1.000000e-50 1.013960e-01 1.000000e-50 1.000000e-50 1.000000e-50 1.000000e-50 1.000000e-50 1.000000e-50 1.000000e-50 1.000000e-50 1.000000e-50 1.000000e-50 1.000000e-50 1.000000e-50 1.000000e-50 1.000000e-50 1.000000e-50 1.000000e-50 1.000000e-50 7.120480e-03 1.000000e-50 1.000000e-50 6.322980e-02 1.000000e-50 1.908290e-02 
6.014270e-02 1.712540e-01 1.000000e-50 1.000000e-50 1.131500e-01 2.140670e-02 1.070340e-01 1.000000e-50 1.000000e-50 1.000000e-50 1.000000e-50 1.000000e-50 5.300710e-02 1.000000e-50 1.000000e-50 1.000000e-50 1.000000e-50 1.000000e-50 1.000000e-50 1.000000e-50 1.000000e-50 1.000000e-50 5.606520e-02 1.000000e-50 1.000000e-50 1.000000e-50 1.000000e-50 1.000000e-50 1.681960e-01 3.669720e-02 1.000000e-50 1.000000e-50 3.975540e-02 1.000000e-50 1.000000e-50 1.000000e-50 1.000000e-50 3.873600e-02 2.752290e-02 3.058100e-02 1.000000e-50 1.000000e-50 1.000000e-50 1.000000e-50 1.000000e-50 1.000000e-50 4.485220e-02 3.160040e-02 1.000000e-50 1.000000e-50 1.000000e-50 1.000000e-50 1.000000e-50 1.000000e-50 1.000000e-50 
3.732160e-02 1.000000e-50 4.024880e-03 3.219900e-02 2.561290e-03 1.000000e-50 2.414930e-02 1.000000e-50 1.000000e-50 1.000000e-50 1.000000e-50 3.366260e-02 1.000000e-50 1.000000e-50 1.000000e-50 2.817420e-02 1.000000e-50 1.000000e-50 1.000000e-50 1.463590e-03 2.707650e-02 1.000000e-50 1.902670e-02 1.939260e-02 2.414930e-02 1.588000e-01 1.000000e-50 1.000000e-50 2.854010e-02 1.000000e-50 4.207830e-02 1.000000e-50 4.646910e-02 6.330040e-02 1.000000e-50 1.000000e-50 1.000000e-50 1.000000e-50 8.415660e-03 7.317970e-02 1.000000e-50 1.000000e-50 1.000000e-50 1.000000e-50 5.085990e-02 1.000000e-50 1.000000e-50 5.744600e-02 1.000000e-50 1.000000e-50 1.920970e-01 2.561290e-02 1.000000e-50 1.000000e-50 1.000000e-50 
1.460480e-02 1.000000e-50 1.000000e-50 4.776630e-02 1.000000e-50 1.000000e-50 1.408930e-02 1.000000e-50 1.000000e-50 1.000000e-50 1.000000e-50 4.725090e-02 1.000000e-50 1.000000e-50 2.869420e-02 3.676980e-02 1.000000e-50 1.000000e-50 1.000000e-50 1.460480e-02 1.185570e-02 1.000000e-50 6.408930e-02 6.872850e-03 7.216490e-02 1.041240e-01 2.061860e-03 1.000000e-50 3.230240e-02 3.608250e-03 3.402060e-02 1.000000e-50 3.522340e-02 1.391750e-02 1.000000e-50 1.000000e-50 7.388320e-03 1.000000e-50 1.405500e-01 9.072160e-02 1.000000e-50 1.000000e-50 1.460480e-02 1.000000e-50 3.539520e-02 1.000000e-50 1.000000e-50 6.357390e-02 1.000000e-50 1.000000e-50 5.893470e-02 4.811000e-03 1.000000e-50 1.000000e-50 1.000000e-50 
6.780720e-02 2.581650e-02 1.000000e-50 1.000000e-50 5.399690e-01 1.000000e-50 2.457230e-02 6.842920e-02 1.000000e-50 1.000000e-50 1.000000e-50 1.000000e-50 5.256610e-02 1.000000e-50 1.000000e-50 1.000000e-50 1.000000e-50 1.000000e-50 1.000000e-50 3.981340e-02 1.000000e-50 1.555210e-02 1.000000e-50 1.000000e-50 1.000000e-50 1.000000e-50 1.000000e-50 1.000000e-50 1.000000e-50 1.000000e-50 1.000000e-50 1.418350e-01 1.000000e-50 1.000000e-50 8.709180e-03 1.000000e-50 1.000000e-50 1.000000e-50 2.799380e-03 1.000000e-50 5.909800e-03 1.000000e-50 1.000000e-50 1.000000e-50 1.000000e-50 1.000000e-50 1.000000e-50 1.000000e-50 1.000000e-50 1.000000e-50 1.000000e-50 1.000000e-50 6.220840e-03 1.000000e-50 1.000000e-50 
1.000000e-50 1.000000e-50 1.000000e-50 3.581080e-01 1.000000e-50 1.000000e-50 1.000000e-50 1.000000e-50 1.000000e-50 1.000000e-50 1.000000e-50 1.000000e-50 1.000000e-50 1.000000e-50 1.000000e-50 1.000000e-50 1.000000e-50 1.000000e-50 1.000000e-50 1.000000e-50 1.000000e-50 1.000000e-50 2.027030e-02 1.000000e-50 1.000000e-50 1.959460e-01 1.000000e-50 1.000000e-50 8.783780e-02 1.000000e-50 1.000000e-50 1.000000e-50 1.554050e-01 1.000000e-50 1.000000e-50 1.000000e-50 1.000000e-50 1.000000e-50 1.000000e-50 1.824320e-01 1.000000e-50 1.000000e-50 1.000000e-50 1.000000e-50 1.000000e-50 1.000000e-50 1.000000e-50 1.000000e-50 1.000000e-50 1.000000e-50 1.000000e-50 1.000000e-50 1.000000e-50 1.000000e-50 1.000000e-50 
1.000000e-50 1.500660e-03 1.000000e-50 2.682420e-02 1.932100e-02 1.000000e-50 9.229040e-02 1.000000e-50 1.000000e-50 1.000000e-50 1.000000e-50 1.000000e-50 1.000000e-50 5.064720e-03 1.069220e-02 2.438570e-02 1.000000e-50 1.125490e-03 1.875820e-03 1.000000e-50 1.519410e-02 1.000000e-50 5.702490e-02 1.000000e-50 4.820860e-02 6.940540e-02 1.000000e-50 1.000000e-50 2.719940e-02 1.000000e-50 1.307450e-01 1.000000e-50 2.776210e-02 3.564060e-02 1.000000e-50 1.200530e-02 1.875820e-04 1.000000e-50 1.763270e-01 5.439880e-02 1.000000e-50 1.000000e-50 6.002630e-03 1.800790e-02 1.125490e-02 1.000000e-50 1.000000e-50 1.744510e-02 1.000000e-50 1.000000e-50 9.998120e-02 1.012940e-02 1.000000e-50 1.000000e-50 1.000000e-50 
1.000000e-50 2.293360e-01 2.793950e-01 1.000000e-50 1.000000e-50 1.000000e-50 2.211870e-02 2.793950e-02 1.000000e-50 1.000000e-50 1.000000e-50 1.000000e-50 1.000000e-50 1.000000e-50 1.000000e-50 1.000000e-50 1.000000e-50 1.000000e-50 1.000000e-50 1.000000e-50 1.000000e-50 3.143190e-02 1.000000e-50 1.000000e-50 1.000000e-50 1.000000e-50 1.000000e-50 1.000000e-50 1.000000e-50 2.095460e-02 1.000000e-50 1.000000e-50 1.000000e-50 1.000000e-50 1.408610e-01 1.000000e-50 1.000000e-50 1.000000e-50 1.000000e-50 1.000000e-50 2.479630e-01 1.000000e-50 1.000000e-50 1.000000e-50 1.000000e-50 1.000000e-50 1.000000e-50 1.000000e-50 1.000000e-50 1.000000e-50 1.000000e-50 1.000000e-50 1.000000e-50 1.000000e-50 1.000000e-50 
1.000000e-50 1.000000e-50 5.334990e-03 1.000000e-50 1.000000e-50 1.000000e-50 1.000000e-50 1.000000e-50 1.215880e-02 1.000000e-50 1.528540e-01 1.000000e-50 3.709680e-02 1.000000e-50 1.000000e-50 1.000000e-50 4.875930e-02 1.000000e-50 1.000000e-50 1.000000e-50 1.000000e-50 1.000000e-50 1.000000e-50 1.000000e-50 1.000000e-50 1.000000e-50 1.109180e-01 2.444170e-02 1.000000e-50 1.000000e-50 1.000000e-50 1.000000e-50 1.000000e-50 1.000000e-50 1.000000e-50 1.000000e-50 1.000000e-50 1.000000e-50 1.000000e-50 1.000000e-50 1.000000e-50 7.307690e-02 1.000000e-50 1.000000e-50 1.000000e-50 1.063280e-01 3.238210e-02 1.000000e-50 2.361040e-01 1.823820e-02 1.000000e-50 1.000000e-50 1.000000e-50 9.416870e-02 4.813900e-02 
1.000000e-50 1.000000e-50 7.072030e-01 1.000000e-50 1.000000e-50 3.752090e-02 1.000000e-50 4.388610e-02 1.000000e-50 1.048580e-01 1.000000e-50 1.000000e-50 1.000000e-50 1.000000e-50 1.000000e-50 1.000000e-50 1.000000e-50 1.000000e-50 1.000000e-50 1.000000e-50 1.000000e-50 1.000000e-50 1.000000e-50 1.000000e-50 1.000000e-50 1.000000e-50 1.000000e-50 1.000000e-50 1.000000e-50 1.000000e-50 1.000000e-50 1.000000e-50 4.221110e-02 1.000000e-50 4.221110e-02 1.000000e-50 1.000000e-50 1.000000e-50 1.000000e-50 1.000000e-50 2.211060e-02 1.000000e-50 1.000000e-50 1.000000e-50 1.000000e-50 1.000000e-50 1.000000e-50 1.000000e-50 1.000000e-50 1.000000e-50 1.000000e-50 1.000000e-50 1.000000e-50 1.000000e-50 1.000000e-50 
1.000000e-50 1.000000e-50 1.000000e-50 1.000000e-50 1.000000e-50 1.000000e-50 1.000000e-50 1.000000e-50 1.000000e-50 1.000000e-50 1.966400e-01 1.000000e-50 4.138150e-02 1.000000e-50 1.000000e-50 1.000000e-50 2.473550e-02 1.000000e-50 1.000000e-50 1.000000e-50 1.000000e-50 1.000000e-50 1.000000e-50 1.000000e-50 1.000000e-50 1.000000e-50 1.000000e-50 1.000000e-50 1.000000e-50 1.000000e-50 1.000000e-50 1.000000e-50 1.000000e-50 1.000000e-50 1.000000e-50 1.000000e-50 1.000000e-50 1.000000e-50 1.000000e-50 1.000000e-50 1.000000e-50 3.039830e-01 1.000000e-50 1.000000e-50 1.000000e-50 4.884880e-02 1.000000e-50 1.000000e-50 3.607650e-01 7.467330e-03 1.000000e-50 1.000000e-50 1.000000e-50 1.617920e-02 1.000000e-50 
1.000000e-50 1.000000e-50 1.000000e-50 2.179370e-01 5.576210e-03 1.000000e-50 6.970260e-03 1.000000e-50 1.000000e-50 1.000000e-50 1.000000e-50 1.000000e-50 1.000000e-50 3.164500e-01 1.000000e-50 1.000000e-50 1.000000e-50 1.000000e-50 1.000000e-50 1.000000e-50 1.000000e-50 1.000000e-50 1.161710e-02 1.000000e-50 1.000000e-50 1.000000e-50 1.000000e-50 1.000000e-50 2.137550e-02 1.486990e-02 2.927510e-02 8.364310e-03 1.000000e-50 1.000000e-50 1.000000e-50 1.000000e-50 1.000000e-50 1.000000e-50 4.646840e-03 1.394050e-03 1.000000e-50 1.000000e-50 2.881040e-01 1.000000e-50 1.000000e-50 1.000000e-50 7.342010e-02 1.000000e-50 1.000000e-50 1.000000e-50 1.000000e-50 1.000000e-50 1.000000e-50 1.000000e-50 1.000000e-50 
2.306050e-01 6.761570e-03 1.000000e-50 1.000000e-50 4.128110e-02 2.491100e-03 1.000000e-50 9.608540e-03 1.000000e-50 1.000000e-50 1.000000e-50 1.000000e-50 1.000000e-50 1.000000e-50 1.000000e-50 1.000000e-50 1.000000e-50 1.000000e-50 1.000000e-50 1.487540e-01 1.000000e-50 1.000000e-50 1.000000e-50 1.000000e-50 1.000000e-50 1.000000e-50 1.000000e-50 1.000000e-50 1.000000e-50 1.000000e-50 1.000000e-50 1.263350e-01 1.000000e-50 7.829180e-02 3.202850e-03 1.000000e-50 1.000000e-50 1.000000e-50 1.000000e-50 1.000000e-50 1.000000e-50 1.000000e-50 1.000000e-50 1.000000e-50 1.000000e-50 1.000000e-50 1.000000e-50 1.000000e-50 1.000000e-50 7.117440e-03 1.000000e-50 1.000000e-50 3.455520e-01 1.000000e-50 1.000000e-50 
2.281990e-02 1.000000e-50 1.000000e-50 1.792990e-02 1.000000e-50 1.000000e-50 1.000000e-50 1.000000e-50 1.000000e-50 1.000000e-50 1.000000e-50 1.000000e-50 1.000000e-50 1.000000e-50 1.000000e-50 4.360230e-02 1.000000e-50 1.000000e-50 1.000000e-50 1.000000e-50 1.000000e-50 1.000000e-50 4.156480e-02 1.466990e-02 4.889980e-02 2.013040e-01 1.000000e-50 1.000000e-50 1.589240e-02 1.000000e-50 2.974740e-02 1.000000e-50 1.344740e-02 2.811740e-02 1.000000e-50 1.000000e-50 1.000000e-50 3.259980e-03 1.344740e-02 2.550940e-01 1.000000e-50 1.000000e-50 1.000000e-50 1.000000e-50 1.000000e-50 1.000000e-50 1.000000e-50 7.701710e-02 1.000000e-50 1.000000e-50 1.092090e-01 6.397720e-02 1.000000e-50 1.000000e-50 1.000000e-50 
1.000000e-50 1.000000e-50 1.000000e-50 1.253570e-02 1.000000e-50 1.000000e-50 6.029830e-03 1.000000e-50 1.000000e-50 1.000000e-50 1.000000e-50 1.491590e-02 1.000000e-50 6.823230e-03 1.480480e-01 4.324020e-01 1.000000e-50 5.395110e-03 1.000000e-50 1.000000e-50 9.869880e-02 1.000000e-50 2.840370e-02 2.284990e-02 2.284990e-02 2.062840e-03 1.000000e-50 1.000000e-50 6.664550e-03 1.110760e-03 5.395110e-03 1.000000e-50 1.000000e-50 1.000000e-50 1.000000e-50 6.505870e-03 1.094890e-02 1.000000e-50 2.602350e-02 1.285310e-02 1.000000e-50 1.000000e-50 6.505870e-03 1.158360e-02 3.808310e-03 1.000000e-50 1.000000e-50 1.015550e-02 1.000000e-50 1.000000e-50 1.793080e-02 7.949860e-02 1.000000e-50 1.000000e-50 1.000000e-50 
1.000000e-50 1.000000e-50 1.000000e-50 9.745840e-03 1.000000e-50 1.000000e-50 6.640550e-03 1.000000e-50 1.000000e-50 1.000000e-50 1.000000e-50 1.000000e-50 1.000000e-50 1.000000e-50 1.029050e-01 3.188900e-01 1.000000e-50 5.064020e-03 2.818650e-03 1.000000e-50 1.213930e-01 1.000000e-50 1.930060e-02 6.282250e-02 3.640360e-02 6.736100e-03 1.000000e-50 1.000000e-50 1.000000e-50 1.000000e-50 5.398430e-03 1.000000e-50 1.000000e-50 1.000000e-50 1.000000e-50 9.650300e-03 8.264860e-03 1.000000e-50 1.887060e-02 2.364800e-02 1.000000e-50 1.000000e-50 1.000000e-50 1.000000e-50 2.579780e-03 1.000000e-50 1.000000e-50 1.695970e-02 1.000000e-50 1.000000e-50 1.036690e-02 2.115420e-01 1.000000e-50 1.000000e-50 1.000000e-50 
1.021180e-02 6.354010e-02 1.000000e-50 1.000000e-50 1.000000e-50 1.000000e-50 3.328290e-02 1.000000e-50 1.000000e-50 1.000000e-50 1.000000e-50 1.000000e-50 1.000000e-50 1.000000e-50 1.000000e-50 1.000000e-50 5.332830e-02 1.000000e-50 1.000000e-50 1.000000e-50 1.000000e-50 3.063540e-02 1.000000e-50 1.000000e-50 1.000000e-50 4.689860e-02 1.000000e-50 1.000000e-50 1.000000e-50 1.000000e-50 1.000000e-50 1.000000e-50 1.000000e-50 1.000000e-50 1.000000e-50 1.000000e-50 1.000000e-50 1.000000e-50 1.000000e-50 4.311650e-02 5.355520e-01 1.000000e-50 1.000000e-50 1.000000e-50 1.000000e-50 1.626320e-02 2.950080e-02 1.376700e-01 1.000000e-50 1.000000e-50 1.000000e-50 1.000000e-50 1.000000e-50 1.000000e-50 1.000000e-50 
1.000000e-50 1.000000e-50 1.000000e-50 1.000000e-50 1.000000e-50 1.000000e-50 1.000000e-50 1.000000e-50 1.000000e-50 1.000000e-50 1.000000e-50 1.000000e-50 1.000000e-50 6.093850e-04 6.502130e-01 2.041440e-01 1.000000e-50 3.412550e-02 1.000000e-50 1.000000e-50 1.000000e-50 1.000000e-50 5.179770e-02 4.753200e-02 1.000000e-50 1.000000e-50 1.000000e-50 1.000000e-50 1.000000e-50 1.000000e-50 1.000000e-50 1.000000e-50 1.000000e-50 1.000000e-50 1.000000e-50 1.000000e-50 1.000000e-50 1.000000e-50 1.000000e-50 1.157830e-02 1.000000e-50 1.000000e-50 1.000000e-50 1.000000e-50 1.000000e-50 1.000000e-50 1.000000e-50 1.000000e-50 1.000000e-50 1.000000e-50 1.000000e-50 1.000000e-50 1.000000e-50 1.000000e-50 1.000000e-50 
1.066100e-02 1.000000e-50 1.000000e-50 9.523810e-02 1.066100e-02 1.000000e-50 3.411510e-02 1.000000e-50 1.000000e-50 1.000000e-50 1.000000e-50 1.000000e-50 1.000000e-50 1.000000e-50 1.918980e-02 3.553660e-02 1.000000e-50 1.000000e-50 1.000000e-50 1.000000e-50 1.634680e-02 1.000000e-50 3.837950e-02 1.000000e-50 2.487560e-02 8.670930e-02 1.000000e-50 1.000000e-50 5.259420e-02 1.000000e-50 1.400140e-01 1.000000e-50 2.416490e-02 1.000000e-50 1.000000e-50 1.000000e-50 1.000000e-50 1.000000e-50 2.068230e-01 3.909030e-02 1.000000e-50 1.000000e-50 1.000000e-50 1.000000e-50 2.274340e-02 1.000000e-50 1.000000e-50 6.894100e-02 1.000000e-50 1.000000e-50 6.112300e-02 1.279320e-02 1.000000e-50 1.000000e-50 1.000000e-50 
1.000000e-50 1.000000e-50 1.000000e-50 1.000000e-50 1.000000e-50 1.000000e-50 1.000000e-50 6.444680e-03 1.000000e-50 1.000000e-50 2.558180e-01 1.000000e-50 6.104550e-02 1.000000e-50 1.000000e-50 1.000000e-50 1.000000e-50 1.000000e-50 1.000000e-50 1.000000e-50 1.000000e-50 1.000000e-50 1.000000e-50 1.000000e-50 1.000000e-50 1.000000e-50 1.000000e-50 1.000000e-50 1.000000e-50 1.000000e-50 1.000000e-50 2.452560e-02 1.000000e-50 1.000000e-50 1.000000e-50 1.000000e-50 1.000000e-50 1.000000e-50 1.000000e-50 1.000000e-50 1.000000e-50 1.050840e-01 1.000000e-50 1.000000e-50 1.000000e-50 1.000000e-50 1.000000e-50 1.000000e-50 5.347300e-01 1.000000e-50 1.000000e-50 1.000000e-50 1.000000e-50 1.000000e-50 1.235230e-02 
1.000000e-50 1.000000e-50 1.000000e-50 1.576490e-02 1.000000e-50 1.000000e-50 1.563880e-02 1.000000e-50 1.000000e-50 1.000000e-50 1.000000e-50 1.000000e-50 1.000000e-50 1.000000e-50 5.511410e-02 3.049560e-01 1.000000e-50 8.197760e-02 1.000000e-50 1.000000e-50 2.371040e-02 1.000000e-50 6.810440e-03 5.902380e-02 3.897090e-02 4.300670e-02 1.000000e-50 1.000000e-50 1.652160e-02 6.305970e-04 2.396270e-02 1.000000e-50 2.989030e-02 1.008950e-02 1.000000e-50 1.000000e-50 2.118800e-02 1.000000e-50 2.976420e-02 1.286420e-02 1.000000e-50 1.000000e-50 1.000000e-50 1.185520e-02 1.324250e-02 1.000000e-50 1.000000e-50 4.225000e-02 1.000000e-50 1.000000e-50 7.491490e-02 6.785220e-02 1.000000e-50 1.000000e-50 1.000000e-50 
2.468090e-02 1.319150e-02 2.468090e-02 1.000000e-50 7.191490e-02 1.000000e-50 6.808510e-03 8.085110e-03 1.000000e-50 1.000000e-50 5.744680e-02 1.000000e-50 7.872340e-02 1.000000e-50 1.000000e-50 1.000000e-50 6.340430e-02 1.000000e-50 1.000000e-50 1.000000e-50 1.000000e-50 1.000000e-50 1.000000e-50 1.000000e-50 1.000000e-50 1.000000e-50 1.106380e-02 1.000000e-50 1.000000e-50 1.000000e-50 1.000000e-50 3.787230e-02 1.000000e-50 2.595740e-02 5.106380e-03 1.000000e-50 1.000000e-50 1.000000e-50 1.000000e-50 1.000000e-50 2.131910e-01 1.744680e-02 1.000000e-50 1.000000e-50 1.000000e-50 4.680850e-02 1.000000e-50 1.000000e-50 2.255320e-02 1.234040e-02 1.000000e-50 1.000000e-50 2.587230e-01 1.000000e-50 1.000000e-50 
1.000000e-50 1.000000e-50 1.000000e-50 4.378590e-02 1.567880e-02 1.000000e-50 5.889100e-02 1.000000e-50 1.000000e-50 1.931170e-02 1.000000e-50 1.338430e-02 1.000000e-50 5.411090e-02 2.676860e-02 5.984700e-02 1.000000e-50 1.000000e-50 1.739960e-02 1.414910e-02 5.334610e-02 1.000000e-50 5.850860e-02 1.185470e-02 3.403440e-02 4.741870e-02 1.000000e-50 1.000000e-50 1.663480e-02 1.395790e-02 6.156790e-02 1.000000e-50 1.912050e-02 2.084130e-02 1.000000e-50 5.640540e-02 1.070750e-02 1.000000e-50 7.877630e-02 2.562140e-02 1.000000e-50 1.000000e-50 3.078390e-02 1.261950e-02 1.166350e-02 1.000000e-50 1.000000e-50 3.212240e-02 3.632890e-03 1.000000e-50 4.913960e-02 2.791590e-02 1.000000e-50 1.000000e-50 1.000000e-50 
2.662230e-03 1.000000e-50 1.000000e-50 5.940100e-02 1.996670e-03 1.000000e-50 3.943430e-02 1.000000e-50 1.000000e-50 1.000000e-50 1.000000e-50 1.000000e-50 1.000000e-50 5.158070e-03 5.823630e-03 2.645590e-02 1.000000e-50 1.287850e-01 1.081530e-02 1.000000e-50 2.143090e-01 1.000000e-50 5.074880e-02 1.472550e-01 3.660570e-02 3.061560e-02 1.000000e-50 1.000000e-50 6.489180e-02 2.329450e-03 2.329450e-02 1.000000e-50 1.164730e-02 1.000000e-50 1.000000e-50 2.379370e-02 1.000000e-50 2.495840e-03 2.329450e-02 2.146420e-02 1.000000e-50 1.000000e-50 1.000000e-50 1.830280e-02 7.986690e-03 1.000000e-50 1.000000e-50 1.000000e-50 1.000000e-50 1.000000e-50 1.000000e-50 4.043260e-02 1.000000e-50 1.000000e-50 1.000000e-50 
1.079080e-03 1.000000e-50 1.000000e-50 2.173580e-02 1.834440e-02 1.000000e-50 2.589790e-02 1.000000e-50 1.000000e-50 1.000000e-50 1.000000e-50 9.280100e-02 4.624630e-03 1.788190e-02 1.772780e-02 5.087100e-02 1.000000e-50 1.000000e-50 7.861880e-03 1.002000e-01 8.324340e-03 1.000000e-50 2.697700e-02 1.000000e-50 2.373980e-02 4.640050e-02 2.620630e-03 1.000000e-50 6.520730e-02 3.406810e-02 3.838450e-02 1.000000e-50 1.000000e-50 1.202400e-01 1.000000e-50 5.349160e-02 3.545550e-03 1.000000e-50 4.979190e-02 2.620630e-02 1.000000e-50 1.000000e-50 2.065670e-02 5.179590e-02 3.144750e-02 1.000000e-50 1.000000e-50 1.402810e-02 1.000000e-50 1.000000e-50 2.404810e-02 1.000000e-50 1.000000e-50 1.000000e-50 1.000000e-50 
1.000000e-50 1.000000e-50 1.000000e-50 3.672900e-02 1.000000e-50 1.000000e-50 3.802530e-02 1.000000e-50 1.000000e-50 1.000000e-50 1.000000e-50 1.000000e-50 1.000000e-50 1.000000e-50 1.166680e-02 7.205360e-02 1.000000e-50 1.000000e-50 3.143570e-02 1.000000e-50 5.185270e-02 1.000000e-50 1.620400e-02 2.020090e-02 8.350440e-02 3.013940e-02 1.000000e-50 1.000000e-50 1.000000e-50 2.333370e-02 2.743870e-02 1.000000e-50 1.000000e-50 1.000000e-50 1.000000e-50 1.658200e-01 8.253210e-02 1.000000e-50 6.006270e-02 3.197580e-02 1.000000e-50 1.000000e-50 1.000000e-50 2.938320e-02 8.534080e-03 1.000000e-50 1.000000e-50 5.055630e-02 1.000000e-50 1.000000e-50 6.859670e-02 5.995460e-02 1.000000e-50 1.000000e-50 1.000000e-50 
1.000000e-50 1.000000e-50 9.489920e-04 1.000000e-50 1.000000e-50 1.000000e-50 1.000000e-50 1.000000e-50 1.787270e-02 1.000000e-50 3.914590e-02 1.000000e-50 2.056150e-03 1.000000e-50 1.000000e-50 1.000000e-50 8.382760e-03 1.000000e-50 1.000000e-50 1.000000e-50 1.000000e-50 1.000000e-50 1.000000e-50 1.000000e-50 1.000000e-50 1.000000e-50 5.049430e-01 1.000000e-50 1.000000e-50 1.000000e-50 1.000000e-50 1.000000e-50 1.000000e-50 1.000000e-50 1.000000e-50 1.000000e-50 1.000000e-50 1.000000e-50 1.000000e-50 1.000000e-50 1.000000e-50 1.000000e-50 1.000000e-50 1.000000e-50 1.000000e-50 3.131670e-02 1.000000e-50 1.000000e-50 1.000000e-50 1.000000e-50 1.000000e-50 1.000000e-50 1.000000e-50 2.064060e-02 3.746940e-01 
1.000000e-50 1.000000e-50 1.000000e-50 5.238100e-02 1.000000e-50 1.000000e-50 1.000000e-50 1.000000e-50 1.000000e-50 1.000000e-50 1.000000e-50 1.000000e-50 1.000000e-50 1.000000e-50 1.000000e-50 1.000000e-50 1.000000e-50 1.000000e-50 1.000000e-50 1.000000e-50 1.000000e-50 1.000000e-50 1.000000e-50 1.000000e-50 1.000000e-50 1.761900e-01 1.000000e-50 1.000000e-50 1.000000e-50 1.000000e-50 1.000000e-50 1.000000e-50 1.000000e-50 1.000000e-50 1.000000e-50 1.000000e-50 1.000000e-50 1.000000e-50 1.000000e-50 6.650790e-01 1.000000e-50 1.000000e-50 2.857140e-02 1.000000e-50 1.000000e-50 1.000000e-50 1.000000e-50 7.777780e-02 1.000000e-50 1.000000e-50 1.000000e-50 1.000000e-50 1.000000e-50 1.000000e-50 1.000000e-50 
1.000000e-50 1.000000e-50 1.000000e-50 1.059300e-01 1.241760e-02 1.000000e-50 4.054740e-02 1.000000e-50 1.000000e-50 1.000000e-50 1.000000e-50 1.000000e-50 1.000000e-50 6.208820e-02 1.000000e-50 1.000000e-50 1.000000e-50 1.000000e-50 1.495180e-02 1.000000e-50 1.000000e-50 1.000000e-50 2.508870e-02 7.095790e-03 1.000000e-50 1.520530e-02 1.000000e-50 1.000000e-50 2.207300e-01 1.000000e-50 1.021290e-01 1.000000e-50 3.953370e-02 1.000000e-50 1.000000e-50 1.000000e-50 3.801320e-03 7.501270e-02 5.169790e-02 3.421190e-02 1.000000e-50 1.000000e-50 4.282820e-02 3.294480e-03 1.000000e-50 1.000000e-50 1.799290e-02 7.678660e-02 1.000000e-50 1.000000e-50 4.865690e-02 1.000000e-50 1.000000e-50 1.000000e-50 1.000000e-50 
1.000000e-50 1.000000e-50 1.000000e-50 1.000000e-50 1.000000e-50 1.000000e-50 1.000000e-50 5.483670e-02 1.000000e-50 3.890940e-01 9.704250e-02 1.000000e-50 2.803450e-02 1.000000e-50 1.000000e-50 1.000000e-50 1.000000e-50 1.000000e-50 1.000000e-50 1.688230e-01 1.000000e-50 1.170670e-02 1.000000e-50 1.000000e-50 1.000000e-50 1.000000e-50 1.000000e-50 1.000000e-50 1.000000e-50 1.000000e-50 1.000000e-50 1.192240e-01 2.926680e-02 1.000000e-50 1.000000e-50 1.000000e-50 1.000000e-50 1.000000e-50 1.000000e-50 1.000000e-50 1.000000e-50 1.000000e-50 1.000000e-50 1.000000e-50 1.000000e-50 1.000000e-50 1.000000e-50 1.000000e-50 1.019720e-01 1.000000e-50 1.000000e-50 1.000000e-50 1.000000e-50 1.000000e-50 1.000000e-50 
6.598130e-03 1.000000e-50 1.000000e-50 2.915450e-02 3.974220e-02 1.000000e-50 1.074110e-01 1.000000e-50 1.000000e-50 1.000000e-50 1.000000e-50 6.751570e-03 4.449900e-03 1.058770e-02 1.227560e-02 1.841340e-02 1.000000e-50 1.000000e-50 1.227560e-03 1.000000e-50 1.427040e-02 1.000000e-50 7.902410e-02 1.150840e-02 3.790090e-02 5.892280e-02 1.000000e-50 1.000000e-50 2.424430e-02 1.703240e-02 1.462330e-01 1.000000e-50 1.000000e-50 1.196870e-02 1.000000e-50 9.667020e-03 1.120150e-02 3.774740e-02 1.158510e-01 3.345100e-02 1.000000e-50 1.000000e-50 1.000000e-50 1.000000e-50 1.104800e-02 1.000000e-50 1.000000e-50 5.125060e-02 1.000000e-50 1.000000e-50 7.979130e-02 1.227560e-02 1.000000e-50 1.000000e-50 1.000000e-50 
1.000000e-50 1.000000e-50 2.576420e-02 1.000000e-50 1.000000e-50 1.000000e-50 1.000000e-50 1.000000e-50 1.000000e-50 1.000000e-50 8.296940e-03 1.000000e-50 6.113540e-02 1.000000e-50 1.000000e-50 1.000000e-50 5.982530e-02 1.000000e-50 1.000000e-50 1.000000e-50 1.000000e-50 7.331880e-01 1.000000e-50 1.000000e-50 1.000000e-50 1.000000e-50 1.000000e-50 1.000000e-50 1.000000e-50 1.000000e-50 1.000000e-50 3.493450e-03 1.000000e-50 1.000000e-50 1.179040e-02 1.000000e-50 1.000000e-50 1.000000e-50 1.000000e-50 1.000000e-50 1.000000e-50 3.755460e-02 1.000000e-50 1.000000e-50 1.000000e-50 1.000000e-50 1.000000e-50 1.000000e-50 5.895200e-02 1.000000e-50 1.000000e-50 1.000000e-50 1.000000e-50 1.000000e-50 1.000000e-50 
1.000000e-50 1.000000e-50 1.439540e-03 1.000000e-50 1.000000e-50 1.000000e-50 1.000000e-50 8.637240e-02 1.000000e-50 5.873320e-01 1.000000e-50 9.596930e-04 6.381960e-02 9.596930e-04 1.000000e-50 1.000000e-50 1.000000e-50 1.000000e-50 1.000000e-50 7.725530e-02 1.000000e-50 7.677540e-03 1.000000e-50 1.000000e-50 1.000000e-50 1.000000e-50 1.000000e-50 1.000000e-50 1.000000e-50 1.000000e-50 1.000000e-50 1.262000e-01 3.550860e-02 1.000000e-50 1.000000e-50 1.000000e-50 1.000000e-50 1.000000e-50 1.000000e-50 1.000000e-50 1.000000e-50 1.000000e-50 4.318620e-03 1.000000e-50 1.000000e-50 1.000000e-50 1.000000e-50 1.000000e-50 1.000000e-50 1.000000e-50 1.000000e-50 1.000000e-50 1.000000e-50 8.157390e-03 1.000000e-50 
6.400250e-02 1.000000e-50 1.000000e-50 1.000000e-50 1.000000e-50 1.000000e-50 1.000000e-50 7.180770e-03 1.000000e-50 1.842020e-02 1.000000e-50 1.000000e-50 1.000000e-50 1.000000e-50 1.000000e-50 1.000000e-50 1.000000e-50 1.000000e-50 1.000000e-50 5.366840e-01 1.000000e-50 1.000000e-50 1.000000e-50 1.000000e-50 1.000000e-50 1.000000e-50 2.094910e-01 1.000000e-50 1.000000e-50 1.000000e-50 1.000000e-50 2.684980e-02 1.000000e-50 3.278180e-02 1.000000e-50 1.000000e-50 1.000000e-50 1.000000e-50 1.000000e-50 1.000000e-50 1.000000e-50 1.000000e-50 1.000000e-50 1.000000e-50 1.000000e-50 1.000000e-50 1.000000e-50 1.000000e-50 1.045890e-01 1.000000e-50 1.000000e-50 1.000000e-50 1.000000e-50 1.000000e-50 1.000000e-50 
1.000000e-50 1.000000e-50 1.000000e-50 3.592810e-02 8.083830e-02 1.000000e-50 5.988020e-02 1.000000e-50 1.000000e-50 1.000000e-50 1.000000e-50 1.000000e-50 1.000000e-50 1.000000e-50 1.000000e-50 1.000000e-50 1.000000e-50 1.000000e-50 1.000000e-50 1.000000e-50 1.000000e-50 1.000000e-50 3.293410e-02 1.000000e-50 1.000000e-50 1.616770e-01 1.000000e-50 1.000000e-50 8.083830e-02 1.000000e-50 8.083830e-02 1.000000e-50 1.000000e-50 1.000000e-50 1.000000e-50 1.000000e-50 1.000000e-50 1.000000e-50 1.167660e-01 1.946110e-01 1.000000e-50 1.000000e-50 4.790420e-02 1.000000e-50 3.293410e-02 1.000000e-50 1.000000e-50 7.485030e-02 1.000000e-50 1.000000e-50 1.000000e-50 1.000000e-50 1.000000e-50 1.000000e-50 1.000000e-50 
1.000000e-50 1.000000e-50 1.000000e-50 1.542290e-02 1.007460e-02 1.000000e-50 2.350750e-02 1.000000e-50 1.000000e-50 1.000000e-50 1.000000e-50 1.604480e-02 1.000000e-50 1.000000e-50 2.101990e-02 4.825870e-02 1.000000e-50 1.000000e-50 1.305970e-02 1.000000e-50 1.990050e-02 1.000000e-50 2.400500e-02 1.094530e-02 3.855720e-02 7.910450e-02 1.000000e-50 1.000000e-50 1.380600e-02 8.942790e-02 2.089550e-02 1.000000e-50 1.000000e-50 2.126870e-02 1.000000e-50 8.246270e-02 5.696520e-02 1.000000e-50 4.763680e-02 1.276120e-01 1.000000e-50 1.000000e-50 1.000000e-50 2.325870e-02 3.669150e-02 1.000000e-50 1.000000e-50 2.810950e-02 1.000000e-50 1.000000e-50 9.129350e-02 4.067160e-02 1.000000e-50 1.000000e-50 1.000000e-50 
1.000000e-50 1.000000e-50 1.000000e-50 1.000000e-50 1.000000e-50 1.000000e-50 1.188350e-02 1.000000e-50 1.000000e-50 1.000000e-50 1.000000e-50 1.000000e-50 1.000000e-50 1.000000e-50 1.001190e-01 2.314320e-01 1.000000e-50 1.000000e-50 1.000000e-50 1.000000e-50 1.000000e-50 1.000000e-50 7.130120e-03 1.000000e-50 1.485440e-02 2.376710e-02 1.000000e-50 1.000000e-50 1.000000e-50 1.000000e-50 1.000000e-50 1.000000e-50 1.000000e-50 1.000000e-50 1.000000e-50 5.347590e-03 1.000000e-50 1.000000e-50 3.425430e-01 1.366610e-02 1.000000e-50 1.000000e-50 1.000000e-50 1.000000e-50 2.673800e-03 1.000000e-50 1.000000e-50 1.271540e-01 1.000000e-50 1.000000e-50 1.194300e-01 1.000000e-50 1.000000e-50 1.000000e-50 1.000000e-50 
1.000000e-50 1.000000e-50 1.000000e-50 1.000000e-50 1.000000e-50 1.000000e-50 1.000000e-50 1.000000e-50 1.000000e-50 1.000000e-50 1.000000e-50 1.000000e-50 1.925930e-02 1.000000e-50 1.000000e-50 1.000000e-50 1.000000e-50 1.000000e-50 1.000000e-50 1.000000e-50 1.000000e-50 1.000000e-50 4.888890e-02 1.000000e-50 1.000000e-50 1.000000e-50 1.000000e-50 1.000000e-50 1.000000e-50 1.925930e-02 1.000000e-50 1.000000e-50 1.000000e-50 1.000000e-50 1.000000e-50 1.000000e-50 1.000000e-50 1.000000e-50 1.000000e-50 8.814810e-01 1.000000e-50 1.000000e-50 1.000000e-50 1.000000e-50 1.000000e-50 1.000000e-50 1.000000e-50 3.111110e-02 1.000000e-50 1.000000e-50 1.000000e-50 1.000000e-50 1.000000e-50 1.000000e-50 1.000000e-50 
1.000000e-50 1.000000e-50 1.000000e-50 3.665840e-02 8.261050e-03 1.000000e-50 4.213140e-02 1.000000e-50 1.000000e-50 1.000000e-50 1.000000e-50 1.931020e-02 2.788100e-03 1.073940e-02 1.073940e-02 5.194130e-02 1.000000e-50 1.000000e-50 2.746800e-02 2.075590e-02 1.652210e-02 1.000000e-50 5.452290e-02 7.641470e-03 3.717470e-02 5.989260e-02 1.000000e-50 1.000000e-50 3.314750e-02 2.767450e-02 4.275090e-02 2.581580e-03 2.282110e-02 3.325070e-02 1.000000e-50 8.880630e-02 2.705490e-02 1.000000e-50 7.899630e-02 2.313090e-02 1.000000e-50 1.000000e-50 1.652210e-02 3.500620e-02 2.003300e-02 1.000000e-50 1.000000e-50 4.182160e-02 1.135890e-03 1.000000e-50 7.403970e-02 2.467990e-02 1.000000e-50 1.000000e-50 1.000000e-50 
5.635790e-03 8.805920e-04 1.000000e-50 4.253260e-02 2.025360e-03 1.000000e-50 2.844310e-02 1.000000e-50 1.000000e-50 1.000000e-50 2.025360e-03 1.074320e-02 1.000000e-50 1.000000e-50 9.422330e-03 5.794290e-02 1.000000e-50 1.056710e-03 8.805920e-04 5.635790e-03 2.914760e-02 1.000000e-50 1.470590e-02 1.444170e-02 3.839380e-02 1.871260e-01 1.000000e-50 1.000000e-50 1.083130e-02 2.201480e-03 4.517440e-02 1.000000e-50 9.070100e-03 5.811910e-03 1.000000e-50 1.400140e-02 3.249380e-02 5.283550e-03 4.649520e-02 9.950690e-02 1.000000e-50 1.849240e-03 1.338500e-02 3.082070e-03 3.786540e-03 1.000000e-50 3.522370e-04 3.249380e-02 8.805920e-04 1.000000e-50 1.999820e-01 2.025360e-02 1.000000e-50 1.000000e-50 2.025360e-03 
3.776490e-02 9.402700e-02 5.394990e-03 3.660890e-02 1.000000e-50 2.312140e-03 1.040460e-02 1.000000e-50 1.000000e-50 1.000000e-50 1.541430e-03 1.657030e-02 1.000000e-50 1.000000e-50 1.000000e-50 1.271680e-02 1.000000e-50 1.000000e-50 1.000000e-50 1.000000e-50 1.000000e-50 1.000000e-50 1.075140e-01 1.000000e-50 2.851640e-02 7.630060e-02 1.000000e-50 1.000000e-50 1.965320e-02 1.000000e-50 5.664740e-02 1.000000e-50 3.969170e-02 1.000000e-50 8.863200e-03 1.000000e-50 1.000000e-50 1.000000e-50 7.013490e-02 1.799610e-01 5.549130e-02 1.000000e-50 1.000000e-50 1.000000e-50 3.082850e-02 1.000000e-50 1.000000e-50 1.017340e-01 1.000000e-50 7.321770e-03 1.000000e-50 1.000000e-50 1.000000e-50 1.000000e-50 1.000000e-50 
5.725300e-02 1.000000e-50 1.000000e-50 1.000000e-50 1.000000e-50 1.000000e-50 1.000000e-50 1.000000e-50 5.292200e-01 1.000000e-50 1.000000e-50 1.000000e-50 1.000000e-50 1.000000e-50 1.000000e-50 1.000000e-50 2.699500e-02 1.000000e-50 1.000000e-50 1.000000e-50 1.000000e-50 1.000000e-50 1.000000e-50 1.000000e-50 1.000000e-50 1.000000e-50 1.453570e-02 1.000000e-50 1.000000e-50 1.000000e-50 1.000000e-50 1.000000e-50 1.216260e-02 8.780780e-02 1.000000e-50 1.000000e-50 1.000000e-50 1.000000e-50 1.000000e-50 1.000000e-50 1.000000e-50 1.000000e-50 1.000000e-50 1.000000e-50 1.000000e-50 1.159890e-01 1.000000e-50 1.000000e-50 1.000000e-50 1.000000e-50 1.000000e-50 1.000000e-50 7.564520e-02 5.932960e-04 7.979830e-02 
1.000000e-50 1.000000e-50 1.000000e-50 6.472000e-02 1.000000e-50 1.000000e-50 3.431670e-02 1.000000e-50 1.000000e-50 1.000000e-50 1.000000e-50 1.000000e-50 2.709210e-03 1.000000e-50 1.000000e-50 1.000000e-50 1.000000e-50 1.000000e-50 1.000000e-50 1.000000e-50 2.950030e-02 1.000000e-50 5.177600e-02 1.655630e-02 1.836240e-02 1.935580e-01 1.000000e-50 1.000000e-50 1.000000e-50 5.719450e-03 1.180010e-01 1.000000e-50 1.000000e-50 2.408190e-02 1.000000e-50 1.000000e-50 2.709210e-02 1.000000e-50 1.000000e-50 1.017460e-01 1.000000e-50 1.000000e-50 1.000000e-50 1.000000e-50 1.896450e-02 1.000000e-50 1.000000e-50 1.526190e-01 1.000000e-50 1.000000e-50 1.360630e-01 4.214330e-03 1.000000e-50 1.000000e-50 1.000000e-50 
1.000000e-50 1.000000e-50 1.000000e-50 8.717950e-02 1.000000e-50 1.000000e-50 1.602560e-02 1.000000e-50 1.000000e-50 1.000000e-50 1.000000e-50 1.000000e-50 1.000000e-50 2.503210e-01 1.000000e-50 1.000000e-50 1.000000e-50 1.000000e-50 1.000000e-50 1.000000e-50 1.000000e-50 1.000000e-50 9.294870e-03 1.000000e-50 1.000000e-50 1.000000e-50 1.000000e-50 1.000000e-50 9.006410e-02 2.628210e-02 6.730770e-02 1.000000e-50 1.000000e-50 1.000000e-50 1.000000e-50 1.000000e-50 8.012820e-03 1.000000e-50 2.596150e-02 5.769230e-03 1.000000e-50 1.000000e-50 3.830130e-01 1.000000e-50 1.000000e-50 1.000000e-50 1.000000e-50 1.987180e-02 1.000000e-50 1.000000e-50 6.730770e-03 4.166670e-03 1.000000e-50 1.000000e-50 1.000000e-50 
1.000000e-50 1.000000e-50 1.000000e-50 3.846150e-02 1.000000e-50 1.000000e-50 2.504470e-02 1.000000e-50 1.000000e-50 1.000000e-50 1.000000e-50 1.000000e-50 1.000000e-50 1.000000e-50 1.788910e-02 4.919500e-03 1.000000e-50 1.000000e-50 1.000000e-50 1.000000e-50 1.000000e-50 1.000000e-50 9.839000e-03 1.000000e-50 1.000000e-50 1.000000e-50 1.000000e-50 1.000000e-50 1.833630e-02 2.325580e-02 3.220040e-02 1.000000e-50 1.000000e-50 1.000000e-50 1.000000e-50 5.992840e-02 1.000000e-50 1.000000e-50 6.663690e-02 5.854200e-01 1.000000e-50 1.000000e-50 1.000000e-50 1.000000e-50 1.000000e-50 1.000000e-50 1.000000e-50 4.651160e-02 1.000000e-50 1.000000e-50 7.155640e-02 1.000000e-50 1.000000e-50 1.000000e-50 1.000000e-50 
1.000000e-50 1.000000e-50 3.827440e-02 1.000000e-50 1.000000e-50 1.000000e-50 1.070390e-02 1.000000e-50 1.000000e-50 1.000000e-50 1.000000e-50 9.179370e-02 1.000000e-50 2.854360e-02 1.000000e-50 1.000000e-50 9.406420e-02 1.000000e-50 1.000000e-50 1.000000e-50 1.000000e-50 1.410960e-01 1.000000e-50 1.000000e-50 1.000000e-50 1.000000e-50 1.000000e-50 7.006160e-02 1.000000e-50 1.000000e-50 1.000000e-50 1.000000e-50 1.000000e-50 1.000000e-50 1.000000e-50 1.000000e-50 1.000000e-50 1.000000e-50 1.000000e-50 1.005510e-02 2.984110e-02 1.000000e-50 9.049630e-02 1.000000e-50 1.000000e-50 2.757050e-02 3.674990e-01 1.000000e-50 1.000000e-50 1.000000e-50 1.000000e-50 1.000000e-50 1.000000e-50 1.000000e-50 1.000000e-50 
1.550020e-02 1.000000e-50 1.000000e-50 4.603100e-02 1.000000e-50 1.000000e-50 1.000000e-50 1.000000e-50 1.000000e-50 1.000000e-50 1.000000e-50 1.000000e-50 1.000000e-50 1.000000e-50 1.000000e-50 1.000000e-50 1.000000e-50 1.000000e-50 1.000000e-50 4.227340e-03 1.000000e-50 1.000000e-50 1.000000e-50 1.000000e-50 1.690930e-02 4.697040e-02 1.000000e-50 1.000000e-50 2.724280e-02 1.000000e-50 3.381870e-02 1.000000e-50 1.643960e-02 1.000000e-50 1.000000e-50 1.000000e-50 1.000000e-50 1.000000e-50 4.227340e-03 6.923440e-01 1.000000e-50 1.000000e-50 1.000000e-50 1.000000e-50 2.677310e-02 1.000000e-50 1.000000e-50 4.697040e-02 1.000000e-50 5.636450e-03 1.690930e-02 1.000000e-50 1.000000e-50 1.000000e-50 1.000000e-50 
1.357660e-02 1.000000e-50 1.000000e-50 6.830720e-02 9.333900e-03 1.000000e-50 2.390040e-02 1.000000e-50 1.000000e-50 1.000000e-50 4.101260e-03 1.000000e-50 1.000000e-50 5.374060e-03 1.414230e-04 1.173810e-02 1.000000e-50 1.000000e-50 4.737660e-02 4.313390e-02 1.173810e-02 1.000000e-50 1.994060e-02 1.000000e-50 1.000000e-50 1.000000e-50 1.000000e-50 1.000000e-50 1.371800e-02 1.712630e-01 2.432470e-02 1.000000e-50 1.000000e-50 4.525530e-02 1.000000e-50 1.434030e-01 1.000000e-50 1.000000e-50 2.361760e-02 1.371800e-02 1.000000e-50 1.000000e-50 1.979920e-02 2.112860e-01 6.646870e-03 1.000000e-50 1.000000e-50 9.192480e-03 1.000000e-50 1.000000e-50 5.345780e-02 5.656910e-03 1.000000e-50 1.000000e-50 1.000000e-50 
1.000000e-50 1.000000e-50 1.000000e-50 1.000000e-50 1.000000e-50 1.000000e-50 1.000000e-50 1.000000e-50 4.549370e-02 1.000000e-50 1.643920e-01 1.000000e-50 2.987830e-02 1.000000e-50 1.000000e-50 1.000000e-50 1.000000e-50 1.000000e-50 1.000000e-50 1.000000e-50 1.000000e-50 1.000000e-50 1.000000e-50 1.000000e-50 1.000000e-50 1.000000e-50 3.831300e-01 1.000000e-50 1.000000e-50 1.000000e-50 1.000000e-50 1.000000e-50 1.000000e-50 1.000000e-50 1.000000e-50 1.000000e-50 1.000000e-50 1.000000e-50 4.918230e-04 1.000000e-50 1.000000e-50 1.118900e-02 1.000000e-50 1.000000e-50 1.000000e-50 1.168080e-02 1.000000e-50 1.000000e-50 1.000000e-50 1.000000e-50 1.000000e-50 1.000000e-50 1.000000e-50 8.606910e-03 3.451370e-01 
1.000000e-50 1.000000e-50 1.000000e-50 4.893620e-01 1.000000e-50 1.000000e-50 1.000000e-50 1.000000e-50 1.000000e-50 1.000000e-50 1.000000e-50 1.000000e-50 1.000000e-50 1.000000e-50 1.000000e-50 1.000000e-50 1.000000e-50 1.000000e-50 1.000000e-50 2.431610e-02 1.000000e-50 1.000000e-50 1.000000e-50 1.000000e-50 1.000000e-50 1.000000e-50 1.000000e-50 1.000000e-50 1.000000e-50 1.000000e-50 1.000000e-50 1.000000e-50 1.000000e-50 1.000000e-50 1.000000e-50 1.000000e-50 1.000000e-50 4.255320e-02 1.000000e-50 1.000000e-50 1.519760e-02 1.000000e-50 4.285710e-01 1.000000e-50 1.000000e-50 1.000000e-50 1.000000e-50 1.000000e-50 1.000000e-50 1.000000e-50 1.000000e-50 1.000000e-50 1.000000e-50 1.000000e-50 1.000000e-50 
1.000000e-50 1.000000e-50 1.000000e-50 8.048800e-03 1.000000e-50 1.000000e-50 4.337880e-02 1.000000e-50 1.000000e-50 1.000000e-50 1.000000e-50 1.000000e-50 1.000000e-50 1.000000e-50 8.472420e-03 4.337880e-02 1.000000e-50 1.000000e-50 1.000000e-50 1.000000e-50 5.252900e-02 1.000000e-50 2.321440e-02 1.414890e-02 8.743540e-02 3.651610e-02 1.000000e-50 1.000000e-50 1.000000e-50 6.608490e-03 2.533250e-02 1.000000e-50 1.000000e-50 1.000000e-50 1.000000e-50 2.043550e-01 6.667800e-02 1.000000e-50 6.227230e-02 2.363810e-02 1.000000e-50 1.000000e-50 1.000000e-50 1.000000e-50 2.660340e-02 1.000000e-50 1.000000e-50 7.464200e-02 1.000000e-50 1.000000e-50 1.571630e-01 3.558420e-02 1.000000e-50 1.000000e-50 1.000000e-50 
1.000000e-50 1.000000e-50 1.000000e-50 1.515050e-03 1.000000e-50 1.000000e-50 1.790510e-03 1.000000e-50 1.000000e-50 1.000000e-50 1.000000e-50 1.000000e-50 1.000000e-50 1.000000e-50 1.019210e-02 2.470900e-01 1.000000e-50 6.886580e-05 1.000000e-50 1.000000e-50 5.192480e-02 1.000000e-50 3.994220e-03 1.478550e-01 2.837270e-02 6.611110e-03 1.000000e-50 1.000000e-50 1.000000e-50 1.000000e-50 1.928240e-03 1.000000e-50 1.000000e-50 1.000000e-50 1.000000e-50 5.440400e-03 1.377320e-03 1.000000e-50 9.641210e-03 1.459950e-02 1.000000e-50 1.000000e-50 1.000000e-50 1.000000e-50 1.859380e-03 1.000000e-50 1.000000e-50 1.260240e-02 1.000000e-50 1.000000e-50 1.797400e-02 4.351630e-01 1.000000e-50 1.000000e-50 1.000000e-50 
1.000000e-50 2.507840e-02 1.000000e-50 1.000000e-50 1.000000e-50 1.000000e-50 2.866100e-02 1.000000e-50 2.686970e-02 1.000000e-50 1.000000e-50 9.180470e-02 3.282580e-01 1.000000e-50 1.000000e-50 1.000000e-50 7.254810e-02 1.000000e-50 1.000000e-50 1.000000e-50 1.000000e-50 1.000000e-50 1.000000e-50 1.000000e-50 1.000000e-50 1.000000e-50 1.000000e-50 1.343480e-02 1.000000e-50 1.000000e-50 1.000000e-50 4.791760e-02 2.955670e-02 1.000000e-50 1.000000e-50 1.343480e-03 1.000000e-50 1.000000e-50 1.000000e-50 1.253920e-02 2.597400e-02 1.000000e-50 1.000000e-50 1.000000e-50 1.000000e-50 2.731750e-02 1.464400e-01 1.000000e-50 1.000000e-50 1.000000e-50 1.000000e-50 1.000000e-50 6.224810e-02 6.000900e-02 1.000000e-50 
1.000000e-50 1.000000e-50 3.812470e-02 4.121590e-03 1.000000e-50 1.000000e-50 1.000000e-50 1.000000e-50 1.000000e-50 1.000000e-50 1.000000e-50 1.000000e-50 1.000000e-50 1.000000e-50 1.000000e-50 1.000000e-50 5.002580e-01 1.000000e-50 1.000000e-50 1.000000e-50 1.000000e-50 1.236480e-02 2.009270e-02 1.000000e-50 1.000000e-50 1.000000e-50 1.000000e-50 8.655330e-02 1.000000e-50 1.000000e-50 1.000000e-50 1.000000e-50 1.000000e-50 1.000000e-50 1.000000e-50 1.000000e-50 1.000000e-50 1.000000e-50 1.000000e-50 1.000000e-50 7.521900e-02 8.758370e-03 1.000000e-50 1.000000e-50 1.000000e-50 1.000000e-50 4.070070e-02 1.000000e-50 1.000000e-50 1.000000e-50 1.000000e-50 1.000000e-50 1.000000e-50 2.138070e-01 1.000000e-50 
3.575760e-02 1.000000e-50 1.010100e-03 1.000000e-50 1.000000e-50 1.000000e-50 1.919190e-03 1.000000e-50 5.248480e-01 1.000000e-50 1.818180e-02 1.000000e-50 1.000000e-50 1.000000e-50 1.000000e-50 1.000000e-50 8.888890e-03 1.000000e-50 8.080810e-04 1.000000e-50 1.000000e-50 1.000000e-50 1.000000e-50 1.000000e-50 1.000000e-50 1.000000e-50 1.485860e-01 4.545450e-03 1.000000e-50 1.000000e-50 1.000000e-50 1.000000e-50 5.454550e-03 1.000000e-50 1.000000e-50 1.000000e-50 1.000000e-50 1.000000e-50 1.000000e-50 8.080810e-04 1.000000e-50 1.000000e-50 1.000000e-50 1.000000e-50 1.000000e-50 7.505050e-02 1.000000e-50 1.000000e-50 1.000000e-50 3.434340e-03 1.000000e-50 1.000000e-50 6.262630e-03 1.898990e-02 1.454550e-01 

#DOUBLE_55x3_DISCRETE_SS_EMISSION
1.000000e+00 1.000000e-50 1.000000e-50 
5.351140e-01 1.000000e-50 4.648860e-01 
1.000000e+00 1.000000e-50 1.000000e-50 
1.000000e-50 4.094860e-03 9.959050e-01 
1.000000e+00 1.000000e-50 1.000000e-50 
9.591840e-01 1.000000e-50 4.081630e-02 
1.126710e-02 2.918360e-02 9.595490e-01 
1.000000e+00 1.000000e-50 1.000000e-50 
1.000000e+00 1.000000e-50 1.000000e-50 
1.000000e+00 1.000000e-50 1.000000e-50 
1.000000e+00 1.000000e-50 1.000000e-50 
1.000000e-50 1.000000e-50 1.000000e+00 
1.000000e+00 1.000000e-50 1.000000e-50 
1.000000e-50 8.048290e-03 9.919520e-01 
1.000000e-50 1.000000e+00 1.000000e-50 
1.000000e-50 1.000000e+00 1.000000e-50 
1.000000e+00 1.000000e-50 1.000000e-50 
1.000000e-50 1.000000e+00 1.000000e-50 
6.442380e-03 1.000000e-50 9.935580e-01 
1.000000e+00 1.000000e-50 1.000000e-50 
1.000000e-50 1.000000e+00 1.000000e-50 
1.000000e+00 1.000000e-50 1.000000e-50 
4.661260e-02 1.377620e-01 8.156260e-01 
1.000000e-50 9.990060e-01 9.942000e-04 
1.000000e-50 9.560840e-02 9.043920e-01 
1.000000e-50 1.453120e-02 9.854690e-01 
1.000000e+00 1.000000e-50 1.000000e-50 
9.862170e-01 1.000000e-50 1.378250e-02 
1.000000e-50 1.000000e-50 1.000000e+00 
1.000000e+00 1.000000e-50 1.000000e-50 
1.000000e-50 3.006160e-03 9.969940e-01 
1.000000e+00 1.000000e-50 1.000000e-50 
1.000000e+00 1.000000e-50 1.000000e-50 
1.000000e+00 1.000000e-50 1.000000e-50 
9.515670e-01 1.000000e-50 4.843300e-02 
1.063310e-02 2.016620e-02 9.692010e-01 
1.000000e-50 1.000000e-50 1.000000e+00 
1.000000e-50 1.000000e-50 1.000000e+00 
1.000000e-50 2.608870e-02 9.739110e-01 
2.776080e-02 1.903100e-02 9.532080e-01 
1.000000e+00 1.000000e-50 1.000000e-50 
1.000000e+00 1.000000e-50 1.000000e-50 
1.000000e-50 1.000000e-50 1.000000e+00 
1.000000e-50 3.859760e-03 9.961400e-01 
1.000000e-50 2.760460e-02 9.723950e-01 
1.000000e+00 1.000000e-50 1.000000e-50 
1.000000e-50 1.000000e-50 1.000000e+00 
1.000000e-50 1.853660e-02 9.814630e-01 
1.000000e+00 1.000000e-50 1.000000e-50 
3.524100e-01 1.000000e-50 6.475900e-01 
1.000000e-50 1.599530e-02 9.840050e-01 
1.000000e-50 1.000000e+00 1.000000e-50 
1.000000e+00 1.000000e-50 1.000000e-50 
1.000000e+00 1.000000e-50 1.000000e-50 
1.000000e+00 1.000000e-50 1.000000e-50 

#DOUBLE_55x3_TORUS_TORUS_KAPPA
1.590950e+02 1.622660e+02 4.362880e+01 
4.681830e+00 7.848670e+00 -6.958480e-01 
6.935960e+01 7.490250e+01 3.015510e+01 
2.456130e+01 2.052180e+01 6.400410e+00 
2.250320e+01 1.954280e+01 4.987300e+00 
1.229930e+02 1.178790e+02 4.791050e+01 
3.609400e+00 2.669660e+00 -3.160900e+00 
4.278700e+01 2.582330e+01 1.071500e+01 
7.104030e+02 5.343910e+02 2.552210e+02 
2.573080e+02 1.836070e+02 9.105710e+01 
4.307550e+02 4.356590e+02 1.745940e+02 
2.811570e+02 1.695670e+02 9.306060e+01 
1.748870e+02 1.635790e+02 5.965940e+01 
5.945620e+01 6.226240e+01 2.012790e+01 
2.412130e+01 1.936670e+01 5.047080e+00 
1.909820e+01 1.429370e+01 9.104080e-02 
6.922020e+01 3.878660e+01 1.228790e+01 
1.400800e+01 1.330170e+01 3.013060e+00 
8.341370e+01 4.541850e+01 2.395920e+01 
2.813370e+02 2.172000e+02 9.403090e+01 
2.140040e+01 2.464290e+01 3.403040e+00 
4.201350e+01 3.375580e+01 5.495550e+00 
4.088060e+00 3.650640e+00 6.448260e-01 
4.752620e+00 1.384070e+01 -6.163880e+00 
1.977560e+01 1.791360e+01 5.015760e+00 
3.658280e+01 3.168350e+01 8.199280e+00 
8.344680e+02 7.746040e+02 3.197970e+02 
1.769800e+02 2.091330e+02 8.284110e+01 
3.804910e+01 3.508260e+01 9.563540e+00 
2.058230e+02 1.404750e+02 7.054110e+01 
4.646640e+00 4.674860e+00 3.121690e-01 
8.980320e+01 8.842130e+01 2.971710e+01 
1.752930e+02 1.282490e+02 6.210070e+01 
2.126210e+02 2.049810e+02 8.350580e+01 
2.088900e+01 2.130240e+01 6.736310e+00 
5.837040e+01 3.796990e+01 1.463140e+01 
3.015300e+01 4.068280e+01 1.220980e+01 
2.611550e+01 4.647800e+01 9.950970e+00 
9.704000e+00 8.199160e+00 7.520840e-02 
4.495250e+01 3.467090e+01 1.726810e+01 
2.410120e+01 3.200550e+01 9.109490e+00 
4.089440e+02 3.626750e+02 1.394840e+02 
1.115230e+02 1.165300e+02 4.534220e+01 
1.281780e+02 8.302980e+01 4.083160e+01 
6.845970e+01 6.177830e+01 6.143240e+00 
3.221500e+02 2.255220e+02 1.052360e+02 
8.277970e+01 9.566700e+01 3.481600e+01 
1.373620e+00 5.479880e+00 -7.674640e+00 
5.430140e+02 5.364780e+02 2.204530e+02 
1.219430e+02 9.527780e+01 3.934400e+01 
9.474790e+00 1.185940e+01 1.786730e+00 
2.280430e+01 3.850190e+01 8.259740e-01 
1.219100e+02 1.061390e+02 3.457370e+01 
1.767050e+02 9.746990e+01 2.366770e+01 
5.390140e+02 4.652860e+02 1.818470e+02 

#DOUBLE_55x2_TORUS_TORUS_KAPPA-ENVELOPE
1.025668e+02 1.025668e+02 
8.398201e+00 8.398201e+00 
2.365504e+01 2.365504e+01 
1.226220e+01 1.226220e+01 
1.339978e+01 1.339978e+01 
4.087226e+01 4.087226e+01 
4.271856e+00 4.271856e+00 
1.201065e+01 1.201065e+01 
1.377566e+02 1.377566e+02 
4.441580e+01 4.441580e+01 
1.438430e+02 1.438430e+02 
3.237191e+01 3.237191e+01 
7.388642e+01 7.388642e+01 
3.256460e+01 3.256460e+01 
1.322880e+01 1.322880e+01 
1.420464e+01 1.420464e+01 
2.405778e+01 2.405778e+01 
9.699653e+00 9.699653e+00 
1.281594e+01 1.281594e+01 
7.703609e+01 7.703609e+01 
2.072936e+01 2.072936e+01 
2.753988e+01 2.753988e+01 
3.028997e+00 3.028997e+00 
1.641695e+01 1.641695e+01 
1.154475e+01 1.154475e+01 
2.138814e+01 2.138814e+01 
2.577015e+02 2.577015e+02 
5.648975e+01 5.648975e+01 
2.265787e+01 2.265787e+01 
3.474571e+01 3.474571e+01 
4.384256e+00 4.384256e+00 
4.473457e+01 4.473457e+01 
3.371669e+01 3.371669e+01 
6.903342e+01 6.903342e+01 
1.197964e+01 1.197964e+01 
1.889723e+01 1.889723e+01 
2.124967e+01 2.124967e+01 
3.113525e+01 3.113525e+01 
8.127449e+00 8.127449e+00 
8.621420e+00 8.621420e+00 
1.820241e+01 1.820241e+01 
1.519090e+02 1.519090e+02 
4.172094e+01 4.172094e+01 
2.428696e+01 2.428696e+01 
5.509014e+01 5.509014e+01 
7.039096e+01 7.039096e+01 
3.718187e+01 3.718187e+01 
6.589191e+00 6.589191e+00 
1.671259e+02 1.671259e+02 
3.808542e+01 3.808542e+01 
9.833949e+00 9.833949e+00 
3.766481e+01 3.766481e+01 
5.837589e+01 5.837589e+01 
7.026600e+01 7.026600e+01 
1.918285e+02 1.918285e+02 

#DOUBLE_55x2_TORUS_TORUS_MU
-9.794990e-01 -8.738270e-01 
-1.645110e+00 -7.849100e-01 
-1.656860e+00 -2.418440e-02 
-1.931180e+00 1.383820e-01 
-9.967640e-01 -7.889440e-01 
-1.230780e+00 -4.625880e-01 
-1.576910e+00 1.234180e+00 
-1.303920e+00 -8.000810e-02 
-1.054660e+00 -6.840620e-01 
-1.140020e+00 -3.112950e-01 
-1.169850e+00 -6.170560e-01 
-1.093750e+00 -3.926020e-01 
-1.159210e+00 -9.010640e-01 
-1.661680e+00 1.582090e-01 
-2.715060e+00 2.808890e+00 
-2.268930e+00 2.507240e+00 
-1.342360e+00 -5.497370e-01 
-1.649950e+00 -5.158000e-01 
-1.351900e+00 -1.840400e-01 
-1.049200e+00 -6.606030e-01 
-1.412390e+00 2.435880e+00 
-1.440280e+00 -6.988370e-01 
1.650800e+00 -2.882440e+00 
-1.763180e+00 1.924180e+00 
-1.490200e+00 2.976210e+00 
-1.248420e+00 2.539080e+00 
-1.099260e+00 -7.298390e-01 
-1.466510e+00 -1.821030e-01 
-1.126540e+00 -6.338120e-01 
-9.726900e-01 -5.860500e-01 
-1.732200e+00 -6.925490e-01 
-1.098770e+00 -4.813760e-01 
-1.027390e+00 -5.563540e-01 
-1.027490e+00 -7.389060e-01 
-2.066620e+00 4.724100e-01 
-1.137580e+00 2.572250e+00 
-1.455320e+00 -5.060160e-01 
-1.632840e+00 -2.369640e-01 
-2.488720e+00 2.741390e+00 
1.250920e+00 3.647340e-01 
-1.713960e+00 -3.336020e-01 
-1.207350e+00 -7.948620e-01 
-1.431020e+00 -1.873130e-01 
-1.053920e+00 -4.107120e-01 
-1.010230e+00 2.300980e+00 
-1.109050e+00 -4.780830e-01 
-1.568060e+00 9.833500e-02 
-1.791730e+00 1.831080e+00 
-1.159560e+00 -7.492440e-01 
-1.164620e+00 -1.822110e-01 
-1.831530e+00 2.383910e+00 
-1.945340e+00 2.209260e+00 
-1.025540e+00 -6.372260e-01 
-1.172350e+00 -6.618410e-01 
-1.092090e+00 -7.980570e-01 

#DOUBLE_55x2_TORUS_TORUS_MU-ENVELOPE
0.000000e+00 -0.000000e+00 
0.000000e+00 -0.000000e+00 
0.000000e+00 -0.000000e+00 
0.000000e+00 -0.000000e+00 
0.000000e+00 -0.000000e+00 
0.000000e+00 -0.000000e+00 
0.000000e+00 -0.000000e+00 
0.000000e+00 -0.000000e+00 
0.000000e+00 -0.000000e+00 
0.000000e+00 -0.000000e+00 
0.000000e+00 -0.000000e+00 
0.000000e+00 -0.000000e+00 
0.000000e+00 -0.000000e+00 
0.000000e+00 -0.000000e+00 
0.000000e+00 -0.000000e+00 
0.000000e+00 -0.000000e+00 
0.000000e+00 -0.000000e+00 
0.000000e+00 -0.000000e+00 
0.000000e+00 -0.000000e+00 
0.000000e+00 -0.000000e+00 
0.000000e+00 -0.000000e+00 
0.000000e+00 -0.000000e+00 
0.000000e+00 -0.000000e+00 
0.000000e+00 -0.000000e+00 
0.000000e+00 -0.000000e+00 
0.000000e+00 -0.000000e+00 
0.000000e+00 -0.000000e+00 
0.000000e+00 -0.000000e+00 
0.000000e+00 -0.000000e+00 
0.000000e+00 -0.000000e+00 
0.000000e+00 -0.000000e+00 
0.000000e+00 -0.000000e+00 
0.000000e+00 -0.000000e+00 
0.000000e+00 -0.000000e+00 
0.000000e+00 -0.000000e+00 
0.000000e+00 -0.000000e+00 
0.000000e+00 -0.000000e+00 
0.000000e+00 -0.000000e+00 
0.000000e+00 -0.000000e+00 
0.000000e+00 -0.000000e+00 
0.000000e+00 -0.000000e+00 
0.000000e+00 -0.000000e+00 
0.000000e+00 -0.000000e+00 
0.000000e+00 -0.000000e+00 
0.000000e+00 -0.000000e+00 
0.000000e+00 -0.000000e+00 
0.000000e+00 -0.000000e+00 
0.000000e+00 -0.000000e+00 
0.000000e+00 -0.000000e+00 
0.000000e+00 -0.000000e+00 
0.000000e+00 -0.000000e+00 
0.000000e+00 -0.000000e+00 
0.000000e+00 -0.000000e+00 
0.000000e+00 -0.000000e+00 
0.000000e+00 -0.000000e+00 

#DOUBLE_55x2_TORUS_TORUS_PROPORTION-ENVELOPE
5.000000e-01 5.000000e-01 
5.000000e-01 5.000000e-01 
5.000000e-01 5.000000e-01 
5.000000e-01 5.000000e-01 
5.000000e-01 5.000000e-01 
5.000000e-01 5.000000e-01 
5.000000e-01 5.000000e-01 
5.000000e-01 5.000000e-01 
5.000000e-01 5.000000e-01 
5.000000e-01 5.000000e-01 
5.000000e-01 5.000000e-01 
5.000000e-01 5.000000e-01 
5.000000e-01 5.000000e-01 
5.000000e-01 5.000000e-01 
5.000000e-01 5.000000e-01 
5.000000e-01 5.000000e-01 
5.000000e-01 5.000000e-01 
5.000000e-01 5.000000e-01 
5.000000e-01 5.000000e-01 
5.000000e-01 5.000000e-01 
5.000000e-01 5.000000e-01 
5.000000e-01 5.000000e-01 
5.000000e-01 5.000000e-01 
5.000000e-01 5.000000e-01 
5.000000e-01 5.000000e-01 
5.000000e-01 5.000000e-01 
5.000000e-01 5.000000e-01 
5.000000e-01 5.000000e-01 
5.000000e-01 5.000000e-01 
5.000000e-01 5.000000e-01 
5.000000e-01 5.000000e-01 
5.000000e-01 5.000000e-01 
5.000000e-01 5.000000e-01 
5.000000e-01 5.000000e-01 
5.000000e-01 5.000000e-01 
5.000000e-01 5.000000e-01 
5.000000e-01 5.000000e-01 
5.000000e-01 5.000000e-01 
5.000000e-01 5.000000e-01 
5.000000e-01 5.000000e-01 
5.000000e-01 5.000000e-01 
5.000000e-01 5.000000e-01 
5.000000e-01 5.000000e-01 
5.000000e-01 5.000000e-01 
5.000000e-01 5.000000e-01 
5.000000e-01 5.000000e-01 
5.000000e-01 5.000000e-01 
5.000000e-01 5.000000e-01 
5.000000e-01 5.000000e-01 
5.000000e-01 5.000000e-01 
5.000000e-01 5.000000e-01 
5.000000e-01 5.000000e-01 
5.000000e-01 5.000000e-01 
5.000000e-01 5.000000e-01 
5.000000e-01 5.000000e-01 


