#DOUBLE_1x55_DISCRETE_HIDDEN_DOMINANT-EIGENVECTOR
1.181240e-02 1.015500e-02 2.732930e-03 4.261280e-02 7.230010e-02 5.647850e-02 7.766180e-03 1.129940e-02 8.060550e-03 4.222620e-03 8.298470e-03 7.403200e-03 2.166900e-02 1.595120e-02 1.457690e-02 1.117540e-02 2.505530e-02 7.263060e-03 2.989040e-02 3.931900e-03 7.087070e-03 3.150420e-03 1.117900e-02 1.264720e-02 3.029440e-02 5.993760e-03 6.482230e-03 3.138250e-03 6.990840e-02 4.947770e-03 3.244530e-02 3.011250e-02 1.026680e-02 1.293590e-02 1.776770e-02 1.482910e-02 1.501730e-02 2.670790e-02 3.537630e-02 4.966280e-03 1.380080e-02 1.942730e-02 3.260900e-02 2.350220e-02 7.995670e-03 3.981950e-02 1.548770e-02 2.980070e-02 4.872570e-03 4.821250e-02 3.851560e-03 6.283770e-03 8.875150e-03 9.293440e-03 8.259220e-03 

#DOUBLE_1x55_DISCRETE_HIDDEN_START
2.322880e-02 1.000000e-50 1.000000e-50 1.974450e-02 5.168410e-02 1.678280e-01 1.000000e-50 1.000000e-50 1.161440e-03 1.626020e-02 1.000000e-50 1.000000e-50 4.878050e-02 4.006970e-02 3.077820e-02 1.000000e-50 1.000000e-50 1.000000e-50 1.567940e-02 1.000000e-50 1.000000e-50 1.000000e-50 1.000000e-50 1.000000e-50 6.968640e-02 1.000000e-50 1.000000e-50 1.000000e-50 4.761900e-02 6.387920e-03 7.259000e-02 2.903600e-02 1.000000e-50 1.000000e-50 2.729380e-02 1.000000e-50 2.497100e-02 6.794430e-02 8.826950e-02 1.393730e-02 2.961670e-02 2.322880e-02 5.226480e-03 5.342620e-02 1.000000e-50 1.000000e-50 2.148660e-02 1.000000e-50 4.065040e-03 1.000000e-50 1.000000e-50 1.000000e-50 1.000000e-50 1.000000e-50 1.000000e-50 

#DOUBLE_1x55_TORUS_TORUS_LOGNORMCONST
3.824591e+01 1.481027e+02 4.684870e+02 6.507334e+01 3.089372e+01 1.635514e+01 2.146354e+02 4.250257e+02 2.303540e+01 9.504701e+01 4.399868e+01 2.628510e+01 4.153053e+02 9.512044e+00 2.047099e+01 2.261069e+02 3.968823e+02 7.789469e+01 2.620725e+01 7.322927e+01 8.843762e+01 1.301846e+02 2.524431e+02 3.819773e+02 7.908393e+01 2.025609e+02 6.564849e+01 5.449014e+01 5.275108e+01 3.568783e+01 2.171752e+01 4.019852e+01 3.897720e+02 4.275213e+02 3.742248e+01 1.005021e+02 5.658517e+01 8.168106e+00 7.964731e+01 9.486006e+01 1.952246e+01 2.341436e+02 6.983725e+02 3.631076e+01 2.409286e+02 1.046830e+03 6.566713e+01 6.212895e+02 3.793860e+02 7.785898e+02 2.325181e+01 2.314497e+01 2.508912e+02 1.356322e+01 2.121869e+02 

#DOUBLE_1x55_TORUS_TORUS_SCALE-ENVELOPE
-2.962480e-03 5.321302e-03 8.822428e-03 5.442959e-02 -8.852996e-03 3.739093e-04 1.467564e-02 4.530532e-03 -1.041072e-02 3.111883e-03 3.775110e-03 -8.691812e-03 5.806535e-03 6.140265e-03 5.507300e-04 5.653308e-03 6.822945e-04 -1.926187e-03 5.161685e-04 1.810961e-02 -1.402370e-04 4.953706e-03 4.932388e-03 3.226956e-04 9.769841e-04 1.135192e-02 1.018379e-02 5.385029e-04 -6.106553e-03 -6.727435e-03 1.255147e-04 -7.103533e-03 9.022811e-03 3.345210e-03 -1.424813e-03 6.350243e-03 1.604538e-03 3.855695e-04 4.178683e-03 2.585800e-02 1.280659e-03 1.208667e-02 2.480621e-03 -2.988355e-03 1.248182e-02 1.774500e-03 -2.563326e-03 4.109945e-03 1.184908e-02 1.604458e-03 6.095899e-04 -8.920522e-03 6.939948e-04 4.794066e-07 1.184357e-02 

#DOUBLE_55x20_DISCRETE_AA_EMISSION
6.926680e-02 1.497660e-02 1.444620e-01 5.491420e-02 3.837750e-02 4.180970e-02 2.808110e-02 1.747270e-02 4.680190e-02 7.457100e-02 1.872070e-02 1.045240e-01 1.531980e-01 3.276130e-02 4.555380e-02 4.711390e-02 2.184090e-02 1.684870e-02 7.800310e-03 2.090480e-02 
1.638730e-01 1.229050e-02 5.772810e-02 1.020480e-01 2.346370e-02 3.538180e-02 2.569830e-02 2.718810e-02 1.106150e-01 7.001860e-02 1.489760e-02 2.085660e-02 1.675980e-02 4.171320e-02 7.895720e-02 7.746740e-02 3.128490e-02 4.320300e-02 2.346370e-02 2.309120e-02 
2.005490e-01 2.335160e-02 4.670330e-02 5.769230e-02 2.472530e-02 6.593410e-02 1.098900e-02 1.000000e-50 5.769230e-02 1.222530e-01 3.296700e-02 9.065930e-02 1.000000e-50 4.945050e-02 2.335160e-02 1.538460e-01 2.335160e-02 1.000000e-50 1.000000e-50 1.648350e-02 
2.566130e-02 8.524470e-03 6.318660e-02 2.961600e-02 1.590650e-02 5.409970e-01 2.135510e-02 1.230340e-03 4.490730e-02 1.617010e-02 8.172950e-03 1.175850e-01 1.000000e-50 2.381580e-02 2.987960e-02 2.469460e-02 5.888040e-03 2.548550e-03 5.448630e-03 1.441250e-02 
1.061170e-01 2.631040e-02 2.090410e-02 5.004630e-02 8.109360e-02 3.331270e-02 2.991450e-02 4.546390e-02 5.231180e-02 4.942850e-02 2.522910e-02 2.074970e-02 1.000000e-50 3.609310e-02 6.003500e-02 9.154570e-02 8.639690e-02 8.809600e-02 2.229430e-02 7.465760e-02 
4.273950e-02 1.686230e-02 1.000000e-50 6.874640e-02 5.564560e-02 4.410140e-03 2.004020e-02 1.232250e-01 9.099160e-02 1.308130e-01 2.834170e-02 2.023480e-02 1.000000e-50 5.389450e-02 5.376480e-02 2.101300e-02 6.063950e-02 1.510470e-01 1.614890e-02 4.144240e-02 
1.230550e-01 1.791610e-02 6.412070e-02 7.024990e-02 4.007540e-02 2.734560e-02 1.838760e-02 1.838760e-02 7.307870e-02 1.970770e-01 3.206030e-02 5.091940e-02 1.000000e-50 4.337580e-02 5.893450e-02 7.213580e-02 3.017440e-02 1.885900e-02 1.037250e-02 3.347480e-02 
1.221320e-01 1.214570e-02 1.551960e-02 5.161940e-02 4.082320e-02 1.484480e-02 1.450740e-02 7.759780e-02 5.465590e-02 2.297570e-01 3.947370e-02 8.434550e-03 1.000000e-50 4.082320e-02 6.815110e-02 1.788120e-02 4.655870e-02 8.367070e-02 1.754390e-02 4.385960e-02 
4.726940e-02 7.342820e-02 4.635150e-02 6.700320e-02 4.910510e-02 1.147320e-02 2.340520e-02 3.441950e-02 7.618170e-02 1.000460e-01 2.569990e-02 4.956400e-02 1.000000e-50 1.789810e-02 3.441950e-02 7.159250e-02 1.597060e-01 4.910510e-02 1.147320e-02 5.185870e-02 
9.358750e-02 1.000000e-50 7.625650e-02 1.048530e-01 1.473140e-02 3.292890e-02 1.559790e-02 2.426340e-02 7.279030e-02 6.672440e-02 3.032930e-02 2.513000e-02 1.169840e-01 3.206240e-02 5.459270e-02 7.279030e-02 5.459270e-02 8.058930e-02 1.000000e-50 3.119580e-02 
3.284670e-02 2.828470e-02 2.782850e-02 5.063870e-02 9.078470e-02 2.417880e-02 5.748180e-02 3.923360e-02 4.698910e-02 1.081200e-01 2.463500e-02 6.341240e-02 1.000000e-50 2.645990e-02 4.197080e-02 5.291970e-02 1.131390e-01 6.113140e-02 1.642340e-02 9.352190e-02 
6.817020e-02 3.331620e-02 3.741670e-02 1.035370e-01 6.253200e-02 1.000000e-50 2.562790e-02 8.303430e-02 7.380830e-02 1.096870e-01 1.845210e-02 2.819070e-02 1.000000e-50 5.023070e-02 6.663250e-02 5.996920e-02 5.074320e-02 7.227060e-02 1.998970e-02 3.639160e-02 
9.926660e-02 3.752350e-03 5.867300e-02 1.042130e-01 2.916600e-02 3.547670e-02 1.296260e-02 4.553980e-02 6.174310e-02 8.459830e-02 1.330380e-02 2.268460e-02 1.495820e-01 4.025240e-02 4.195800e-02 4.622210e-02 3.735290e-02 6.089030e-02 2.217290e-02 3.018930e-02 
2.616950e-02 5.326540e-03 3.543310e-02 2.153770e-02 9.263550e-03 7.086610e-01 1.065310e-02 8.800370e-03 2.524320e-02 2.061140e-02 4.863360e-03 2.176930e-02 9.263550e-04 1.459010e-02 1.806390e-02 3.659100e-02 1.435850e-02 8.337190e-03 2.084300e-03 6.716070e-03 
1.109990e-02 3.758830e-02 4.223010e-01 3.784060e-02 7.820380e-03 1.000000e-50 2.447020e-02 1.236130e-02 2.194750e-02 9.838550e-03 1.000000e-50 2.214930e-01 1.000000e-50 1.614530e-02 2.522700e-02 1.036830e-01 9.838550e-03 1.261350e-02 9.334010e-03 1.639760e-02 
7.855700e-02 7.080240e-03 4.180710e-02 8.867160e-02 5.428190e-02 3.135540e-02 2.124070e-02 1.021580e-01 6.540800e-02 1.284560e-01 2.764670e-02 3.236680e-02 1.348620e-03 4.956170e-02 4.517870e-02 3.169250e-02 3.371540e-02 9.170600e-02 1.685770e-02 5.091030e-02 
8.683850e-02 1.447310e-02 2.351880e-02 6.633500e-02 5.352030e-02 4.522840e-03 1.794060e-02 9.935170e-02 1.160860e-01 1.524200e-01 3.241370e-02 2.216190e-02 3.015230e-04 3.452430e-02 7.447610e-02 2.336800e-02 2.080510e-02 6.422430e-02 2.487560e-02 6.784260e-02 
9.699170e-02 7.261410e-03 4.927390e-02 1.146270e-01 2.385890e-02 1.452280e-02 2.178420e-02 3.112030e-02 1.358920e-01 1.063280e-01 2.852700e-02 4.304980e-02 1.000000e-50 6.535270e-02 9.180500e-02 3.838170e-02 5.342320e-02 4.719920e-02 7.780080e-03 2.282160e-02 
4.218730e-02 2.127920e-02 3.773350e-02 4.639370e-02 5.319810e-02 8.165290e-03 2.560930e-02 1.552640e-01 5.356920e-02 1.360880e-01 2.461960e-02 3.958930e-02 1.237160e-03 3.055800e-02 4.144500e-02 2.152670e-02 3.130030e-02 1.719660e-01 1.410370e-02 4.416680e-02 
9.723550e-02 1.000000e-50 7.245000e-02 8.960920e-02 2.478550e-02 4.385130e-02 1.620590e-02 4.194470e-02 1.020020e-01 7.340320e-02 2.859870e-02 4.194470e-02 8.484270e-02 4.003810e-02 8.865590e-02 4.099140e-02 5.052430e-02 4.099140e-02 1.000000e-50 2.192560e-02 
1.398940e-01 9.574470e-03 4.361700e-02 8.457450e-02 3.031910e-02 1.808510e-02 1.329790e-02 6.329790e-02 8.563830e-02 1.622340e-01 3.723400e-02 2.393620e-02 1.000000e-50 3.563830e-02 6.861700e-02 7.446810e-02 3.776600e-02 4.893620e-02 1.117020e-02 1.170210e-02 
5.889280e-02 1.531210e-02 1.696110e-01 7.538280e-02 3.180210e-02 4.358070e-02 5.418140e-02 4.711430e-03 5.771500e-02 6.007070e-02 2.826860e-02 1.295640e-01 1.000000e-50 2.944640e-02 3.651350e-02 7.538280e-02 5.300350e-02 1.413430e-02 3.415780e-02 2.826860e-02 
8.355610e-02 7.018720e-03 5.848930e-02 1.196520e-01 2.640370e-02 3.576200e-02 2.540110e-02 4.879680e-02 7.185830e-02 8.188500e-02 2.205880e-02 3.943850e-02 9.258020e-02 5.648400e-02 5.046790e-02 6.417110e-02 1.971930e-02 4.244650e-02 2.573530e-02 2.807490e-02 
7.889310e-02 1.118630e-02 4.150720e-02 5.534290e-02 9.832200e-02 2.590520e-02 3.149840e-02 8.566380e-02 5.769800e-02 1.118630e-01 1.825140e-02 1.884020e-02 1.000000e-50 4.916100e-02 6.358550e-02 2.060640e-02 5.151600e-02 9.420080e-02 2.943770e-02 5.652050e-02 
1.715190e-01 2.165400e-02 6.092490e-02 5.896750e-02 5.040370e-02 2.593590e-02 2.397850e-02 3.156350e-02 5.590900e-02 1.260090e-01 3.070710e-02 2.679230e-02 1.000000e-50 3.951550e-02 5.003670e-02 8.025450e-02 5.052610e-02 3.951550e-02 1.712750e-02 3.865920e-02 
1.553030e-01 1.388890e-02 2.588380e-02 6.313130e-02 3.851010e-02 2.146460e-02 2.967170e-02 1.893940e-02 6.313130e-02 1.654040e-01 3.535350e-02 7.133840e-02 1.000000e-50 6.060610e-02 7.070710e-02 5.681820e-02 3.030300e-02 3.282830e-02 9.469700e-03 3.724750e-02 
3.469850e-02 1.194540e-02 9.044370e-02 6.427760e-02 8.589310e-02 2.844140e-02 3.583620e-02 3.469850e-02 7.394770e-02 8.703070e-02 2.161550e-02 7.849830e-02 1.000000e-50 7.394770e-02 5.517630e-02 5.005690e-02 4.436860e-02 3.526730e-02 2.332200e-02 7.053470e-02 
6.855790e-02 7.092200e-03 3.900710e-02 9.101650e-02 5.082740e-02 2.127660e-02 1.000000e-50 4.255320e-02 9.929080e-02 1.619390e-01 3.900710e-02 5.910170e-02 1.000000e-50 5.082740e-02 7.446810e-02 7.801420e-02 5.437350e-02 3.309690e-02 1.000000e-50 2.955080e-02 
3.303660e-02 1.367590e-02 1.040440e-02 4.156390e-02 5.068110e-02 8.956340e-03 1.936070e-02 1.656660e-01 3.957950e-02 1.370270e-01 1.871720e-02 1.496300e-02 1.000000e-50 2.257860e-02 4.301190e-02 1.823450e-02 8.082160e-02 2.201010e-01 1.410490e-02 4.751690e-02 
8.018150e-02 4.538580e-03 1.217850e-01 1.633890e-01 1.966720e-02 2.496220e-02 2.042360e-02 4.009080e-02 1.164900e-01 4.689860e-02 1.285930e-02 3.479580e-02 1.000000e-50 3.630860e-02 5.673220e-02 7.715580e-02 4.462930e-02 5.068080e-02 6.051440e-03 4.236010e-02 
7.171410e-02 2.443760e-02 6.269270e-02 5.275780e-02 4.796160e-02 3.220280e-02 4.476420e-02 1.792850e-02 4.739070e-02 2.044080e-02 1.518780e-02 6.040880e-02 5.709720e-04 3.471510e-02 5.709720e-02 1.553040e-01 1.481100e-01 4.122420e-02 1.610140e-02 4.898940e-02 
6.981040e-02 2.228520e-02 3.693670e-02 5.614380e-02 5.503570e-02 3.582860e-02 1.575970e-02 3.730610e-02 7.054910e-02 1.121640e-01 1.945330e-02 2.450140e-02 1.275550e-01 3.558240e-02 5.639010e-02 4.703280e-02 5.072640e-02 5.171140e-02 2.918000e-02 4.604780e-02 
1.102810e-01 1.529700e-02 7.577370e-02 1.419420e-01 2.632520e-02 5.620780e-02 2.774810e-02 2.063320e-02 6.901460e-02 5.229460e-02 1.138380e-02 2.276770e-02 3.344010e-02 4.624690e-02 5.265030e-02 1.337600e-01 4.162220e-02 2.134470e-02 1.814300e-02 2.312340e-02 
1.818970e-01 6.918420e-03 5.448260e-02 1.121360e-01 9.224560e-03 2.479100e-02 1.527820e-02 2.392620e-02 1.144420e-01 1.049290e-01 2.738540e-02 4.669930e-02 1.000000e-50 7.696740e-02 9.109250e-02 5.534740e-02 1.844910e-02 2.075530e-02 3.747480e-03 1.153070e-02 
3.981360e-02 1.313000e-02 1.067340e-01 4.044900e-02 3.388390e-02 3.303680e-02 3.197800e-02 2.901310e-02 6.014400e-02 7.052100e-02 1.715370e-02 1.120290e-01 2.117750e-04 3.642520e-02 5.823800e-02 7.454470e-02 1.529010e-01 4.087250e-02 1.630660e-02 3.261330e-02 
3.463090e-02 1.011120e-02 2.305360e-01 4.979780e-02 4.044490e-02 5.637010e-02 3.665320e-02 1.061680e-02 3.488370e-02 6.521740e-02 1.668350e-02 1.572300e-01 1.000000e-50 4.347830e-02 3.943380e-02 4.802830e-02 5.182000e-02 1.137510e-02 1.845300e-02 4.423660e-02 
7.204540e-02 7.401920e-03 1.275600e-01 8.216140e-02 2.121890e-02 1.653100e-02 2.640020e-02 2.837400e-02 1.260790e-01 7.722670e-02 1.036270e-02 3.108810e-02 3.725640e-02 5.181350e-02 6.859120e-02 7.944730e-02 7.081170e-02 4.046390e-02 7.155190e-03 1.801130e-02 
5.930670e-02 2.199640e-02 5.471250e-02 7.239320e-02 4.218290e-02 1.090070e-01 3.048870e-02 4.580260e-02 7.295000e-02 7.086180e-02 1.642770e-02 3.870250e-02 2.853960e-02 3.856330e-02 4.970070e-02 7.295000e-02 6.849510e-02 5.888900e-02 1.392180e-02 3.410830e-02 
6.822470e-02 4.925590e-03 3.081120e-02 5.386710e-02 9.117590e-03 9.117590e-03 1.341440e-02 6.287990e-03 4.328230e-02 2.001680e-02 6.392790e-03 1.205200e-02 5.937960e-01 1.655840e-02 3.060160e-02 3.699430e-02 1.341440e-02 1.603440e-02 3.248790e-03 1.184240e-02 
4.761900e-02 1.000000e-50 1.000000e-50 2.752980e-02 1.000000e-50 4.017860e-02 1.000000e-50 1.000000e-50 1.000000e-50 1.000000e-50 1.000000e-50 2.678570e-02 7.306550e-01 1.000000e-50 1.000000e-50 1.071430e-01 2.008930e-02 1.000000e-50 1.000000e-50 1.000000e-50 
6.865670e-02 2.170960e-02 1.196740e-01 4.341930e-02 6.105830e-02 2.550880e-02 6.512890e-02 1.899590e-02 5.427410e-02 5.291720e-02 2.089550e-02 1.419270e-01 1.000000e-50 3.093620e-02 6.404340e-02 6.295790e-02 3.989150e-02 2.930800e-02 1.546810e-02 6.322930e-02 
9.509380e-02 1.629100e-02 4.527370e-02 6.838420e-02 2.898280e-02 3.409740e-02 1.913240e-02 4.906230e-02 4.697860e-02 8.808490e-02 2.348930e-02 2.140560e-02 1.860200e-01 3.125590e-02 4.319000e-02 5.853380e-02 3.523390e-02 5.360860e-02 2.595190e-02 2.992990e-02 
8.201210e-02 1.174860e-02 5.098670e-02 8.908410e-02 4.619600e-02 3.627240e-02 2.486600e-02 8.395120e-02 5.201320e-02 1.092730e-01 2.680510e-02 2.041750e-02 1.000000e-50 5.201320e-02 4.881940e-02 3.707080e-02 6.490250e-02 1.057370e-01 1.368770e-02 4.414280e-02 
2.837880e-02 1.818750e-02 1.280970e-01 2.179370e-02 2.351830e-03 2.400440e-01 1.489500e-02 1.000000e-50 1.661960e-02 2.320480e-02 4.076510e-03 6.726250e-02 1.661960e-02 1.520850e-02 2.195050e-02 2.021010e-01 1.672940e-01 1.000000e-50 2.665410e-03 9.250550e-03 
1.023730e-01 9.306650e-03 9.120520e-02 1.019080e-01 1.675200e-02 5.444390e-02 2.978130e-02 6.514660e-03 7.398790e-02 6.049330e-02 1.023730e-02 4.327590e-02 1.000000e-50 6.421590e-02 6.700790e-02 1.698460e-01 6.747320e-02 3.257330e-03 1.302930e-02 1.489060e-02 
1.451910e-01 1.123280e-02 5.978460e-02 1.382290e-01 3.295580e-02 3.936130e-02 2.357970e-02 3.620500e-02 7.324550e-02 7.352400e-02 2.265130e-02 3.982550e-02 1.000000e-50 6.758260e-02 5.699960e-02 5.857780e-02 5.904200e-02 3.388410e-02 7.426660e-03 2.070180e-02 
1.017980e-01 1.700680e-02 3.571430e-02 9.207970e-02 3.741500e-02 6.000970e-02 2.113700e-02 6.584060e-02 6.171040e-02 1.367830e-01 2.089410e-02 2.453840e-02 2.162290e-02 3.595720e-02 6.049560e-02 4.057340e-02 4.518950e-02 6.681240e-02 1.530610e-02 3.911560e-02 
1.315300e-01 1.059720e-02 9.998750e-02 1.375140e-01 2.181770e-02 4.750030e-02 2.106970e-02 1.109590e-02 7.517770e-02 5.959360e-02 3.129290e-02 5.523000e-02 1.000000e-50 5.747410e-02 7.081410e-02 7.954120e-02 3.939660e-02 1.795290e-02 1.346470e-02 1.895030e-02 
1.417680e-01 1.829270e-02 1.089940e-01 8.841460e-02 8.384150e-03 5.030490e-02 1.600610e-02 1.981710e-02 7.393290e-02 5.868900e-02 1.981710e-02 5.106710e-02 1.000000e-50 5.030490e-02 7.164630e-02 1.349090e-01 6.173780e-02 1.905490e-02 3.048780e-03 3.810980e-03 
1.628550e-01 1.560570e-02 2.379480e-02 3.978680e-02 4.218170e-02 3.113410e-02 1.127940e-02 8.992580e-02 4.612180e-02 1.866500e-01 3.677380e-02 1.970020e-02 1.000000e-50 4.094560e-02 6.025960e-02 2.000930e-02 2.201790e-02 1.026730e-01 1.661000e-02 3.167490e-02 
8.814890e-03 9.598430e-02 4.397650e-01 1.860920e-02 1.762980e-02 1.000000e-50 4.995100e-02 1.000000e-50 1.000000e-50 9.794320e-04 1.000000e-50 2.115570e-01 1.000000e-50 1.000000e-50 8.814890e-03 1.038200e-01 1.000000e-50 3.917730e-03 1.958860e-02 2.056810e-02 
6.220380e-02 9.478670e-03 5.035550e-02 4.561610e-02 2.606640e-02 2.251180e-02 2.369670e-02 1.060430e-01 5.509480e-02 1.546210e-01 1.954980e-02 3.317540e-02 1.184830e-02 2.784360e-02 4.324640e-02 5.450240e-02 7.405210e-02 1.492890e-01 1.007110e-02 2.073460e-02 
1.077770e-01 1.352490e-02 5.832630e-02 1.394760e-01 2.662720e-02 4.395600e-02 1.944210e-02 2.113270e-02 6.508880e-02 1.115810e-01 2.916310e-02 5.579040e-02 1.000000e-50 6.297550e-02 8.579880e-02 3.972950e-02 3.634830e-02 4.606930e-02 9.298390e-03 2.789520e-02 
4.449840e-03 1.213590e-03 5.380260e-02 1.000000e-50 1.000000e-50 8.495150e-01 4.449840e-03 1.000000e-50 2.427180e-03 1.000000e-50 2.831720e-03 2.184470e-02 1.000000e-50 1.000000e-50 1.213590e-03 4.085760e-02 1.658580e-02 1.000000e-50 8.090610e-04 1.000000e-50 
4.621660e-02 1.000000e-50 3.035800e-02 5.346620e-02 1.178070e-02 1.948350e-02 8.608970e-03 2.129590e-02 4.893520e-02 1.585860e-02 4.531040e-03 1.676480e-02 5.391930e-01 1.631170e-02 1.404620e-02 7.385590e-02 2.174900e-02 3.262350e-02 9.062080e-03 1.585860e-02 

#DOUBLE_55x2_DISCRETE_CIS_EMISSION
9.965640e-01 3.436430e-03 
1.000000e+00 1.000000e-50 
1.000000e+00 1.000000e-50 
1.000000e+00 1.000000e-50 
1.000000e+00 1.000000e-50 
1.000000e+00 1.000000e-50 
1.000000e+00 1.000000e-50 
1.000000e+00 1.000000e-50 
1.000000e+00 1.000000e-50 
1.000000e+00 1.000000e-50 
1.000000e+00 1.000000e-50 
1.000000e+00 1.000000e-50 
1.000000e+00 1.000000e-50 
9.986120e-01 1.387600e-03 
1.000000e+00 1.000000e-50 
1.000000e+00 1.000000e-50 
1.000000e+00 1.000000e-50 
1.000000e+00 1.000000e-50 
1.000000e+00 1.000000e-50 
1.000000e+00 1.000000e-50 
1.000000e+00 1.000000e-50 
1.000000e+00 1.000000e-50 
1.000000e+00 1.000000e-50 
1.000000e+00 1.000000e-50 
1.000000e+00 1.000000e-50 
1.000000e+00 1.000000e-50 
1.000000e+00 1.000000e-50 
1.000000e+00 1.000000e-50 
1.000000e+00 1.000000e-50 
1.000000e+00 1.000000e-50 
9.975990e-01 2.401100e-03 
9.974060e-01 2.593550e-03 
1.000000e+00 1.000000e-50 
1.000000e+00 1.000000e-50 
1.000000e+00 1.000000e-50 
1.000000e+00 1.000000e-50 
1.000000e+00 1.000000e-50 
9.965010e-01 3.498950e-03 
9.619840e-01 3.801570e-02 
8.782990e-01 1.217010e-01 
9.986490e-01 1.351350e-03 
1.000000e+00 1.000000e-50 
1.000000e+00 1.000000e-50 
9.989010e-01 1.099420e-03 
1.000000e+00 1.000000e-50 
1.000000e+00 1.000000e-50 
1.000000e+00 1.000000e-50 
1.000000e+00 1.000000e-50 
1.000000e+00 1.000000e-50 
1.000000e+00 1.000000e-50 
1.000000e+00 1.000000e-50 
1.000000e+00 1.000000e-50 
1.000000e+00 1.000000e-50 
1.000000e+00 1.000000e-50 
1.000000e+00 1.000000e-50 

#DOUBLE_55x55_DISCRETE_HIDDEN_TRANSITION
2.676010e-02 3.122010e-02 1.000000e-50 2.325580e-02 3.472440e-02 1.430390e-01 1.000000e-50 1.000000e-50 1.000000e-50 1.000000e-50 1.000000e-50 1.000000e-50 3.090160e-02 3.791020e-02 1.401720e-02 1.000000e-50 1.000000e-50 1.000000e-50 6.052880e-03 1.000000e-50 1.000000e-50 1.000000e-50 1.000000e-50 1.000000e-50 6.562600e-02 1.000000e-50 1.000000e-50 1.000000e-50 1.051290e-02 1.000000e-50 1.949670e-01 1.847720e-02 1.000000e-50 1.000000e-50 4.587450e-02 5.097160e-03 2.230010e-03 1.325260e-01 1.000000e-50 1.000000e-50 3.026440e-02 3.950300e-02 1.000000e-50 3.249440e-02 1.000000e-50 1.000000e-50 2.930870e-02 5.734310e-03 1.561010e-02 7.645750e-03 1.000000e-50 3.504300e-03 1.000000e-50 1.274290e-02 1.000000e-50 
2.778820e-02 1.990240e-02 1.000000e-50 1.164100e-02 1.000000e-50 1.000000e-50 1.000000e-50 1.000000e-50 1.000000e-50 8.561770e-02 1.000000e-50 1.000000e-50 1.000000e-50 1.000000e-50 1.164100e-02 1.000000e-50 1.000000e-50 1.000000e-50 1.000000e-50 1.000000e-50 1.000000e-50 1.000000e-50 1.000000e-50 1.000000e-50 1.000000e-50 1.000000e-50 1.000000e-50 1.000000e-50 1.000000e-50 6.496430e-02 5.407440e-02 1.000000e-50 1.000000e-50 1.000000e-50 1.032670e-01 3.909130e-01 1.000000e-50 3.492300e-02 1.000000e-50 2.177990e-02 1.577170e-02 2.891480e-02 1.000000e-50 1.000000e-50 1.242960e-01 1.000000e-50 1.000000e-50 1.000000e-50 1.000000e-50 1.000000e-50 1.000000e-50 1.000000e-50 1.000000e-50 4.506200e-03 1.000000e-50 
1.000000e-50 1.000000e-50 1.000000e-50 1.000000e-50 1.000000e-50 1.000000e-50 4.293630e-02 1.000000e-50 1.000000e-50 9.695290e-03 1.000000e-50 2.105260e-01 1.000000e-50 1.000000e-50 1.000000e-50 1.000000e-50 1.000000e-50 7.202220e-02 1.000000e-50 1.000000e-50 1.000000e-50 1.800550e-02 1.000000e-50 1.000000e-50 1.000000e-50 1.000000e-50 1.939060e-02 1.000000e-50 1.000000e-50 1.000000e-50 1.000000e-50 1.000000e-50 5.817170e-02 1.000000e-50 1.000000e-50 2.590030e-01 1.000000e-50 1.000000e-50 1.000000e-50 1.000000e-50 1.000000e-50 3.462600e-02 1.000000e-50 1.000000e-50 2.756230e-01 1.000000e-50 1.000000e-50 1.000000e-50 1.000000e-50 1.000000e-50 1.000000e-50 1.000000e-50 1.000000e-50 1.000000e-50 1.000000e-50 
1.806590e-02 9.210060e-03 1.000000e-50 9.927380e-02 5.171800e-02 2.432700e-01 1.000000e-50 1.000000e-50 2.107690e-02 1.859720e-03 1.000000e-50 1.000000e-50 6.021960e-03 1.204390e-02 2.116540e-02 1.000000e-50 1.000000e-50 1.000000e-50 2.187390e-02 1.000000e-50 1.000000e-50 1.000000e-50 1.000000e-50 3.985120e-03 1.438190e-01 1.000000e-50 1.771170e-04 1.000000e-50 2.683320e-02 1.328370e-03 4.401350e-02 3.285510e-02 1.000000e-50 1.000000e-50 3.152670e-02 5.313500e-03 3.622030e-02 4.135670e-02 1.416930e-02 1.000000e-50 1.700320e-02 1.354940e-02 3.453770e-03 4.286220e-02 8.767270e-03 9.741410e-04 5.047820e-03 4.073680e-03 7.261780e-03 1.000000e-50 1.000000e-50 1.771170e-03 1.000000e-50 6.199080e-03 1.859720e-03 
4.604480e-03 4.707950e-03 1.000000e-50 2.100470e-02 3.451810e-01 1.981480e-02 1.000000e-50 1.000000e-50 1.000000e-50 1.000000e-50 1.000000e-50 1.000000e-50 1.000000e-50 1.495160e-02 6.208290e-03 1.000000e-50 1.000000e-50 1.000000e-50 5.494330e-02 1.000000e-50 1.000000e-50 1.000000e-50 1.000000e-50 1.000000e-50 1.000000e-50 1.000000e-50 1.000000e-50 1.000000e-50 2.445550e-01 1.000000e-50 1.800400e-02 1.173880e-01 1.000000e-50 1.000000e-50 1.148530e-02 2.741990e-03 1.226140e-02 7.708620e-03 1.603810e-02 2.948940e-03 9.726320e-03 1.086450e-03 1.000000e-50 3.093800e-02 1.000000e-50 1.000000e-50 1.000000e-50 1.000000e-50 1.000000e-50 1.000000e-50 1.153710e-02 6.570440e-03 1.000000e-50 3.331780e-02 2.276370e-03 
3.914450e-02 7.129180e-03 1.000000e-50 2.581030e-02 3.736220e-02 1.577660e-01 1.000000e-50 1.000000e-50 1.000000e-50 1.000000e-50 1.000000e-50 1.000000e-50 1.000000e-50 2.270780e-02 5.531720e-02 1.000000e-50 1.000000e-50 1.000000e-50 2.066140e-02 1.000000e-50 1.000000e-50 1.000000e-50 1.000000e-50 1.000000e-50 1.000000e-50 1.000000e-50 1.000000e-50 1.000000e-50 3.947460e-02 1.000000e-50 6.673710e-02 4.884810e-02 1.000000e-50 1.000000e-50 1.854910e-02 1.000000e-50 6.462470e-02 3.333550e-02 2.417980e-01 5.148850e-03 1.551260e-02 9.439570e-03 1.000000e-50 7.802500e-02 1.000000e-50 1.000000e-50 3.366560e-03 1.000000e-50 1.000000e-50 1.000000e-50 1.000000e-50 1.000000e-50 1.000000e-50 6.799130e-03 2.442410e-03 
1.437470e-02 2.156210e-02 1.000000e-50 2.462870e-01 1.000000e-50 1.255390e-01 1.000000e-50 1.000000e-50 3.833250e-02 1.000000e-50 2.922860e-02 1.916630e-03 6.468620e-02 3.210350e-02 5.222810e-02 1.000000e-50 1.000000e-50 1.000000e-50 1.916630e-02 1.000000e-50 1.000000e-50 1.000000e-50 1.000000e-50 1.000000e-50 2.180160e-01 1.000000e-50 9.103980e-03 1.000000e-50 2.874940e-03 1.000000e-50 4.791570e-04 1.000000e-50 1.000000e-50 1.000000e-50 1.000000e-50 1.000000e-50 1.000000e-50 4.839480e-02 1.000000e-50 1.000000e-50 1.964540e-02 2.970770e-02 2.395780e-03 2.395780e-02 1.000000e-50 1.000000e-50 1.000000e-50 1.000000e-50 1.000000e-50 1.000000e-50 1.000000e-50 1.000000e-50 1.000000e-50 1.000000e-50 1.000000e-50 
1.000000e-50 1.000000e-50 5.836710e-02 1.000000e-50 1.000000e-50 1.000000e-50 1.000000e-50 4.318490e-02 1.000000e-50 1.000000e-50 1.000000e-50 1.000000e-50 1.000000e-50 1.000000e-50 1.000000e-50 1.430500e-01 1.000000e-50 1.551960e-02 1.000000e-50 1.000000e-50 4.487180e-02 1.000000e-50 1.000000e-50 5.398110e-02 1.000000e-50 8.839410e-02 1.000000e-50 2.631580e-02 1.000000e-50 1.000000e-50 1.000000e-50 1.000000e-50 1.000000e-50 9.311740e-02 1.000000e-50 1.000000e-50 1.000000e-50 1.000000e-50 1.000000e-50 1.000000e-50 1.000000e-50 1.000000e-50 1.204450e-01 1.000000e-50 1.000000e-50 1.000000e-50 1.000000e-50 6.477730e-02 9.986500e-02 1.000000e-50 1.000000e-50 1.000000e-50 1.481110e-01 1.000000e-50 1.000000e-50 
4.627490e-03 3.054140e-02 1.000000e-50 3.341050e-01 1.000000e-50 1.453030e-01 1.000000e-50 1.000000e-50 1.018050e-02 1.000000e-50 1.000000e-50 1.000000e-50 1.989820e-02 3.285520e-02 1.989820e-02 1.000000e-50 1.000000e-50 1.000000e-50 7.403980e-03 1.000000e-50 1.000000e-50 1.000000e-50 1.000000e-50 1.000000e-50 8.190650e-02 1.000000e-50 1.000000e-50 6.015730e-03 2.221190e-02 1.000000e-50 5.552980e-02 2.637670e-02 1.000000e-50 1.000000e-50 1.000000e-50 1.000000e-50 1.000000e-50 1.000000e-50 1.000000e-50 1.000000e-50 5.090240e-02 4.257290e-02 6.015730e-03 1.000000e-50 1.000000e-50 1.000000e-50 6.524760e-02 1.000000e-50 1.000000e-50 1.000000e-50 1.000000e-50 1.000000e-50 1.000000e-50 3.840810e-02 1.000000e-50 
1.000000e-50 6.118880e-02 1.000000e-50 5.332170e-02 1.000000e-50 5.506990e-02 1.000000e-50 1.000000e-50 1.000000e-50 1.000000e-50 1.000000e-50 1.000000e-50 1.000000e-50 2.185310e-02 2.097900e-02 1.000000e-50 1.000000e-50 1.000000e-50 5.244760e-03 1.000000e-50 1.000000e-50 1.000000e-50 1.000000e-50 1.000000e-50 1.000000e-50 3.409090e-02 1.000000e-50 1.000000e-50 1.000000e-50 5.332170e-01 1.000000e-50 1.000000e-50 1.000000e-50 1.000000e-50 2.622380e-03 1.000000e-50 1.000000e-50 1.075170e-01 1.000000e-50 1.000000e-50 3.234270e-02 7.255240e-02 1.000000e-50 1.000000e-50 1.000000e-50 1.000000e-50 1.000000e-50 1.000000e-50 1.000000e-50 1.000000e-50 1.000000e-50 1.000000e-50 1.000000e-50 1.000000e-50 1.000000e-50 
5.545290e-03 4.898340e-02 1.000000e-50 2.042510e-01 1.155270e-02 9.658040e-02 1.000000e-50 1.000000e-50 3.696860e-02 1.000000e-50 9.704250e-03 4.158960e-03 9.704250e-03 1.159890e-01 1.987060e-02 1.000000e-50 1.000000e-50 1.000000e-50 9.704250e-03 1.000000e-50 1.000000e-50 1.000000e-50 1.000000e-50 1.000000e-50 8.040670e-02 1.000000e-50 2.310540e-03 1.000000e-50 5.083180e-03 1.000000e-50 4.297600e-02 1.000000e-50 1.000000e-50 1.000000e-50 1.000000e-50 1.000000e-50 1.000000e-50 1.363220e-01 1.000000e-50 1.000000e-50 7.024030e-02 2.818850e-02 1.000000e-50 2.587800e-02 1.000000e-50 1.000000e-50 3.558230e-02 1.000000e-50 1.000000e-50 1.000000e-50 1.000000e-50 1.000000e-50 1.000000e-50 1.000000e-50 1.000000e-50 
1.075270e-02 1.000000e-50 1.000000e-50 1.000000e-50 1.000000e-50 3.942650e-02 1.000000e-50 4.505890e-02 1.000000e-50 1.000000e-50 1.843320e-01 1.008700e-01 1.000000e-50 1.000000e-50 2.201740e-02 1.000000e-50 1.000000e-50 1.000000e-50 1.000000e-50 7.680490e-02 1.346650e-01 1.000000e-50 1.331290e-02 3.072200e-03 1.000000e-50 4.608290e-03 1.000000e-50 1.000000e-50 1.000000e-50 1.000000e-50 1.000000e-50 1.000000e-50 1.000000e-50 1.000000e-50 1.000000e-50 1.000000e-50 1.000000e-50 1.075270e-01 1.000000e-50 1.000000e-50 1.638500e-02 1.331290e-02 2.150540e-02 1.000000e-50 1.000000e-50 1.000000e-50 2.032770e-01 1.000000e-50 1.000000e-50 1.000000e-50 1.000000e-50 1.000000e-50 1.000000e-50 3.072200e-03 1.000000e-50 
1.000000e-50 1.000000e-50 1.000000e-50 1.000000e-50 1.000000e-50 1.000000e-50 1.000000e-50 1.000000e-50 1.000000e-50 1.000000e-50 1.000000e-50 1.000000e-50 7.904600e-02 1.000000e-50 1.000000e-50 1.000000e-50 1.000000e-50 1.000000e-50 1.000000e-50 7.836460e-03 1.000000e-50 1.000000e-50 2.197610e-02 6.524700e-02 1.000000e-50 1.000000e-50 1.000000e-50 1.000000e-50 1.000000e-50 1.000000e-50 1.000000e-50 1.000000e-50 1.000000e-50 1.000000e-50 1.000000e-50 1.000000e-50 1.000000e-50 1.000000e-50 1.000000e-50 1.000000e-50 1.000000e-50 1.000000e-50 1.183990e-01 1.000000e-50 1.000000e-50 3.768310e-01 1.000000e-50 3.306640e-01 1.000000e-50 1.000000e-50 1.000000e-50 1.000000e-50 1.000000e-50 1.000000e-50 1.000000e-50 
2.733270e-02 1.460890e-02 1.000000e-50 2.898210e-02 4.524030e-02 7.540060e-02 1.000000e-50 1.000000e-50 1.000000e-50 2.356270e-03 1.000000e-50 1.000000e-50 3.487280e-02 5.937790e-02 1.932140e-02 1.000000e-50 1.000000e-50 1.000000e-50 1.272380e-02 1.649390e-02 1.000000e-50 1.000000e-50 1.000000e-50 1.000000e-50 3.722900e-02 1.000000e-50 1.000000e-50 1.000000e-50 1.979260e-02 1.885010e-03 7.657870e-02 2.874650e-02 2.049950e-02 1.000000e-50 6.738930e-02 6.786050e-02 1.672950e-02 8.294060e-02 6.055610e-02 1.885010e-02 2.426960e-02 3.722900e-02 7.068800e-04 3.016020e-02 2.403390e-02 5.419420e-03 1.767200e-02 1.000000e-50 2.591890e-03 1.000000e-50 1.000000e-50 1.000000e-50 1.000000e-50 8.246940e-03 1.390200e-02 
1.000000e-50 1.000000e-50 1.000000e-50 2.816900e-02 1.459670e-02 6.453270e-02 1.000000e-50 1.000000e-50 1.000000e-50 3.790010e-02 1.000000e-50 1.000000e-50 1.454550e-01 1.152370e-02 1.000000e-50 1.000000e-50 1.000000e-50 7.682460e-04 4.353390e-03 1.000000e-50 1.000000e-50 1.000000e-50 1.203590e-02 8.450700e-03 1.000000e-50 1.000000e-50 1.000000e-50 6.606910e-02 9.731110e-03 1.000000e-50 1.152370e-02 1.000000e-50 1.000000e-50 1.000000e-50 6.658130e-02 4.097310e-02 1.000000e-50 2.458390e-02 9.731110e-03 3.790010e-02 1.024330e-02 2.007680e-01 1.000000e-50 1.000000e-50 1.000000e-50 1.000000e-50 3.072980e-02 1.000000e-50 2.816900e-03 1.000000e-50 1.000000e-50 1.000000e-50 1.000000e-50 5.121640e-03 1.554420e-01 
6.786560e-03 1.000000e-50 1.000000e-50 1.000000e-50 1.000000e-50 1.000000e-50 1.000000e-50 3.393280e-01 1.000000e-50 1.000000e-50 1.000000e-50 9.501190e-03 6.752630e-02 3.393280e-03 1.000000e-50 1.000000e-50 1.000000e-50 1.000000e-50 1.000000e-50 4.784530e-02 1.394640e-01 1.000000e-50 1.706820e-01 9.161860e-02 1.000000e-50 1.000000e-50 8.483200e-03 1.000000e-50 1.000000e-50 1.000000e-50 1.000000e-50 1.000000e-50 1.000000e-50 1.000000e-50 1.000000e-50 1.000000e-50 1.000000e-50 1.000000e-50 1.000000e-50 1.000000e-50 1.000000e-50 1.000000e-50 1.000000e-50 1.000000e-50 1.000000e-50 1.000000e-50 1.153720e-01 1.000000e-50 1.000000e-50 1.000000e-50 1.000000e-50 1.000000e-50 1.000000e-50 1.000000e-50 1.000000e-50 
2.230480e-03 1.000000e-50 4.297400e-02 1.933090e-03 1.000000e-50 1.000000e-50 2.840150e-02 3.955390e-02 1.000000e-50 1.000000e-50 4.907060e-03 1.000000e-50 1.000000e-50 2.973980e-03 1.000000e-50 1.000000e-50 1.684760e-01 7.330860e-02 1.000000e-50 1.000000e-50 4.460970e-02 1.000000e-50 1.000000e-50 2.379180e-03 1.000000e-50 1.000000e-50 1.000000e-50 1.000000e-50 1.000000e-50 1.000000e-50 1.000000e-50 1.000000e-50 1.000000e-50 3.066170e-01 1.000000e-50 1.000000e-50 1.000000e-50 1.000000e-50 1.000000e-50 1.000000e-50 1.000000e-50 1.000000e-50 1.000000e-50 1.000000e-50 1.000000e-50 1.000000e-50 1.000000e-50 1.440890e-01 1.000000e-50 1.375460e-01 1.000000e-50 1.000000e-50 1.000000e-50 1.000000e-50 1.000000e-50 
1.000000e-50 1.000000e-50 1.000000e-50 1.000000e-50 1.000000e-50 1.000000e-50 1.000000e-50 1.000000e-50 7.792210e-03 1.000000e-50 8.316880e-01 1.000000e-50 1.000000e-50 1.000000e-50 1.000000e-50 1.000000e-50 1.000000e-50 1.000000e-50 1.000000e-50 1.000000e-50 1.000000e-50 1.000000e-50 1.000000e-50 1.000000e-50 4.207790e-02 1.000000e-50 1.000000e-50 1.000000e-50 1.000000e-50 1.000000e-50 1.000000e-50 1.000000e-50 1.000000e-50 2.181820e-02 1.000000e-50 1.000000e-50 1.000000e-50 1.000000e-50 1.000000e-50 1.000000e-50 8.467530e-02 1.000000e-50 1.000000e-50 1.000000e-50 1.000000e-50 1.000000e-50 1.194810e-02 1.000000e-50 1.000000e-50 1.000000e-50 1.000000e-50 1.000000e-50 1.000000e-50 1.000000e-50 1.000000e-50 
1.957870e-02 2.973980e-03 1.000000e-50 2.788100e-02 4.460970e-02 3.308550e-02 1.000000e-50 1.000000e-50 1.000000e-50 3.717470e-03 1.000000e-50 1.000000e-50 1.000000e-50 4.126390e-02 1.000000e-50 1.000000e-50 1.000000e-50 1.000000e-50 2.313510e-01 1.000000e-50 1.000000e-50 1.000000e-50 1.000000e-50 1.000000e-50 2.416360e-02 1.000000e-50 1.000000e-50 1.000000e-50 6.245350e-02 1.000000e-50 1.573730e-02 2.058240e-01 1.000000e-50 1.000000e-50 1.759600e-02 1.000000e-50 1.982650e-02 1.598510e-02 3.221810e-02 4.708800e-03 1.313510e-02 3.469640e-03 1.000000e-50 3.767040e-02 1.000000e-50 1.000000e-50 1.000000e-50 1.000000e-50 1.000000e-50 1.000000e-50 2.416360e-02 1.131350e-01 1.000000e-50 5.452290e-03 1.000000e-50 
1.000000e-50 1.000000e-50 1.000000e-50 1.000000e-50 1.000000e-50 8.637240e-03 5.758160e-02 1.000000e-50 1.000000e-50 5.758160e-03 7.965450e-02 6.074860e-01 1.000000e-50 1.000000e-50 1.000000e-50 1.000000e-50 1.000000e-50 1.000000e-50 1.000000e-50 7.677540e-03 2.879080e-02 1.919390e-02 1.000000e-50 1.000000e-50 1.000000e-50 1.000000e-50 9.884840e-02 1.000000e-50 1.000000e-50 1.000000e-50 1.000000e-50 1.000000e-50 1.000000e-50 1.000000e-50 1.000000e-50 1.000000e-50 1.000000e-50 6.813820e-02 1.000000e-50 1.000000e-50 1.823420e-02 1.000000e-50 1.000000e-50 1.000000e-50 1.000000e-50 1.000000e-50 1.000000e-50 1.000000e-50 1.000000e-50 1.000000e-50 1.000000e-50 1.000000e-50 1.000000e-50 1.000000e-50 1.000000e-50 
4.095740e-02 1.000000e-50 1.000000e-50 1.053190e-01 1.000000e-50 2.074470e-02 1.000000e-50 1.000000e-50 2.553190e-02 1.808510e-02 1.000000e-50 1.776600e-01 1.000000e-50 3.085110e-02 1.000000e-50 3.510640e-02 1.000000e-50 3.617020e-02 1.000000e-50 1.000000e-50 5.212770e-02 1.000000e-50 1.000000e-50 1.000000e-50 1.000000e-50 3.563830e-02 1.000000e-50 1.212770e-01 1.000000e-50 1.000000e-50 1.000000e-50 1.000000e-50 1.000000e-50 1.000000e-50 1.000000e-50 1.015960e-01 1.000000e-50 1.000000e-50 2.500000e-02 1.000000e-50 1.069150e-01 1.000000e-50 1.000000e-50 1.914890e-02 4.787230e-02 1.000000e-50 1.000000e-50 1.000000e-50 1.000000e-50 1.000000e-50 1.000000e-50 1.000000e-50 1.000000e-50 1.000000e-50 1.000000e-50 
1.000000e-50 1.000000e-50 1.000000e-50 1.000000e-50 1.000000e-50 1.000000e-50 6.880190e-02 1.000000e-50 1.000000e-50 1.000000e-50 4.626330e-02 1.494660e-01 1.000000e-50 1.000000e-50 1.000000e-50 1.000000e-50 1.000000e-50 1.000000e-50 1.000000e-50 1.000000e-50 1.000000e-50 1.000000e-50 1.000000e-50 1.000000e-50 5.931200e-03 1.000000e-50 6.714120e-01 1.000000e-50 1.000000e-50 1.000000e-50 1.000000e-50 1.000000e-50 4.033210e-02 1.000000e-50 1.000000e-50 1.000000e-50 1.000000e-50 1.000000e-50 1.000000e-50 1.000000e-50 9.489920e-03 1.000000e-50 1.000000e-50 1.000000e-50 1.000000e-50 1.000000e-50 8.303680e-03 1.000000e-50 1.000000e-50 1.000000e-50 1.000000e-50 1.000000e-50 1.000000e-50 1.000000e-50 1.000000e-50 
1.000000e-50 2.368870e-03 2.707280e-03 1.000000e-50 1.000000e-50 1.000000e-50 1.000000e-50 6.768190e-03 1.000000e-50 1.000000e-50 1.000000e-50 3.350250e-02 1.000000e-50 1.000000e-50 1.000000e-50 4.321490e-01 1.000000e-50 4.263960e-02 1.000000e-50 1.000000e-50 1.658210e-02 1.150590e-02 1.000000e-50 1.000000e-50 1.000000e-50 8.121830e-03 1.000000e-50 1.000000e-50 1.000000e-50 1.000000e-50 1.000000e-50 1.000000e-50 1.000000e-50 1.000000e-50 1.000000e-50 7.445010e-03 1.000000e-50 1.000000e-50 1.000000e-50 1.000000e-50 1.015230e-03 1.000000e-50 2.213200e-01 1.000000e-50 1.000000e-50 1.000000e-50 1.000000e-50 1.000000e-50 1.000000e-50 1.000000e-50 1.000000e-50 1.000000e-50 2.138750e-01 1.000000e-50 1.000000e-50 
1.000000e-50 1.000000e-50 1.000000e-50 1.000000e-50 1.000000e-50 1.000000e-50 1.000000e-50 1.537110e-01 1.000000e-50 1.000000e-50 1.000000e-50 1.000000e-50 2.921680e-01 1.000000e-50 1.000000e-50 1.000000e-50 2.317400e-02 1.000000e-50 1.000000e-50 1.554710e-02 1.000000e-50 1.000000e-50 2.079790e-01 2.534470e-01 1.000000e-50 1.000000e-50 1.000000e-50 1.818720e-02 1.000000e-50 1.000000e-50 1.000000e-50 1.000000e-50 1.000000e-50 1.000000e-50 1.000000e-50 1.000000e-50 1.000000e-50 1.000000e-50 1.000000e-50 1.000000e-50 1.000000e-50 1.000000e-50 1.000000e-50 1.000000e-50 1.000000e-50 1.000000e-50 3.578760e-02 1.000000e-50 1.000000e-50 1.000000e-50 1.000000e-50 1.000000e-50 1.000000e-50 1.000000e-50 1.000000e-50 
2.312640e-02 5.194160e-03 1.000000e-50 1.388820e-01 5.243630e-02 8.718770e-02 1.000000e-50 1.000000e-50 3.586450e-03 1.000000e-50 1.000000e-50 1.000000e-50 1.000000e-50 7.914910e-03 3.846150e-02 1.000000e-50 1.000000e-50 1.000000e-50 2.745490e-02 1.000000e-50 1.000000e-50 1.000000e-50 1.000000e-50 1.000000e-50 1.000000e-50 1.000000e-50 1.000000e-50 1.000000e-50 5.416770e-02 1.000000e-50 4.996290e-02 4.922090e-02 1.000000e-50 1.000000e-50 4.798420e-02 1.000000e-50 7.853080e-02 2.646550e-02 1.497650e-01 2.906260e-02 1.125400e-02 2.065300e-02 1.000000e-50 6.369030e-02 1.000000e-50 1.000000e-50 3.215430e-03 1.000000e-50 1.000000e-50 1.000000e-50 1.000000e-50 1.000000e-50 1.000000e-50 9.151620e-03 2.263170e-02 
1.000000e-50 3.115070e-02 1.000000e-50 7.628730e-01 1.000000e-50 1.000000e-50 1.000000e-50 1.000000e-50 1.271460e-02 1.000000e-50 6.357280e-04 1.000000e-50 1.144310e-02 1.000000e-50 3.242210e-02 1.000000e-50 1.000000e-50 1.000000e-50 5.721550e-03 1.000000e-50 1.000000e-50 1.000000e-50 1.000000e-50 1.000000e-50 6.484420e-02 1.000000e-50 1.000000e-50 1.000000e-50 1.000000e-50 1.000000e-50 6.993010e-03 1.000000e-50 1.000000e-50 1.000000e-50 2.670060e-02 1.000000e-50 1.000000e-50 1.000000e-50 1.000000e-50 1.000000e-50 1.525750e-02 1.144310e-02 1.000000e-50 9.535920e-03 1.000000e-50 1.000000e-50 8.264460e-03 1.000000e-50 1.000000e-50 1.000000e-50 1.000000e-50 1.000000e-50 1.000000e-50 1.000000e-50 1.000000e-50 
1.494250e-02 6.494250e-02 1.000000e-50 9.137930e-02 2.068970e-02 2.091950e-01 1.000000e-50 1.000000e-50 1.000000e-50 1.000000e-50 1.000000e-50 1.000000e-50 1.000000e-50 1.000000e-50 3.965520e-02 3.448280e-03 1.000000e-50 1.000000e-50 1.839080e-02 1.000000e-50 1.000000e-50 1.000000e-50 1.000000e-50 3.563220e-02 1.436780e-01 1.000000e-50 1.000000e-50 1.000000e-50 4.827590e-02 1.000000e-50 2.586210e-02 4.137930e-02 1.149430e-03 1.000000e-50 4.655170e-02 1.000000e-50 1.000000e-50 4.310340e-02 1.000000e-50 1.000000e-50 1.896550e-02 7.701150e-02 1.000000e-50 1.954020e-02 1.000000e-50 1.000000e-50 1.000000e-50 1.000000e-50 1.781610e-02 1.839080e-02 1.000000e-50 1.000000e-50 1.000000e-50 1.000000e-50 1.000000e-50 
1.000000e-50 1.000000e-50 1.000000e-50 1.001210e-01 1.000000e-50 1.000000e-50 1.000000e-50 1.000000e-50 7.840770e-02 1.000000e-50 1.000000e-50 1.000000e-50 1.000000e-50 7.237640e-03 1.000000e-50 1.000000e-50 1.000000e-50 1.000000e-50 1.000000e-50 1.000000e-50 1.000000e-50 1.000000e-50 1.000000e-50 1.000000e-50 2.895050e-02 1.000000e-50 1.000000e-50 1.000000e-50 1.000000e-50 1.000000e-50 1.000000e-50 1.000000e-50 1.000000e-50 1.000000e-50 2.110980e-01 1.000000e-50 1.000000e-50 3.232810e-01 1.000000e-50 1.000000e-50 1.000000e-50 2.895050e-02 1.000000e-50 1.000000e-50 2.026540e-01 1.000000e-50 1.930040e-02 1.000000e-50 1.000000e-50 1.000000e-50 1.000000e-50 1.000000e-50 1.000000e-50 1.000000e-50 1.000000e-50 
2.360260e-03 1.000000e-50 1.000000e-50 1.442980e-02 1.845300e-01 1.839930e-02 1.000000e-50 1.000000e-50 1.000000e-50 1.000000e-50 1.000000e-50 1.000000e-50 1.000000e-50 2.682120e-03 1.770200e-03 1.000000e-50 1.000000e-50 1.000000e-50 1.528810e-01 1.000000e-50 1.000000e-50 1.000000e-50 1.000000e-50 1.000000e-50 1.000000e-50 1.000000e-50 1.000000e-50 1.000000e-50 4.751100e-01 1.000000e-50 6.490720e-03 5.981120e-02 1.000000e-50 1.000000e-50 2.467550e-03 1.000000e-50 1.287420e-03 1.000000e-50 6.490720e-03 1.000000e-50 4.505950e-03 1.000000e-50 1.000000e-50 2.526550e-02 1.000000e-50 1.000000e-50 1.000000e-50 1.000000e-50 1.000000e-50 1.000000e-50 2.885960e-02 1.000000e-50 1.000000e-50 1.265960e-02 1.000000e-50 
3.884230e-02 1.000000e-50 1.000000e-50 1.000000e-50 1.000000e-50 3.122620e-02 1.000000e-50 1.000000e-50 5.727340e-01 1.000000e-50 1.000000e-50 6.854530e-03 1.000000e-50 2.208680e-02 1.980200e-02 1.000000e-50 1.000000e-50 1.000000e-50 1.000000e-50 1.000000e-50 1.000000e-50 1.000000e-50 2.437170e-02 1.000000e-50 4.798170e-02 1.000000e-50 1.000000e-50 1.000000e-50 1.000000e-50 3.046460e-02 1.523230e-03 1.000000e-50 1.000000e-50 1.000000e-50 1.751710e-02 1.000000e-50 2.665650e-02 4.493530e-02 1.000000e-50 1.000000e-50 8.149280e-02 1.000000e-50 1.000000e-50 1.000000e-50 1.000000e-50 1.000000e-50 3.351100e-02 1.000000e-50 1.000000e-50 1.000000e-50 1.000000e-50 1.000000e-50 1.000000e-50 1.000000e-50 1.000000e-50 
2.290870e-02 3.147060e-02 1.000000e-50 2.198310e-02 4.732150e-02 1.058660e-01 1.000000e-50 1.000000e-50 1.000000e-50 1.000000e-50 1.000000e-50 1.000000e-50 5.125540e-02 4.535460e-02 2.603260e-02 1.000000e-50 1.000000e-50 1.000000e-50 9.487450e-03 1.000000e-50 1.000000e-50 1.000000e-50 1.000000e-50 1.000000e-50 6.768480e-02 1.000000e-50 1.000000e-50 1.000000e-50 3.713990e-02 1.000000e-50 6.803190e-02 1.851210e-02 1.000000e-50 1.000000e-50 5.218100e-02 1.000000e-50 4.327200e-02 5.356940e-02 1.048250e-01 2.626400e-02 1.909060e-02 6.016430e-02 1.000000e-50 3.737130e-02 1.000000e-50 1.000000e-50 1.342130e-02 1.000000e-50 1.000000e-50 1.000000e-50 1.000000e-50 1.000000e-50 1.000000e-50 9.718850e-03 2.707390e-02 
1.096980e-02 1.159310e-02 1.000000e-50 1.520820e-02 2.832210e-01 9.212170e-02 1.000000e-50 1.000000e-50 1.000000e-50 2.867120e-03 1.000000e-50 1.000000e-50 2.742460e-03 3.490400e-03 1.994520e-02 1.000000e-50 1.000000e-50 1.000000e-50 6.893540e-02 4.986290e-04 1.000000e-50 1.000000e-50 1.000000e-50 1.000000e-50 4.649710e-02 1.000000e-50 1.000000e-50 1.000000e-50 1.497130e-01 1.000000e-50 2.268760e-02 2.144100e-02 1.000000e-50 1.000000e-50 1.907260e-02 1.000000e-50 2.405880e-02 1.982050e-02 1.000000e-50 1.000000e-50 1.508350e-02 2.655200e-02 1.000000e-50 3.876840e-02 1.000000e-50 1.000000e-50 6.108200e-03 1.000000e-50 7.604090e-03 1.000000e-50 8.726000e-03 6.719020e-02 1.000000e-50 1.508350e-02 1.000000e-50 
1.000000e-50 1.000000e-50 1.776830e-03 1.000000e-50 1.000000e-50 1.000000e-50 3.365320e-01 1.000000e-50 1.000000e-50 1.000000e-50 1.000000e-50 9.488270e-02 1.000000e-50 1.000000e-50 1.000000e-50 1.000000e-50 1.000000e-50 1.000000e-50 1.000000e-50 1.000000e-50 2.487560e-03 4.299930e-02 1.000000e-50 1.000000e-50 1.000000e-50 1.000000e-50 3.614070e-01 1.000000e-50 1.000000e-50 1.000000e-50 1.000000e-50 1.000000e-50 1.375270e-01 1.000000e-50 1.000000e-50 1.000000e-50 1.000000e-50 1.000000e-50 1.000000e-50 1.000000e-50 1.000000e-50 2.238810e-02 1.000000e-50 1.000000e-50 1.000000e-50 1.000000e-50 1.000000e-50 1.000000e-50 1.000000e-50 1.000000e-50 1.000000e-50 1.000000e-50 1.000000e-50 1.000000e-50 1.000000e-50 
1.000000e-50 1.000000e-50 4.602030e-02 1.000000e-50 1.000000e-50 1.000000e-50 2.109990e-01 1.000000e-50 1.000000e-50 1.000000e-50 1.000000e-50 1.000000e-50 1.000000e-50 1.000000e-50 1.000000e-50 4.920410e-02 1.000000e-50 1.641100e-01 1.000000e-50 1.000000e-50 5.007240e-02 1.000000e-50 1.000000e-50 1.000000e-50 1.000000e-50 3.354560e-01 1.000000e-50 1.000000e-50 1.000000e-50 1.000000e-50 1.000000e-50 1.000000e-50 1.000000e-50 2.257600e-02 1.000000e-50 1.505070e-02 1.000000e-50 1.000000e-50 1.000000e-50 1.000000e-50 1.000000e-50 1.000000e-50 1.000000e-50 1.000000e-50 1.000000e-50 1.000000e-50 1.000000e-50 1.000000e-50 5.933430e-02 1.000000e-50 1.000000e-50 1.000000e-50 4.717800e-02 1.000000e-50 1.000000e-50 
1.156810e-02 3.941730e-02 1.000000e-50 5.934020e-02 8.161950e-02 7.390750e-02 1.000000e-50 1.000000e-50 1.456730e-02 1.000000e-50 1.000000e-50 1.000000e-50 9.854330e-03 4.562980e-02 4.905740e-02 1.000000e-50 1.000000e-50 1.000000e-50 1.006860e-02 1.000000e-50 1.000000e-50 1.000000e-50 1.000000e-50 1.000000e-50 1.148240e-01 1.000000e-50 1.000000e-50 1.000000e-50 1.028280e-02 8.354760e-03 1.848760e-01 1.113970e-02 1.000000e-50 1.000000e-50 5.248500e-02 1.778060e-02 2.206510e-02 1.000000e-50 1.000000e-50 1.000000e-50 1.049700e-02 2.335050e-02 1.000000e-50 8.976010e-02 1.000000e-50 5.784060e-03 1.000000e-50 9.211650e-03 1.585260e-02 1.000000e-50 1.000000e-50 1.000000e-50 1.000000e-50 2.870610e-02 1.000000e-50 
6.127140e-03 3.318870e-02 1.000000e-50 2.639780e-01 1.072250e-02 1.161600e-01 1.000000e-50 1.000000e-50 4.595350e-03 1.000000e-50 1.000000e-50 1.000000e-50 1.965790e-02 3.982640e-02 4.442180e-02 1.000000e-50 1.000000e-50 1.000000e-50 1.353080e-02 1.000000e-50 1.000000e-50 1.000000e-50 1.000000e-50 1.000000e-50 1.764110e-01 1.000000e-50 1.000000e-50 1.000000e-50 4.518760e-02 1.000000e-50 4.084760e-03 1.531780e-02 1.000000e-50 1.000000e-50 1.000000e-50 1.000000e-50 1.000000e-50 5.591010e-02 1.000000e-50 1.000000e-50 2.935920e-02 3.063570e-02 1.000000e-50 5.565480e-02 1.000000e-50 1.000000e-50 3.523100e-02 1.000000e-50 1.000000e-50 1.000000e-50 1.000000e-50 1.000000e-50 1.000000e-50 1.000000e-50 1.000000e-50 
9.677420e-03 1.000000e-50 1.000000e-50 2.258060e-02 2.049630e-01 1.727050e-01 1.000000e-50 1.000000e-50 1.000000e-50 1.000000e-50 1.000000e-50 1.000000e-50 1.000000e-50 1.464020e-02 7.866000e-02 1.000000e-50 1.000000e-50 1.000000e-50 6.451610e-03 1.000000e-50 1.000000e-50 1.000000e-50 1.000000e-50 1.000000e-50 2.282880e-02 1.000000e-50 1.000000e-50 1.000000e-50 6.203470e-02 1.000000e-50 2.895780e-01 1.000000e-50 1.000000e-50 1.000000e-50 1.000000e-50 1.000000e-50 1.000000e-50 1.339950e-02 4.218360e-03 1.000000e-50 5.558310e-02 1.000000e-50 1.000000e-50 1.464020e-02 1.000000e-50 1.000000e-50 1.000000e-50 1.000000e-50 1.000000e-50 1.000000e-50 1.000000e-50 1.000000e-50 1.000000e-50 2.803970e-02 1.000000e-50 
4.962210e-02 2.081850e-02 1.000000e-50 3.792960e-02 2.352770e-02 9.967200e-02 1.000000e-50 1.000000e-50 2.951660e-02 9.553690e-03 1.000000e-50 1.000000e-50 1.000000e-50 7.143880e-02 2.167400e-02 1.000000e-50 1.000000e-50 1.000000e-50 1.497220e-02 1.000000e-50 1.000000e-50 1.000000e-50 1.000000e-50 1.000000e-50 4.320550e-02 1.000000e-50 1.000000e-50 1.540000e-02 8.983320e-03 3.422220e-03 8.683870e-02 1.000000e-50 1.000000e-50 1.000000e-50 1.682590e-02 1.212030e-02 9.125910e-03 2.156000e-01 1.867960e-02 3.279620e-03 4.748320e-02 2.623700e-02 1.000000e-50 4.334810e-02 5.418510e-03 1.000000e-50 5.318690e-02 1.000000e-50 1.000000e-50 1.000000e-50 1.000000e-50 1.000000e-50 1.000000e-50 1.212030e-02 1.000000e-50 
2.019030e-02 2.346720e-02 1.000000e-50 1.582450e-01 5.000000e-02 1.002110e-01 1.000000e-50 1.000000e-50 1.000000e-50 1.000000e-50 1.000000e-50 1.000000e-50 1.236790e-02 1.754760e-02 1.659620e-02 1.000000e-50 1.000000e-50 1.000000e-50 1.543340e-02 1.000000e-50 1.000000e-50 1.000000e-50 1.000000e-50 1.000000e-50 8.826640e-02 1.000000e-50 1.000000e-50 1.000000e-50 4.566600e-02 1.000000e-50 4.355180e-02 1.892180e-02 1.000000e-50 1.000000e-50 1.849890e-02 1.000000e-50 5.750530e-02 2.758990e-02 9.841440e-02 1.162790e-02 1.025370e-02 8.646930e-02 1.000000e-50 3.319240e-02 1.000000e-50 1.000000e-50 1.247360e-02 1.000000e-50 6.871040e-03 1.000000e-50 1.000000e-50 1.000000e-50 1.000000e-50 1.257930e-02 1.405920e-02 
3.613570e-02 2.064900e-02 1.000000e-50 3.318580e-02 4.719760e-02 1.000000e-50 1.000000e-50 1.000000e-50 7.005900e-02 1.000000e-50 1.000000e-50 4.424780e-03 1.000000e-50 4.867260e-02 6.268440e-02 1.000000e-50 1.000000e-50 1.000000e-50 2.064900e-02 1.000000e-50 1.000000e-50 1.000000e-50 1.000000e-50 1.000000e-50 1.091450e-01 1.000000e-50 1.000000e-50 1.000000e-50 1.000000e-50 1.401180e-02 2.278760e-01 2.064900e-02 1.000000e-50 1.000000e-50 7.227140e-02 1.000000e-50 4.572270e-02 5.973450e-02 1.000000e-50 1.000000e-50 3.982300e-02 1.179940e-02 1.000000e-50 1.843660e-02 2.212390e-03 1.000000e-50 2.433630e-02 1.000000e-50 1.000000e-50 1.000000e-50 1.000000e-50 1.000000e-50 1.000000e-50 1.032450e-02 1.000000e-50 
2.944380e-02 1.000000e-50 1.000000e-50 2.889860e-02 1.472190e-02 7.088330e-02 1.000000e-50 1.000000e-50 1.000000e-50 8.996730e-03 1.000000e-50 1.000000e-50 5.043620e-02 4.798260e-02 5.997820e-03 1.000000e-50 1.000000e-50 1.000000e-50 9.814610e-03 1.000000e-50 1.000000e-50 1.000000e-50 1.000000e-50 1.000000e-50 1.000000e-50 1.000000e-50 1.000000e-50 1.000000e-50 2.181030e-03 1.000000e-50 4.498360e-02 2.971650e-02 1.000000e-50 1.000000e-50 1.000000e-50 1.035990e-02 1.000000e-50 8.942200e-02 2.279170e-01 4.225740e-02 2.589970e-02 9.896400e-02 5.452560e-04 1.744820e-02 1.000000e-50 1.000000e-50 1.000000e-50 1.000000e-50 1.000000e-50 1.000000e-50 1.000000e-50 1.000000e-50 1.000000e-50 9.814610e-03 1.333150e-01 
1.000000e-50 1.000000e-50 1.000000e-50 1.000000e-50 1.000000e-50 1.000000e-50 1.000000e-50 1.000000e-50 1.000000e-50 1.000000e-50 1.000000e-50 1.000000e-50 1.000000e-50 1.000000e-50 1.000000e-50 3.443710e-02 1.000000e-50 1.000000e-50 1.000000e-50 1.000000e-50 1.000000e-50 1.250710e-01 1.052030e-01 3.595080e-03 1.000000e-50 1.000000e-50 1.000000e-50 1.000000e-50 1.000000e-50 1.000000e-50 1.000000e-50 1.000000e-50 4.232730e-01 1.000000e-50 1.000000e-50 1.000000e-50 1.000000e-50 1.000000e-50 1.000000e-50 1.000000e-50 1.000000e-50 3.140960e-02 5.543990e-02 1.000000e-50 1.000000e-50 1.000000e-50 1.097450e-02 1.795650e-01 1.000000e-50 1.000000e-50 1.000000e-50 1.000000e-50 3.103120e-02 1.000000e-50 1.000000e-50 
1.000000e-50 1.000000e-50 1.000000e-50 1.000000e-50 1.000000e-50 1.000000e-50 1.000000e-50 1.126990e-01 1.000000e-50 1.000000e-50 1.000000e-50 1.000000e-50 1.000000e-50 1.000000e-50 1.000000e-50 1.000000e-50 9.075320e-02 7.200820e-03 1.000000e-50 1.000000e-50 7.543720e-03 1.000000e-50 1.000000e-50 9.429650e-02 1.000000e-50 1.000000e-50 1.000000e-50 1.000000e-50 1.000000e-50 1.000000e-50 1.000000e-50 1.000000e-50 1.000000e-50 4.137620e-02 1.000000e-50 1.000000e-50 1.000000e-50 1.000000e-50 1.000000e-50 1.000000e-50 1.000000e-50 1.000000e-50 1.000000e-50 1.000000e-50 1.000000e-50 3.771860e-03 1.000000e-50 9.338210e-02 1.000000e-50 5.489770e-01 1.000000e-50 1.000000e-50 1.000000e-50 1.000000e-50 1.000000e-50 
1.357970e-02 8.084640e-02 1.000000e-50 1.657980e-02 4.452870e-02 3.221220e-02 1.000000e-50 1.000000e-50 1.000000e-50 9.474180e-03 1.000000e-50 1.000000e-50 1.943790e-01 2.005370e-02 4.421290e-03 2.368550e-03 1.000000e-50 1.000000e-50 4.894990e-03 1.000000e-50 1.000000e-50 1.000000e-50 2.100110e-02 5.210800e-03 7.800410e-02 1.000000e-50 1.000000e-50 1.000000e-50 2.163270e-02 1.184270e-02 4.910780e-02 1.105320e-03 1.000000e-50 1.000000e-50 2.715930e-02 2.621190e-02 1.184270e-02 4.373910e-02 6.426650e-02 1.247430e-02 1.626400e-02 3.631770e-02 1.000000e-50 2.163270e-02 1.000000e-50 1.000000e-50 2.179060e-02 1.000000e-50 4.673930e-02 1.000000e-50 1.000000e-50 7.895150e-04 1.000000e-50 7.737250e-03 5.179220e-02 
3.385050e-02 1.000000e-50 1.000000e-50 1.363420e-01 1.000000e-50 2.172070e-01 1.410440e-03 1.000000e-50 1.269390e-01 1.000000e-50 1.000000e-50 1.000000e-50 1.034320e-02 4.513400e-02 7.851430e-02 1.000000e-50 1.000000e-50 1.000000e-50 1.000000e-50 1.000000e-50 1.000000e-50 1.000000e-50 1.000000e-50 1.000000e-50 2.073340e-01 1.000000e-50 1.000000e-50 1.000000e-50 1.000000e-50 1.000000e-50 1.000000e-50 4.372360e-02 1.000000e-50 1.000000e-50 2.538790e-02 1.000000e-50 1.000000e-50 1.000000e-50 1.000000e-50 1.000000e-50 5.641750e-02 1.000000e-50 1.000000e-50 1.739540e-02 1.000000e-50 1.000000e-50 1.000000e-50 1.000000e-50 1.000000e-50 1.000000e-50 1.000000e-50 1.000000e-50 1.000000e-50 1.000000e-50 1.000000e-50 
1.000000e-50 1.000000e-50 1.000000e-50 1.000000e-50 1.000000e-50 1.000000e-50 1.000000e-50 1.000000e-50 1.000000e-50 1.000000e-50 1.000000e-50 1.000000e-50 1.000000e-50 1.000000e-50 2.782930e-04 1.000000e-50 1.015770e-01 1.855290e-04 1.000000e-50 1.000000e-50 1.948050e-03 6.493510e-04 1.000000e-50 1.873840e-02 1.000000e-50 1.000000e-50 1.000000e-50 1.000000e-50 1.000000e-50 1.000000e-50 1.000000e-50 1.000000e-50 1.000000e-50 3.042670e-02 1.000000e-50 1.000000e-50 1.000000e-50 1.000000e-50 1.000000e-50 1.000000e-50 1.000000e-50 1.000000e-50 1.000000e-50 1.000000e-50 1.000000e-50 3.986090e-01 1.000000e-50 5.640070e-02 1.000000e-50 3.911870e-01 1.000000e-50 1.000000e-50 1.000000e-50 1.000000e-50 1.000000e-50 
8.066490e-03 1.000000e-50 1.000000e-50 1.000000e-50 1.000000e-50 1.000000e-50 1.000000e-50 1.000000e-50 1.000000e-50 1.000000e-50 1.000000e-50 2.933270e-03 2.182840e-01 3.911020e-03 1.000000e-50 1.000000e-50 1.000000e-50 1.000000e-50 1.000000e-50 1.381080e-01 1.000000e-50 1.000000e-50 2.087510e-01 4.693230e-02 1.000000e-50 1.000000e-50 9.777560e-04 5.866540e-03 1.000000e-50 1.000000e-50 1.000000e-50 1.000000e-50 1.000000e-50 1.000000e-50 1.000000e-50 1.000000e-50 1.000000e-50 1.000000e-50 1.000000e-50 1.000000e-50 1.000000e-50 7.088730e-03 1.000000e-50 1.000000e-50 1.000000e-50 1.000000e-50 3.590810e-01 1.000000e-50 1.000000e-50 1.000000e-50 1.000000e-50 1.000000e-50 1.000000e-50 1.000000e-50 1.000000e-50 
1.000000e-50 1.000000e-50 1.000000e-50 1.000000e-50 1.000000e-50 1.000000e-50 1.000000e-50 1.000000e-50 1.000000e-50 1.000000e-50 1.000000e-50 4.126550e-03 1.000000e-50 1.000000e-50 1.000000e-50 3.863950e-02 1.000000e-50 3.726400e-02 1.000000e-50 1.000000e-50 1.000000e-50 1.000000e-50 1.000000e-50 1.000000e-50 5.001880e-04 1.000000e-50 1.000000e-50 1.000000e-50 1.000000e-50 1.000000e-50 1.000000e-50 1.000000e-50 1.000000e-50 1.000000e-50 1.000000e-50 1.000000e-50 1.000000e-50 1.000000e-50 1.000000e-50 1.000000e-50 1.000000e-50 1.000000e-50 7.354010e-01 1.000000e-50 1.000000e-50 4.751780e-03 1.000000e-50 1.110420e-01 1.000000e-50 1.000000e-50 1.000000e-50 1.000000e-50 6.827560e-02 1.000000e-50 1.000000e-50 
1.000000e-50 1.000000e-50 1.000000e-50 1.000000e-50 1.000000e-50 1.000000e-50 1.000000e-50 1.000000e-50 1.016820e-01 1.000000e-50 1.000000e-50 1.000000e-50 1.000000e-50 1.605500e-02 2.293580e-03 1.000000e-50 1.000000e-50 1.000000e-50 1.000000e-50 3.058100e-03 1.000000e-50 1.000000e-50 1.000000e-50 1.000000e-50 1.000000e-50 2.752290e-02 1.000000e-50 1.000000e-50 1.000000e-50 3.669720e-02 1.000000e-50 1.000000e-50 1.000000e-50 1.000000e-50 2.003060e-01 3.677370e-01 1.000000e-50 1.000000e-50 1.000000e-50 1.000000e-50 1.000000e-50 1.000000e-50 1.000000e-50 1.000000e-50 2.362390e-01 1.000000e-50 8.409790e-03 1.000000e-50 1.000000e-50 1.000000e-50 1.000000e-50 1.000000e-50 1.000000e-50 1.000000e-50 1.000000e-50 
1.000000e-50 1.000000e-50 7.319160e-03 1.000000e-50 1.000000e-50 1.000000e-50 1.000000e-50 1.000000e-50 1.000000e-50 1.000000e-50 1.000000e-50 1.000000e-50 1.000000e-50 1.000000e-50 1.000000e-50 1.000000e-50 2.807760e-01 1.000000e-50 1.000000e-50 1.000000e-50 1.000000e-50 1.000000e-50 1.000000e-50 2.078950e-02 1.000000e-50 1.000000e-50 1.000000e-50 1.000000e-50 1.000000e-50 1.000000e-50 1.000000e-50 1.000000e-50 1.000000e-50 2.468270e-02 1.000000e-50 1.000000e-50 1.000000e-50 1.000000e-50 1.000000e-50 1.000000e-50 1.000000e-50 1.000000e-50 1.000000e-50 1.000000e-50 1.000000e-50 3.170600e-01 1.000000e-50 1.202990e-01 1.000000e-50 2.290740e-01 1.000000e-50 1.000000e-50 1.000000e-50 1.000000e-50 1.000000e-50 
1.000000e-50 3.819780e-02 1.000000e-50 1.000000e-50 1.000000e-50 1.000000e-50 1.000000e-50 1.000000e-50 1.000000e-50 3.917730e-01 1.000000e-50 1.000000e-50 1.000000e-50 1.000000e-50 1.000000e-50 1.000000e-50 1.000000e-50 1.000000e-50 1.000000e-50 1.000000e-50 1.000000e-50 1.000000e-50 1.000000e-50 1.175320e-02 1.000000e-50 1.000000e-50 1.000000e-50 6.170420e-02 1.000000e-50 1.000000e-50 6.856020e-03 1.000000e-50 1.000000e-50 1.000000e-50 1.273260e-01 1.410380e-01 1.000000e-50 3.428010e-02 1.000000e-50 1.077380e-02 2.252690e-02 9.990210e-02 1.000000e-50 1.000000e-50 1.000000e-50 1.000000e-50 1.000000e-50 1.000000e-50 1.000000e-50 8.814890e-03 1.000000e-50 1.000000e-50 1.000000e-50 1.000000e-50 4.505390e-02 
1.000000e-50 1.000000e-50 1.000000e-50 1.184130e-02 7.092950e-01 1.000000e-50 1.000000e-50 1.000000e-50 1.000000e-50 1.000000e-50 1.000000e-50 5.920660e-04 1.000000e-50 1.124930e-02 1.000000e-50 1.000000e-50 1.000000e-50 1.000000e-50 3.315570e-02 1.000000e-50 1.000000e-50 1.000000e-50 1.000000e-50 1.000000e-50 1.000000e-50 1.000000e-50 1.000000e-50 1.000000e-50 1.000000e-50 1.000000e-50 1.000000e-50 2.072230e-02 1.000000e-50 1.000000e-50 1.000000e-50 1.000000e-50 1.000000e-50 1.000000e-50 1.000000e-50 1.000000e-50 6.512730e-03 1.000000e-50 1.000000e-50 1.000000e-50 1.000000e-50 1.000000e-50 1.000000e-50 1.000000e-50 1.000000e-50 1.000000e-50 2.368270e-03 3.078740e-02 1.000000e-50 1.734750e-01 1.000000e-50 
1.000000e-50 1.000000e-50 1.000000e-50 1.000000e-50 1.000000e-50 1.000000e-50 3.360270e-02 1.000000e-50 1.000000e-50 1.000000e-50 1.000000e-50 2.594640e-02 1.000000e-50 1.000000e-50 1.000000e-50 2.190560e-01 1.000000e-50 9.400260e-02 1.000000e-50 1.000000e-50 1.399400e-01 1.000000e-50 1.000000e-50 1.000000e-50 1.000000e-50 1.000000e-50 1.000000e-50 1.000000e-50 1.000000e-50 1.000000e-50 1.000000e-50 1.000000e-50 1.000000e-50 1.000000e-50 1.000000e-50 1.000000e-50 1.000000e-50 1.000000e-50 1.000000e-50 1.000000e-50 1.000000e-50 1.000000e-50 3.113570e-01 1.000000e-50 1.000000e-50 1.000000e-50 1.000000e-50 1.000000e-50 1.000000e-50 1.000000e-50 1.000000e-50 1.000000e-50 1.760950e-01 1.000000e-50 1.000000e-50 
1.255060e-02 1.700400e-02 1.000000e-50 8.906880e-03 2.736840e-01 3.643720e-02 1.000000e-50 1.000000e-50 1.000000e-50 2.024290e-03 1.000000e-50 1.000000e-50 2.024290e-03 1.457490e-02 2.348180e-02 1.000000e-50 1.000000e-50 1.000000e-50 2.307690e-02 1.000000e-50 1.000000e-50 1.000000e-50 1.000000e-50 1.000000e-50 1.740890e-02 1.000000e-50 1.000000e-50 1.000000e-50 1.186230e-01 1.659920e-02 3.198380e-02 1.210530e-01 1.214570e-03 1.000000e-50 2.226720e-02 3.643720e-03 1.578950e-02 2.267210e-02 6.639680e-02 1.052630e-02 1.133600e-02 2.024290e-03 6.477730e-03 3.157890e-02 1.000000e-50 1.000000e-50 1.000000e-50 1.000000e-50 4.655870e-02 1.000000e-50 1.000000e-50 2.834010e-03 1.000000e-50 2.672060e-02 1.052630e-02 
6.787330e-03 1.000000e-50 1.000000e-50 1.000000e-50 1.000000e-50 1.000000e-50 1.000000e-50 1.000000e-50 1.000000e-50 2.171950e-02 1.000000e-50 1.000000e-50 1.000000e-50 1.357470e-03 1.000000e-50 1.000000e-50 1.000000e-50 1.000000e-50 1.000000e-50 1.000000e-50 1.000000e-50 1.000000e-50 1.000000e-50 1.000000e-50 1.000000e-50 1.000000e-50 9.049770e-04 1.000000e-50 1.000000e-50 1.063350e-01 1.447960e-02 1.000000e-50 1.000000e-50 1.000000e-50 4.343890e-02 3.900450e-01 1.000000e-50 9.954750e-03 1.000000e-50 1.000000e-50 1.266970e-02 3.031670e-02 1.000000e-50 1.000000e-50 3.561090e-01 1.000000e-50 1.000000e-50 1.000000e-50 1.000000e-50 1.000000e-50 1.000000e-50 5.882350e-03 1.000000e-50 1.000000e-50 1.000000e-50 

#DOUBLE_55x3_DISCRETE_SS_EMISSION
6.866420e-03 2.996250e-02 9.631710e-01 
1.000000e-50 1.000000e-50 1.000000e+00 
9.959180e-01 1.000000e-50 4.081630e-03 
2.809240e-02 1.931350e-02 9.525940e-01 
1.000000e-50 1.000000e+00 1.000000e-50 
7.165660e-04 1.000000e-50 9.992830e-01 
1.000000e+00 1.000000e-50 1.000000e-50 
1.000000e+00 1.000000e-50 1.000000e-50 
1.000000e-50 1.000000e-50 1.000000e+00 
1.000000e-50 1.000000e-50 1.000000e+00 
1.000000e+00 1.000000e-50 1.000000e-50 
9.933910e-01 1.000000e-50 6.609050e-03 
1.000000e+00 1.000000e-50 1.000000e-50 
5.996760e-02 4.815930e-02 8.918730e-01 
1.000000e-50 2.049600e-02 9.795040e-01 
1.000000e+00 1.000000e-50 1.000000e-50 
1.000000e+00 1.000000e-50 1.000000e-50 
1.000000e+00 1.000000e-50 1.000000e-50 
1.000000e-50 1.000000e+00 1.000000e-50 
9.990480e-01 1.000000e-50 9.523810e-04 
1.000000e+00 1.000000e-50 1.000000e-50 
9.977120e-01 1.000000e-50 2.288330e-03 
1.000000e+00 1.000000e-50 1.000000e-50 
1.000000e+00 1.000000e-50 1.000000e-50 
1.000000e-50 1.715950e-02 9.828400e-01 
1.759900e-02 1.000000e-50 9.824010e-01 
9.960070e-01 1.000000e-50 3.993150e-03 
4.728130e-03 1.000000e-50 9.952720e-01 
1.000000e-50 1.000000e+00 1.000000e-50 
1.000000e-50 1.000000e-50 1.000000e+00 
1.000000e-50 1.286870e-02 9.871310e-01 
1.000000e-50 9.985270e-01 1.472750e-03 
1.000000e+00 1.000000e-50 1.000000e-50 
1.000000e+00 1.000000e-50 1.000000e-50 
1.000000e-50 1.000000e-50 1.000000e+00 
1.000000e-50 8.840620e-03 9.911590e-01 
1.000000e-50 1.000000e-50 1.000000e+00 
1.000000e-50 1.000000e-50 1.000000e+00 
1.077180e-02 2.373980e-02 9.654880e-01 
5.143280e-03 4.408520e-03 9.904480e-01 
1.190480e-02 7.792210e-02 9.101730e-01 
9.969550e-01 1.000000e-50 3.044720e-03 
1.000000e+00 1.000000e-50 1.000000e-50 
1.000000e-50 7.047350e-02 9.295270e-01 
1.874410e-03 1.000000e-50 9.981260e-01 
1.000000e+00 1.000000e-50 1.000000e-50 
9.983000e-01 1.000000e-50 1.700270e-03 
1.000000e+00 1.000000e-50 1.000000e-50 
1.000000e-50 1.000000e-50 1.000000e+00 
1.000000e+00 1.000000e-50 1.000000e-50 
1.000000e-50 7.941180e-01 2.058820e-01 
1.000000e-50 9.732780e-01 2.672210e-02 
1.000000e+00 1.000000e-50 1.000000e-50 
1.000000e-50 6.748690e-01 3.251310e-01 
1.000000e-50 1.179670e-02 9.882030e-01 

#DOUBLE_55x3_TORUS_TORUS_KAPPA
3.173660e+01 4.989580e+00 -2.412820e+00 
1.060450e+02 7.642500e+01 3.234630e+01 
3.106370e+02 2.861800e+02 1.253760e+02 
4.744050e+01 3.706130e+01 1.849720e+01 
1.588800e+01 1.751670e+01 1.660520e+00 
7.581980e+00 9.806950e+00 8.598630e-01 
1.272440e+02 1.471890e+02 5.761530e+01 
2.811740e+02 2.502000e+02 1.033560e+02 
1.332370e+01 1.206120e+01 1.837500e+00 
7.177320e+01 4.215780e+01 1.723280e+01 
2.523930e+01 2.900540e+01 9.358440e+00 
1.485290e+01 1.521760e+01 3.201640e+00 
2.778210e+02 2.444460e+02 1.040310e+02 
6.261840e+00 3.544250e+00 8.934930e-01 
3.780670e+00 1.286230e+01 -4.360070e+00 
1.471810e+02 1.356690e+02 5.435300e+01 
2.796780e+02 1.825600e+02 6.218640e+01 
5.063360e+01 3.857420e+01 9.656600e+00 
6.150020e+00 1.557770e+01 -5.296110e+00 
5.410670e+01 3.797550e+01 1.761930e+01 
6.076110e+01 4.338170e+01 1.400760e+01 
9.923230e+01 5.894490e+01 2.609660e+01 
1.511750e+02 1.646530e+02 6.089120e+01 
2.192690e+02 2.188520e+02 5.292190e+01 
5.221630e+01 4.281420e+01 1.439820e+01 
1.284110e+02 1.290680e+02 5.272990e+01 
4.209150e+01 4.015170e+01 1.538050e+01 
3.578870e+01 2.963030e+01 9.739080e+00 
2.270280e+01 3.336440e+01 1.925210e+00 
1.945020e+01 1.766810e+01 3.835780e-01 
1.120090e+01 1.179790e+01 7.718370e-01 
2.006140e+01 2.535350e+01 4.180850e+00 
2.973780e+02 1.915050e+02 9.633600e+01 
3.253050e+02 1.966600e+02 9.142830e+01 
2.350730e+01 2.121400e+01 6.461620e+00 
6.215030e+01 6.303510e+01 2.303450e+01 
3.109550e+01 3.815570e+01 1.150990e+01 
4.023450e+00 3.793950e+00 2.777490e-01 
5.784220e+01 3.880640e+01 1.552490e+01 
7.291840e+01 4.722110e+01 2.389120e+01 
1.266160e+01 8.721520e+00 1.547780e+00 
1.727120e+02 1.229660e+02 5.923920e+01 
4.911930e+02 3.729440e+02 1.622640e+02 
2.194720e+01 2.116150e+01 5.969390e+00 
1.425310e+02 1.648090e+02 6.410330e+01 
7.361300e+02 5.593190e+02 2.447250e+02 
3.671330e+01 4.034520e+01 9.944570e+00 
4.040860e+02 3.770560e+02 1.565270e+02 
2.759760e+02 2.061780e+02 1.000520e+02 
5.188370e+02 4.384840e+02 1.750660e+02 
4.631880e+00 1.351640e+01 -5.803670e+00 
1.382200e+01 1.258200e+01 2.808560e+00 
1.672700e+02 1.327330e+02 4.643770e+01 
3.649280e+00 9.835730e+00 3.038950e-02 
1.568660e+02 1.105010e+02 5.296500e+01 

#DOUBLE_55x2_TORUS_TORUS_KAPPA-ENVELOPE
7.209630e+00 7.209630e+00 
3.066509e+01 3.066509e+01 
7.807388e+01 7.807388e+01 
8.923374e+00 8.923374e+00 
1.573477e+01 1.573477e+01 
8.919312e+00 8.919312e+00 
4.437403e+01 4.437403e+01 
8.804556e+01 8.804556e+01 
1.004061e+01 1.004061e+01 
1.991774e+01 1.991774e+01 
1.501985e+01 1.501985e+01 
1.136842e+01 1.136842e+01 
7.965653e+01 7.965653e+01 
2.638298e+00 2.638298e+00 
1.477389e+01 1.477389e+01 
5.071928e+01 5.071928e+01 
1.029226e+02 1.029226e+02 
2.685127e+01 2.685127e+01 
1.831387e+01 1.831387e+01 
1.291012e+01 1.291012e+01 
2.550873e+01 2.550873e+01 
2.412734e+01 2.412734e+01 
6.413640e+01 6.413640e+01 
1.494080e+02 1.494080e+02 
2.340678e+01 2.340678e+01 
4.141620e+01 4.141620e+01 
1.697659e+01 1.697659e+01 
1.669995e+01 1.669995e+01 
3.131469e+01 3.131469e+01 
1.728729e+01 1.728729e+01 
1.101247e+01 1.101247e+01 
2.027925e+01 2.027925e+01 
5.033411e+01 5.033411e+01 
7.025429e+01 7.025429e+01 
1.273594e+01 1.273594e+01 
2.752027e+01 2.752027e+01 
2.072580e+01 2.072580e+01 
3.541963e+00 3.541963e+00 
1.811653e+01 1.811653e+01 
1.299305e+01 1.299305e+01 
7.057751e+00 7.057751e+00 
3.426361e+01 3.426361e+01 
1.316428e+02 1.316428e+02 
1.336268e+01 1.336268e+01 
5.068954e+01 5.068954e+01 
1.938578e+02 1.938578e+02 
2.708602e+01 2.708602e+01 
1.231325e+02 1.231325e+02 
5.101510e+01 5.101510e+01 
1.752182e+02 1.752182e+02 
1.598440e+01 1.598440e+01 
9.272836e+00 9.272836e+00 
6.895715e+01 6.895715e+01 
9.809781e+00 9.809781e+00 
3.183636e+01 3.183636e+01 

#DOUBLE_55x2_TORUS_TORUS_MU
-1.448060e+00 1.289320e+00 
-1.023510e+00 -5.971470e-01 
-1.139570e+00 -3.533040e-01 
1.252420e+00 3.603620e-01 
-2.414730e+00 2.631530e+00 
-1.742590e+00 2.378830e+00 
-1.500120e+00 -1.785210e-01 
-1.051250e+00 -6.404720e-01 
-1.763420e+00 -3.044120e-01 
-1.141160e+00 -5.206870e-01 
-1.751870e+00 -3.135670e-01 
-1.509910e+00 -6.768710e-01 
-1.028750e+00 -7.110460e-01 
1.438240e+00 -2.900890e+00 
-1.544820e+00 2.019080e+00 
-1.264710e+00 -8.503800e-01 
-1.103880e+00 -7.613400e-01 
-1.378690e+00 -5.813410e-01 
-1.780470e+00 1.992520e+00 
-1.035690e+00 -3.546390e-01 
-1.216190e+00 -5.055710e-01 
-1.322880e+00 -1.028950e-01 
-1.049130e+00 -5.492840e-01 
-1.020060e+00 -8.832390e-01 
-1.168650e+00 2.477060e+00 
-1.552690e+00 8.529810e-02 
-1.799190e+00 1.322470e-01 
-1.292750e+00 -7.707370e-02 
-2.040430e+00 2.268530e+00 
-1.320160e+00 -6.226530e-01 
-2.487830e+00 2.758170e+00 
-1.438470e+00 2.461290e+00 
-1.116980e+00 -3.467830e-01 
-1.097200e+00 -5.523320e-01 
-1.947370e+00 1.501240e-01 
-1.678980e+00 1.444660e-01 
-1.406490e+00 -5.146760e-01 
-1.719740e+00 -6.478100e-01 
-1.127250e+00 2.549560e+00 
-1.310930e+00 -2.224460e-01 
-2.364270e+00 1.306390e+00 
-9.983440e-01 -5.681920e-01 
-1.191900e+00 -7.552870e-01 
-1.468000e+00 2.968410e+00 
-1.426790e+00 -1.917290e-01 
-1.103370e+00 -7.531620e-01 
-9.688280e-01 -8.651850e-01 
-1.113830e+00 -6.524500e-01 
-1.145520e+00 -2.895860e-01 
-1.082150e+00 -7.351160e-01 
-1.592840e+00 2.007600e+00 
-1.664150e+00 -5.247290e-01 
-1.264640e+00 -5.842560e-01 
-3.128680e+00 -3.022580e+00 
-1.043750e+00 -4.072510e-01 

#DOUBLE_55x2_TORUS_TORUS_MU-ENVELOPE
0.000000e+00 -0.000000e+00 
0.000000e+00 -0.000000e+00 
0.000000e+00 -0.000000e+00 
0.000000e+00 -0.000000e+00 
0.000000e+00 -0.000000e+00 
0.000000e+00 -0.000000e+00 
0.000000e+00 -0.000000e+00 
0.000000e+00 -0.000000e+00 
0.000000e+00 -0.000000e+00 
0.000000e+00 -0.000000e+00 
0.000000e+00 -0.000000e+00 
0.000000e+00 -0.000000e+00 
0.000000e+00 -0.000000e+00 
0.000000e+00 -0.000000e+00 
0.000000e+00 -0.000000e+00 
0.000000e+00 -0.000000e+00 
0.000000e+00 -0.000000e+00 
0.000000e+00 -0.000000e+00 
0.000000e+00 -0.000000e+00 
0.000000e+00 -0.000000e+00 
0.000000e+00 -0.000000e+00 
0.000000e+00 -0.000000e+00 
0.000000e+00 -0.000000e+00 
0.000000e+00 -0.000000e+00 
0.000000e+00 -0.000000e+00 
0.000000e+00 -0.000000e+00 
0.000000e+00 -0.000000e+00 
0.000000e+00 -0.000000e+00 
0.000000e+00 -0.000000e+00 
0.000000e+00 -0.000000e+00 
0.000000e+00 -0.000000e+00 
0.000000e+00 -0.000000e+00 
0.000000e+00 -0.000000e+00 
0.000000e+00 -0.000000e+00 
0.000000e+00 -0.000000e+00 
0.000000e+00 -0.000000e+00 
0.000000e+00 -0.000000e+00 
0.000000e+00 -0.000000e+00 
0.000000e+00 -0.000000e+00 
0.000000e+00 -0.000000e+00 
0.000000e+00 -0.000000e+00 
0.000000e+00 -0.000000e+00 
0.000000e+00 -0.000000e+00 
0.000000e+00 -0.000000e+00 
0.000000e+00 -0.000000e+00 
0.000000e+00 -0.000000e+00 
0.000000e+00 -0.000000e+00 
0.000000e+00 -0.000000e+00 
0.000000e+00 -0.000000e+00 
0.000000e+00 -0.000000e+00 
0.000000e+00 -0.000000e+00 
0.000000e+00 -0.000000e+00 
0.000000e+00 -0.000000e+00 
0.000000e+00 -0.000000e+00 
0.000000e+00 -0.000000e+00 

#DOUBLE_55x2_TORUS_TORUS_PROPORTION-ENVELOPE
5.000000e-01 5.000000e-01 
5.000000e-01 5.000000e-01 
5.000000e-01 5.000000e-01 
5.000000e-01 5.000000e-01 
5.000000e-01 5.000000e-01 
5.000000e-01 5.000000e-01 
5.000000e-01 5.000000e-01 
5.000000e-01 5.000000e-01 
5.000000e-01 5.000000e-01 
5.000000e-01 5.000000e-01 
5.000000e-01 5.000000e-01 
5.000000e-01 5.000000e-01 
5.000000e-01 5.000000e-01 
5.000000e-01 5.000000e-01 
5.000000e-01 5.000000e-01 
5.000000e-01 5.000000e-01 
5.000000e-01 5.000000e-01 
5.000000e-01 5.000000e-01 
5.000000e-01 5.000000e-01 
5.000000e-01 5.000000e-01 
5.000000e-01 5.000000e-01 
5.000000e-01 5.000000e-01 
5.000000e-01 5.000000e-01 
5.000000e-01 5.000000e-01 
5.000000e-01 5.000000e-01 
5.000000e-01 5.000000e-01 
5.000000e-01 5.000000e-01 
5.000000e-01 5.000000e-01 
5.000000e-01 5.000000e-01 
5.000000e-01 5.000000e-01 
5.000000e-01 5.000000e-01 
5.000000e-01 5.000000e-01 
5.000000e-01 5.000000e-01 
5.000000e-01 5.000000e-01 
5.000000e-01 5.000000e-01 
5.000000e-01 5.000000e-01 
5.000000e-01 5.000000e-01 
5.000000e-01 5.000000e-01 
5.000000e-01 5.000000e-01 
5.000000e-01 5.000000e-01 
5.000000e-01 5.000000e-01 
5.000000e-01 5.000000e-01 
5.000000e-01 5.000000e-01 
5.000000e-01 5.000000e-01 
5.000000e-01 5.000000e-01 
5.000000e-01 5.000000e-01 
5.000000e-01 5.000000e-01 
5.000000e-01 5.000000e-01 
5.000000e-01 5.000000e-01 
5.000000e-01 5.000000e-01 
5.000000e-01 5.000000e-01 
5.000000e-01 5.000000e-01 
5.000000e-01 5.000000e-01 
5.000000e-01 5.000000e-01 
5.000000e-01 5.000000e-01 


