#DOUBLE_1x50_DISCRETE_HIDDEN_START
1.000000e-50  1.000000e-50  2.762431e-02  1.000000e-50  1.864641e-02  1.000000e-50  2.693370e-02  9.668508e-03  1.000000e-50  1.000000e-50  8.977901e-03  1.000000e-50  1.000000e-50  1.000000e-50  4.834254e-02  6.837017e-02  6.906077e-03  3.107735e-02  5.386740e-02  8.080110e-02  1.000000e-50  1.000000e-50  4.281768e-02  1.174033e-02  1.000000e-50  1.000000e-50  1.146409e-01  1.000000e-50  1.000000e-50  1.000000e-50  8.080110e-02  6.215470e-03  1.000000e-50  1.104972e-02  9.668508e-03  1.000000e-50  1.000000e-50  5.939227e-02  2.624309e-02  3.176796e-02  1.000000e-50  1.146409e-01  1.174033e-02  5.870166e-02  1.243094e-02  1.000000e-50  1.000000e-50  2.002762e-02  1.000000e-50  6.906077e-03  

#DOUBLE_50x50_DISCRETE_HIDDEN_TRANSITION
1.000000e-50  1.000000e-50  1.000000e-50  1.000000e-50  2.262895e-02  1.000000e-50  9.517471e-02  5.324459e-03  1.000000e-50  1.000000e-50  3.793677e-02  1.000000e-50  1.000000e-50  1.000000e-50  1.000000e-50  7.354409e-02  6.589018e-02  1.000000e-50  1.000000e-50  1.000000e-50  1.000000e-50  1.000000e-50  8.785358e-02  1.000000e-50  3.660566e-02  1.000000e-50  2.239601e-01  4.891847e-02  1.000000e-50  3.361065e-02  1.331115e-03  1.000000e-50  1.000000e-50  1.000000e-50  5.990017e-03  1.000000e-50  3.960067e-02  1.000000e-50  1.000000e-50  4.525790e-02  1.000000e-50  1.530782e-01  1.000000e-50  1.000000e-50  1.000000e-50  1.000000e-50  1.000000e-50  1.000000e-50  1.000000e-50  2.329451e-02 
1.000000e-50  8.089792e-02  4.150784e-02  2.964845e-02  1.000000e-50  6.946209e-02  7.285049e-02  1.948327e-02  1.000000e-50  1.000000e-50  6.141465e-02  3.896654e-02  1.000000e-50  1.000000e-50  1.000000e-50  4.531978e-02  1.058873e-02  1.440068e-02  8.555697e-02  3.854299e-02  1.000000e-50  1.000000e-50  8.089792e-02  7.327404e-02  1.000000e-50  2.117747e-03  1.000000e-50  1.000000e-50  1.000000e-50  1.990682e-02  7.285049e-02  1.000000e-50  1.000000e-50  1.000000e-50  1.000000e-50  1.000000e-50  6.226175e-02  1.000000e-50  1.000000e-50  3.303685e-02  1.000000e-50  1.000000e-50  1.000000e-50  1.000000e-50  1.000000e-50  1.000000e-50  1.000000e-50  2.541296e-02  5.082592e-03  1.651842e-02 
3.588969e-02  1.000000e-50  1.000000e-50  1.000000e-50  5.289006e-03  1.000000e-50  7.177937e-02  4.155648e-02  1.000000e-50  1.000000e-50  2.871175e-02  1.000000e-50  1.000000e-50  9.066868e-03  1.057801e-02  5.326785e-02  2.266717e-03  3.513411e-02  1.813374e-02  1.000000e-50  1.000000e-50  8.311296e-03  8.726861e-02  1.737816e-02  7.555723e-03  1.548923e-02  4.382320e-02  1.888931e-02  1.000000e-50  1.813374e-02  1.280695e-01  1.000000e-50  1.000000e-50  1.000000e-50  1.095580e-02  1.000000e-50  2.077824e-02  5.780128e-02  1.095580e-02  3.777862e-02  6.800151e-03  5.062335e-02  1.000000e-50  1.000000e-50  1.000000e-50  1.000000e-50  1.000000e-50  1.159804e-01  7.177937e-03  2.455610e-02 
1.000000e-50  2.331606e-02  6.170513e-02  1.759303e-01  3.980217e-02  5.157796e-02  2.284503e-02  9.891663e-03  1.000000e-50  1.000000e-50  1.813472e-02  4.474800e-03  1.000000e-50  1.625059e-02  6.146962e-02  1.577956e-02  1.884126e-03  1.059821e-02  1.000000e-50  2.449364e-02  1.000000e-50  1.648610e-02  9.585492e-02  1.000000e-50  1.000000e-50  1.248234e-02  3.414979e-02  1.000000e-50  1.000000e-50  5.157796e-02  3.226566e-02  1.000000e-50  1.000000e-50  4.945831e-03  4.474800e-03  1.271785e-02  1.695714e-02  2.520019e-02  9.656147e-03  1.342440e-02  1.177579e-02  3.744701e-02  1.000000e-50  8.243052e-03  1.000000e-50  1.000000e-50  3.155911e-02  1.978333e-02  1.000000e-50  2.284503e-02 
1.000000e-50  1.000000e-50  1.000000e-50  7.537688e-02  1.000000e-50  6.852444e-03  1.553221e-02  1.000000e-50  1.000000e-50  1.000000e-50  1.000000e-50  1.000000e-50  1.000000e-50  4.106898e-01  8.177250e-02  5.025126e-03  1.000000e-50  1.000000e-50  1.037003e-01  1.000000e-50  1.000000e-50  1.000000e-50  1.000000e-50  1.000000e-50  1.000000e-50  7.766103e-03  4.705345e-02  1.000000e-50  1.000000e-50  1.000000e-50  1.000000e-50  1.000000e-50  4.294198e-02  1.000000e-50  1.000000e-50  1.000000e-50  1.000000e-50  1.000000e-50  1.000000e-50  1.000000e-50  1.260850e-01  2.101416e-02  1.000000e-50  1.000000e-50  1.000000e-50  1.000000e-50  1.000000e-50  1.000000e-50  5.619004e-02  1.000000e-50 
1.000000e-50  8.147677e-02  1.845958e-02  1.000000e-50  3.182686e-03  2.355188e-02  6.619987e-02  9.548059e-03  1.000000e-50  1.000000e-50  2.482495e-02  5.728835e-02  1.000000e-50  1.654997e-02  1.000000e-50  8.020369e-02  1.000000e-50  1.000000e-50  7.574793e-02  1.000000e-50  1.000000e-50  1.000000e-50  1.000000e-50  9.611712e-02  1.000000e-50  1.000000e-50  9.802673e-02  1.000000e-50  1.000000e-50  1.000000e-50  3.691916e-02  1.000000e-50  1.088479e-01  4.519414e-02  1.000000e-50  2.609803e-02  2.100573e-02  2.991725e-02  1.082113e-02  8.274984e-03  1.000000e-50  1.000000e-50  1.464036e-02  4.264799e-02  1.000000e-50  1.000000e-50  1.000000e-50  1.000000e-50  1.000000e-50  4.455761e-03 
1.000000e-50  1.000000e-50  1.000000e-50  1.000000e-50  4.419890e-03  1.000000e-50  2.099448e-02  2.394107e-03  1.000000e-50  1.000000e-50  2.320442e-02  1.000000e-50  1.000000e-50  1.000000e-50  1.000000e-50  7.145488e-02  2.283610e-02  1.307551e-02  9.944751e-02  2.946593e-03  1.000000e-50  1.000000e-50  1.988950e-02  7.753223e-02  1.000000e-50  6.077348e-03  9.152855e-02  5.709024e-03  1.000000e-50  9.576427e-03  2.510129e-01  1.000000e-50  1.000000e-50  1.000000e-50  6.445672e-03  1.000000e-50  1.436464e-02  9.963168e-02  1.000000e-50  5.248619e-02  1.000000e-50  5.303867e-02  1.000000e-50  1.000000e-50  1.000000e-50  1.000000e-50  1.000000e-50  1.104972e-03  3.333333e-02  1.749540e-02 
1.003192e-02  1.000000e-50  1.000000e-50  9.119927e-04  4.331965e-03  1.000000e-50  1.276790e-02  1.000000e-50  1.000000e-50  1.000000e-50  1.322389e-02  1.436389e-02  1.000000e-50  1.000000e-50  3.169175e-02  5.768354e-02  1.274510e-01  1.869585e-02  1.000000e-50  1.000000e-50  1.000000e-50  1.000000e-50  4.582763e-02  1.000000e-50  1.000000e-50  9.347925e-03  1.215230e-01  3.670771e-02  1.000000e-50  1.000000e-50  1.162791e-02  1.000000e-50  1.000000e-50  3.465572e-02  1.000000e-50  1.000000e-50  6.817145e-02  2.120383e-02  1.000000e-50  2.074783e-02  1.869585e-02  2.099863e-01  1.960784e-02  1.139991e-02  1.000000e-50  1.000000e-50  1.000000e-50  1.436389e-02  5.129959e-02  1.367989e-02 
1.000000e-50  1.000000e-50  1.000000e-50  1.000000e-50  1.000000e-50  1.000000e-50  1.000000e-50  1.000000e-50  1.757451e-01  1.044878e-02  1.000000e-50  1.000000e-50  1.000000e-50  1.000000e-50  1.000000e-50  1.096266e-02  1.661528e-02  1.000000e-50  1.000000e-50  1.000000e-50  2.278177e-02  1.000000e-50  1.884207e-02  1.000000e-50  2.363823e-02  1.000000e-50  1.000000e-50  7.022953e-03  4.366221e-01  4.110997e-03  1.000000e-50  3.511477e-02  1.000000e-50  1.000000e-50  1.747174e-02  1.000000e-50  4.796163e-03  1.000000e-50  1.000000e-50  4.316547e-02  1.000000e-50  2.243919e-02  1.000000e-50  1.000000e-50  1.000000e-50  1.479959e-01  1.000000e-50  1.000000e-50  1.000000e-50  2.226790e-03 
1.000000e-50  1.000000e-50  1.000000e-50  1.000000e-50  1.000000e-50  1.000000e-50  1.000000e-50  1.000000e-50  8.513445e-02  3.944191e-01  1.000000e-50  1.623541e-03  1.000000e-50  1.000000e-50  1.000000e-50  1.000000e-50  1.000000e-50  1.000000e-50  1.000000e-50  1.000000e-50  1.000000e-50  1.000000e-50  1.000000e-50  1.000000e-50  1.000000e-50  4.160325e-03  1.000000e-50  1.000000e-50  1.725013e-03  1.000000e-50  1.000000e-50  7.772704e-02  1.000000e-50  1.000000e-50  1.000000e-50  1.000000e-50  1.000000e-50  1.000000e-50  1.000000e-50  1.000000e-50  1.000000e-50  1.000000e-50  5.276509e-03  1.000000e-50  4.299340e-01  1.000000e-50  1.000000e-50  1.000000e-50  1.000000e-50  1.000000e-50 
1.000000e-50  1.116570e-02  2.411791e-02  1.000000e-50  1.000000e-50  3.483698e-02  2.858419e-02  1.000000e-50  1.000000e-50  1.000000e-50  2.501117e-02  1.384547e-02  1.786512e-03  1.000000e-50  1.920500e-02  2.903082e-02  1.000000e-50  1.965163e-02  8.307280e-02  6.431443e-02  1.000000e-50  1.965163e-02  3.841000e-02  4.242966e-02  1.000000e-50  1.429209e-02  5.984815e-02  1.000000e-50  1.000000e-50  2.009826e-02  4.600268e-02  5.806163e-03  1.000000e-50  1.518535e-02  8.039303e-03  1.831175e-02  1.000000e-50  4.644931e-02  1.831175e-02  9.825815e-03  1.000000e-50  7.056722e-02  1.339884e-02  1.607861e-02  1.000000e-50  1.000000e-50  1.000000e-50  2.277803e-02  1.523001e-01  7.592675e-03 
2.774016e-01  1.000000e-50  1.000000e-50  1.000000e-50  1.000000e-50  1.000000e-50  5.395683e-02  4.102835e-01  1.000000e-50  1.000000e-50  1.000000e-50  8.654253e-02  1.000000e-50  1.000000e-50  1.000000e-50  7.405840e-03  6.136267e-03  1.000000e-50  1.000000e-50  1.000000e-50  1.000000e-50  1.000000e-50  8.463817e-02  1.000000e-50  2.285231e-02  1.000000e-50  1.000000e-50  1.000000e-50  1.000000e-50  2.539145e-02  1.000000e-50  1.000000e-50  1.000000e-50  1.000000e-50  3.385527e-03  1.000000e-50  1.000000e-50  1.000000e-50  1.000000e-50  1.000000e-50  1.000000e-50  1.000000e-50  1.000000e-50  2.200592e-02  1.000000e-50  1.000000e-50  1.000000e-50  1.000000e-50  1.000000e-50  1.000000e-50 
1.000000e-50  1.000000e-50  1.000000e-50  1.000000e-50  1.000000e-50  1.000000e-50  1.000000e-50  1.000000e-50  1.000000e-50  1.000000e-50  1.000000e-50  1.000000e-50  1.000000e-50  1.000000e-50  1.000000e-50  1.518987e-01  6.329114e-02  1.000000e-50  1.000000e-50  1.000000e-50  1.000000e-50  1.000000e-50  1.000000e-50  1.000000e-50  3.670886e-01  1.000000e-50  1.000000e-50  1.000000e-50  1.000000e-50  1.000000e-50  8.860759e-02  1.000000e-50  1.000000e-50  1.000000e-50  1.000000e-50  1.000000e-50  1.000000e-50  1.000000e-50  1.898734e-01  1.000000e-50  1.000000e-50  1.139241e-01  2.531646e-02  1.000000e-50  1.000000e-50  1.000000e-50  1.000000e-50  1.000000e-50  1.000000e-50  1.000000e-50 
1.000000e-50  1.121423e-01  1.000000e-50  2.706883e-02  1.000000e-50  1.000000e-50  1.000000e-50  1.000000e-50  1.000000e-50  1.000000e-50  1.000000e-50  1.000000e-50  1.000000e-50  1.000000e-50  4.640371e-03  1.000000e-50  1.000000e-50  1.000000e-50  1.082753e-01  1.000000e-50  1.000000e-50  1.000000e-50  1.000000e-50  6.774942e-01  1.000000e-50  1.000000e-50  1.000000e-50  1.000000e-50  1.000000e-50  1.000000e-50  1.000000e-50  1.000000e-50  1.000000e-50  1.000000e-50  1.000000e-50  1.000000e-50  4.640371e-03  1.000000e-50  1.000000e-50  1.000000e-50  1.000000e-50  1.000000e-50  1.000000e-50  1.000000e-50  1.000000e-50  1.000000e-50  1.000000e-50  1.000000e-50  4.021655e-02  2.552204e-02 
1.000000e-50  8.636592e-02  1.000000e-50  5.198725e-02  9.726648e-03  1.408687e-02  9.726648e-03  1.000000e-50  1.000000e-50  1.000000e-50  6.875734e-03  1.000000e-50  1.000000e-50  4.024820e-03  1.895019e-02  1.000000e-50  4.360221e-03  3.354016e-03  3.597183e-01  4.192521e-03  1.000000e-50  3.354016e-03  1.000000e-50  6.842194e-02  1.000000e-50  4.024820e-03  1.090055e-02  1.000000e-50  1.000000e-50  1.000000e-50  2.029180e-02  1.000000e-50  1.360054e-01  1.000000e-50  1.000000e-50  2.012410e-02  1.173906e-02  1.861479e-02  1.677008e-03  9.726648e-03  8.921684e-02  2.062720e-02  1.000000e-50  1.000000e-50  1.000000e-50  1.000000e-50  5.869529e-03  1.000000e-50  1.000000e-50  6.037230e-03 
9.384984e-03  1.000000e-50  8.047125e-02  1.000000e-50  1.000000e-50  2.196486e-03  1.000000e-50  4.033546e-02  1.000000e-50  1.277955e-02  8.186901e-03  4.932109e-02  2.795527e-03  1.000000e-50  6.988818e-03  1.000000e-50  1.178115e-02  7.787540e-03  4.992013e-03  1.000000e-50  1.000000e-50  2.895367e-02  8.666134e-02  9.584665e-03  1.000000e-50  6.988818e-03  5.750799e-02  3.953674e-02  1.000000e-50  1.000000e-50  3.354633e-02  1.000000e-50  1.000000e-50  1.669329e-01  2.336262e-02  1.000000e-50  1.497604e-02  1.757188e-02  1.357827e-02  1.697284e-02  6.589457e-03  9.384984e-03  7.188498e-03  1.691294e-01  4.392971e-03  1.000000e-50  1.000000e-50  4.392971e-02  1.000000e-50  6.190096e-03 
1.465279e-02  1.000000e-50  1.000000e-50  1.000000e-50  5.308983e-03  8.494372e-04  7.262688e-02  7.220217e-03  1.000000e-50  1.210448e-02  4.884264e-03  1.083032e-02  1.000000e-50  1.000000e-50  2.123593e-03  1.889998e-02  7.857295e-03  1.613931e-02  2.335952e-03  1.000000e-50  1.000000e-50  1.000000e-50  3.588872e-02  3.822468e-03  1.000000e-50  1.125504e-02  2.722446e-01  1.000000e-50  1.000000e-50  8.919091e-03  5.839881e-02  1.000000e-50  1.000000e-50  1.000000e-50  1.000000e-50  1.000000e-50  6.158420e-03  3.631344e-02  2.123593e-03  8.919091e-03  1.000000e-50  2.578042e-01  6.158420e-03  1.000000e-50  6.370779e-03  1.000000e-50  1.000000e-50  1.000000e-50  1.042684e-01  5.521342e-03 
3.015873e-02  1.000000e-50  1.000000e-50  1.000000e-50  1.000000e-50  1.000000e-50  3.888889e-02  1.000000e-50  1.000000e-50  2.539683e-02  5.396825e-02  1.000000e-50  1.000000e-50  1.000000e-50  2.777778e-02  3.968254e-02  1.000000e-50  1.000000e-50  1.000000e-50  2.301587e-02  1.000000e-50  1.000000e-50  8.253968e-02  1.190476e-02  1.142857e-01  3.174603e-02  9.523810e-02  1.000000e-50  1.000000e-50  4.365079e-02  1.269841e-01  1.428571e-02  1.000000e-50  1.000000e-50  1.000000e-50  1.000000e-50  3.174603e-03  1.000000e-50  8.968254e-02  5.238095e-02  1.000000e-50  9.523810e-02  1.000000e-50  1.000000e-50  1.000000e-50  1.000000e-50  1.000000e-50  1.000000e-50  1.000000e-50  1.000000e-50 
1.000000e-50  5.071654e-02  1.000000e-50  4.776908e-02  3.130399e-02  3.455636e-02  6.403090e-03  1.000000e-50  1.000000e-50  1.000000e-50  1.250127e-02  1.000000e-50  1.000000e-50  5.691635e-03  1.009249e-01  1.077345e-02  1.219636e-03  1.000000e-50  2.217705e-01  4.675272e-03  1.000000e-50  1.000000e-50  1.829454e-03  7.876817e-02  1.000000e-50  3.455636e-03  1.016363e-02  1.000000e-50  1.000000e-50  1.000000e-50  5.589999e-03  1.000000e-50  7.714199e-02  1.000000e-50  1.000000e-50  1.006200e-02  1.000000e-50  1.971745e-02  2.744181e-03  4.980181e-03  2.141478e-01  7.114544e-03  1.000000e-50  1.000000e-50  1.000000e-50  1.000000e-50  3.597927e-02  1.000000e-50  1.000000e-50  1.000000e-50 
1.000000e-50  1.000000e-50  1.995815e-02  1.000000e-50  6.599066e-03  1.000000e-50  6.888782e-02  1.000000e-50  1.000000e-50  1.000000e-50  1.416385e-02  1.158860e-02  1.000000e-50  1.000000e-50  3.058104e-03  2.446483e-02  8.289071e-02  1.110575e-02  2.333816e-02  6.969258e-02  1.000000e-50  1.000000e-50  1.432480e-02  1.400290e-02  1.000000e-50  1.352004e-02  1.023660e-01  3.122485e-02  1.000000e-50  4.683728e-02  5.906969e-02  1.000000e-50  1.000000e-50  3.042009e-02  9.496218e-03  1.464671e-02  3.106390e-02  2.366007e-02  6.116208e-03  1.014003e-02  2.671817e-02  1.371318e-01  1.000000e-50  3.927249e-02  1.000000e-50  1.000000e-50  1.000000e-50  8.047642e-03  4.072107e-02  5.472397e-03 
9.086779e-03  1.000000e-50  1.000000e-50  1.000000e-50  8.178101e-03  9.086779e-04  1.000000e-50  1.000000e-50  1.000000e-50  1.000000e-50  1.000000e-50  1.000000e-50  1.000000e-50  1.000000e-50  1.000000e-50  6.315311e-02  3.775557e-01  1.000000e-50  1.000000e-50  1.000000e-50  1.000000e-50  1.000000e-50  6.542481e-02  1.000000e-50  1.408451e-02  1.000000e-50  1.000000e-50  6.360745e-03  1.000000e-50  2.680600e-02  1.000000e-50  1.000000e-50  1.000000e-50  1.000000e-50  6.815084e-03  1.000000e-50  2.971377e-01  1.181281e-02  9.086779e-04  6.815084e-03  1.000000e-50  1.049523e-01  1.000000e-50  1.000000e-50  1.000000e-50  1.000000e-50  1.000000e-50  1.000000e-50  1.000000e-50  1.000000e-50 
1.000000e-50  1.000000e-50  8.291457e-02  1.000000e-50  1.000000e-50  1.000000e-50  1.000000e-50  1.000000e-50  1.000000e-50  1.000000e-50  7.035176e-02  1.000000e-50  1.000000e-50  1.000000e-50  5.025126e-03  1.000000e-50  1.000000e-50  1.000000e-50  1.000000e-50  2.261307e-02  1.000000e-50  1.000000e-50  1.000000e-50  1.000000e-50  1.000000e-50  1.457286e-01  1.000000e-50  1.000000e-50  1.000000e-50  1.000000e-50  1.000000e-50  1.000000e-50  1.000000e-50  1.000000e-50  2.713568e-01  1.000000e-50  8.542714e-02  1.758794e-01  1.000000e-50  1.000000e-50  1.000000e-50  1.407035e-01  1.000000e-50  1.000000e-50  1.000000e-50  1.000000e-50  1.000000e-50  1.000000e-50  1.000000e-50  1.000000e-50 
1.618179e-02  1.000000e-50  1.000000e-50  1.000000e-50  4.303667e-03  1.000000e-50  3.012567e-02  1.067309e-02  1.000000e-50  8.951627e-03  3.322431e-02  2.513341e-02  1.000000e-50  1.000000e-50  6.025133e-03  5.302117e-02  5.129971e-02  3.133069e-02  2.100189e-02  1.000000e-50  1.000000e-50  1.000000e-50  4.957824e-02  1.583749e-02  1.000000e-50  9.123773e-03  6.730935e-02  1.463247e-02  1.000000e-50  6.386641e-02  1.063866e-01  1.000000e-50  1.000000e-50  1.000000e-50  2.203477e-02  1.000000e-50  4.785677e-02  1.027716e-01  1.687037e-02  1.342744e-02  1.000000e-50  1.253228e-01  6.713720e-03  2.255121e-02  4.303667e-03  1.000000e-50  1.000000e-50  1.000000e-50  1.000000e-50  2.014116e-02 
1.000000e-50  3.619510e-02  1.000000e-50  4.215405e-02  2.251159e-02  3.641580e-02  4.855440e-03  1.000000e-50  1.000000e-50  1.000000e-50  2.780843e-02  1.986316e-03  1.000000e-50  5.738248e-03  1.260207e-01  1.544913e-03  1.000000e-50  1.000000e-50  3.025822e-01  7.945266e-03  1.000000e-50  1.000000e-50  1.000000e-50  1.569190e-01  1.000000e-50  1.000000e-50  1.434562e-02  2.207018e-04  1.000000e-50  1.000000e-50  5.076142e-03  1.000000e-50  6.554844e-02  1.324211e-03  1.765615e-03  5.296844e-03  6.400353e-03  7.945266e-03  3.089826e-03  1.324211e-03  8.408740e-02  1.000000e-50  1.000000e-50  1.000000e-50  1.000000e-50  1.000000e-50  2.604282e-02  1.000000e-50  1.000000e-50  4.855440e-03 
1.000000e-50  1.000000e-50  1.000000e-50  1.000000e-50  1.000000e-50  1.000000e-50  6.442706e-03  1.000000e-50  8.283479e-03  2.024850e-02  2.116889e-02  1.000000e-50  1.000000e-50  1.000000e-50  1.000000e-50  2.393005e-02  1.000000e-50  1.000000e-50  1.702715e-02  1.000000e-50  3.589508e-02  1.000000e-50  1.000000e-50  1.000000e-50  2.254947e-01  1.000000e-50  5.246203e-02  1.380580e-01  1.000000e-50  5.476300e-02  2.945237e-02  3.497469e-02  1.000000e-50  1.000000e-50  6.580764e-02  1.000000e-50  2.761160e-02  1.000000e-50  4.509894e-02  3.681546e-02  1.000000e-50  3.543488e-02  1.000000e-50  2.669121e-02  1.000000e-50  1.000000e-50  1.000000e-50  8.513576e-02  1.000000e-50  9.203866e-03 
1.000000e-50  1.000000e-50  1.000000e-50  1.000000e-50  1.000000e-50  1.000000e-50  4.065574e-02  1.000000e-50  1.000000e-50  1.639344e-02  2.295082e-02  2.295082e-02  2.754098e-02  1.000000e-50  1.000000e-50  1.377049e-02  1.000000e-50  2.557377e-02  2.229508e-02  1.000000e-50  1.000000e-50  1.000000e-50  5.442623e-02  1.573770e-02  1.000000e-50  2.098361e-02  1.055738e-01  4.000000e-02  1.000000e-50  4.590164e-02  2.885246e-01  1.000000e-50  1.000000e-50  1.000000e-50  2.819672e-02  1.000000e-50  1.000000e-50  1.000000e-50  1.000000e-50  2.360656e-02  1.000000e-50  8.852459e-02  2.229508e-02  1.000000e-50  1.000000e-50  1.000000e-50  1.000000e-50  2.426230e-02  4.983607e-02  1.000000e-50 
1.000000e-50  1.000000e-50  7.777562e-03  1.000000e-50  2.761034e-02  1.000000e-50  8.788645e-02  1.000000e-50  1.000000e-50  1.000000e-50  1.205522e-02  1.000000e-50  1.000000e-50  1.000000e-50  3.354073e-02  9.109469e-02  1.000000e-50  1.361073e-02  1.681898e-02  1.901614e-01  1.000000e-50  1.000000e-50  8.555318e-03  3.986000e-03  1.000000e-50  2.770756e-02  1.424266e-01  8.458098e-03  1.000000e-50  5.930391e-03  7.787284e-02  1.000000e-50  1.000000e-50  1.000000e-50  1.000000e-50  5.279020e-02  1.672176e-02  4.374878e-02  6.319269e-03  1.594400e-02  2.031888e-02  7.972001e-02  1.000000e-50  1.000000e-50  1.000000e-50  1.000000e-50  1.000000e-50  1.000000e-50  1.000000e-50  8.944196e-03 
1.000000e-50  1.000000e-50  1.000000e-50  1.000000e-50  1.000000e-50  1.000000e-50  1.000000e-50  1.000000e-50  6.910352e-02  5.042689e-02  1.000000e-50  1.093917e-02  1.000000e-50  1.000000e-50  1.000000e-50  1.000000e-50  1.000000e-50  1.000000e-50  1.000000e-50  1.000000e-50  1.000000e-50  1.000000e-50  5.869797e-03  2.668090e-04  2.321238e-02  1.000000e-50  2.934899e-03  1.334045e-01  1.147279e-02  1.000000e-50  1.000000e-50  2.179829e-01  1.000000e-50  1.000000e-50  1.000000e-50  1.000000e-50  1.000000e-50  1.000000e-50  1.000000e-50  1.000000e-50  1.000000e-50  1.000000e-50  1.000000e-50  4.399680e-01  1.000000e-50  3.441836e-02  1.000000e-50  1.000000e-50  1.000000e-50  1.000000e-50 
1.000000e-50  1.000000e-50  1.000000e-50  1.000000e-50  1.000000e-50  1.000000e-50  1.000000e-50  1.000000e-50  1.000000e-50  1.755527e-02  1.365410e-02  1.267880e-02  1.000000e-50  1.000000e-50  1.000000e-50  2.340702e-02  7.314694e-02  1.000000e-50  1.000000e-50  1.000000e-50  2.925878e-03  1.000000e-50  2.730819e-02  1.000000e-50  1.433680e-01  1.000000e-50  7.282185e-02  7.444733e-02  1.144343e-01  5.429129e-02  2.145644e-02  1.723017e-02  1.000000e-50  1.000000e-50  1.000000e-50  1.000000e-50  5.559168e-02  2.405722e-02  1.007802e-02  6.436931e-02  1.000000e-50  9.037711e-02  1.235371e-02  1.000000e-50  1.000000e-50  1.690507e-02  1.000000e-50  1.000000e-50  1.000000e-50  5.754226e-02 
5.314685e-02  1.000000e-50  2.762238e-02  1.000000e-50  1.000000e-50  1.000000e-50  1.000000e-50  1.237762e-01  1.000000e-50  1.000000e-50  1.000000e-50  3.220280e-01  1.000000e-50  1.000000e-50  1.000000e-50  1.888112e-02  5.594406e-03  1.000000e-50  1.000000e-50  1.000000e-50  1.000000e-50  1.000000e-50  9.930070e-02  1.000000e-50  1.000000e-50  1.000000e-50  4.370629e-02  1.000000e-50  1.000000e-50  5.629371e-02  1.000000e-50  1.000000e-50  1.000000e-50  6.118881e-02  1.000000e-50  1.000000e-50  1.153846e-02  1.818182e-02  1.000000e-50  1.363636e-02  1.000000e-50  1.000000e-50  1.000000e-50  1.000000e-50  1.000000e-50  7.342657e-03  1.000000e-50  1.377622e-01  1.000000e-50  1.000000e-50 
1.000000e-50  1.000000e-50  3.186588e-02  1.000000e-50  3.711287e-03  2.687484e-03  5.554134e-02  1.000000e-50  1.000000e-50  5.374968e-03  1.817251e-02  1.000000e-50  1.000000e-50  1.000000e-50  1.279754e-03  5.874072e-02  7.934477e-03  1.036601e-02  1.778858e-02  1.132583e-01  1.000000e-50  1.000000e-50  2.674686e-02  1.241362e-02  1.000000e-50  1.906834e-02  1.095470e-01  1.000000e-50  1.000000e-50  1.000000e-50  7.550550e-02  1.000000e-50  1.000000e-50  4.491938e-02  9.726133e-03  3.033018e-02  1.702073e-02  4.210392e-02  5.758894e-03  2.201177e-02  1.535705e-02  1.050678e-01  1.000000e-50  2.060404e-02  1.000000e-50  1.000000e-50  1.407730e-03  2.354748e-02  6.769900e-02  2.444331e-02 
1.000000e-50  1.000000e-50  1.000000e-50  1.000000e-50  1.000000e-50  1.000000e-50  1.000000e-50  1.000000e-50  1.357466e-02  1.000000e-50  1.000000e-50  1.000000e-50  1.000000e-50  1.000000e-50  1.000000e-50  1.000000e-50  1.000000e-50  1.000000e-50  1.000000e-50  9.049774e-04  1.000000e-50  1.000000e-50  1.000000e-50  1.000000e-50  2.579186e-02  1.000000e-50  1.000000e-50  5.945701e-01  1.000000e-50  1.000000e-50  1.000000e-50  1.000000e-50  1.000000e-50  1.000000e-50  1.000000e-50  1.000000e-50  1.000000e-50  1.000000e-50  1.000000e-50  1.000000e-50  1.000000e-50  1.000000e-50  1.000000e-50  3.651584e-01  1.000000e-50  1.000000e-50  1.000000e-50  1.000000e-50  1.000000e-50  1.000000e-50 
1.000000e-50  3.217158e-02  1.000000e-50  2.167113e-01  8.847185e-02  8.400357e-02  1.000000e-50  1.000000e-50  1.000000e-50  1.000000e-50  1.000000e-50  1.000000e-50  1.000000e-50  1.000000e-50  2.301162e-01  1.000000e-50  1.000000e-50  1.000000e-50  1.000000e-50  1.251117e-02  1.000000e-50  1.000000e-50  1.000000e-50  1.000000e-50  1.000000e-50  1.000000e-50  1.000000e-50  1.000000e-50  1.000000e-50  1.000000e-50  1.000000e-50  1.000000e-50  1.000000e-50  1.000000e-50  1.000000e-50  2.100089e-02  1.134942e-01  1.000000e-50  1.000000e-50  7.596068e-03  9.159964e-02  3.485255e-02  1.000000e-50  1.000000e-50  1.000000e-50  1.000000e-50  1.000000e-50  1.000000e-50  1.000000e-50  6.747096e-02 
2.449260e-01  1.000000e-50  1.000000e-50  1.000000e-50  1.000000e-50  1.000000e-50  1.000000e-50  2.665979e-01  1.000000e-50  1.000000e-50  1.000000e-50  3.735810e-01  1.000000e-50  1.000000e-50  1.000000e-50  1.000000e-50  1.000000e-50  1.000000e-50  1.000000e-50  1.000000e-50  1.000000e-50  1.000000e-50  1.926385e-02  1.000000e-50  1.000000e-50  1.000000e-50  6.879945e-03  1.000000e-50  1.000000e-50  1.823185e-02  1.000000e-50  1.000000e-50  1.000000e-50  1.000000e-50  1.000000e-50  1.000000e-50  1.000000e-50  1.000000e-50  1.000000e-50  1.000000e-50  1.000000e-50  1.000000e-50  1.000000e-50  1.891985e-02  1.000000e-50  1.000000e-50  1.000000e-50  5.159959e-02  1.000000e-50  1.000000e-50 
1.000000e-50  1.000000e-50  1.710731e-02  1.000000e-50  5.443235e-03  1.000000e-50  4.121306e-02  1.555210e-03  1.000000e-50  2.255054e-02  2.954899e-02  1.000000e-50  1.710731e-02  1.000000e-50  1.710731e-02  4.743390e-02  1.477449e-02  3.654743e-02  8.553655e-03  9.331260e-03  1.000000e-50  1.000000e-50  8.320373e-02  1.632970e-02  8.553655e-02  1.000000e-50  1.000000e-50  4.898911e-02  1.000000e-50  3.421462e-02  1.290824e-01  1.000000e-50  1.000000e-50  1.000000e-50  1.000000e-50  1.000000e-50  1.399689e-02  6.609642e-02  5.443235e-02  1.944012e-02  1.000000e-50  1.648523e-01  1.000000e-50  1.000000e-50  2.332815e-03  1.000000e-50  1.000000e-50  1.000000e-50  1.000000e-50  1.321928e-02 
1.000000e-50  1.000000e-50  1.000000e-50  1.000000e-50  1.000000e-50  1.000000e-50  1.000000e-50  1.000000e-50  2.498438e-03  1.000000e-50  1.623985e-02  1.149282e-01  1.000000e-50  1.000000e-50  1.000000e-50  1.000000e-50  1.000000e-50  1.000000e-50  1.000000e-50  3.747658e-02  1.000000e-50  1.000000e-50  4.372267e-03  1.000000e-50  1.000000e-50  1.000000e-50  1.000000e-50  5.371643e-02  1.000000e-50  6.308557e-02  1.873829e-02  1.000000e-50  1.000000e-50  1.155528e-01  1.000000e-50  1.000000e-50  1.499063e-02  1.000000e-50  1.000000e-50  6.870706e-03  1.000000e-50  6.745784e-02  1.648969e-01  3.191755e-01  1.000000e-50  1.000000e-50  1.000000e-50  1.000000e-50  1.000000e-50  1.000000e-50 
1.806589e-02  1.000000e-50  1.000000e-50  3.453773e-03  1.000000e-50  1.000000e-50  5.685441e-02  1.062699e-03  1.000000e-50  9.298618e-03  9.564293e-03  1.700319e-02  1.000000e-50  2.391073e-03  4.782147e-03  3.453773e-02  1.416047e-01  1.062699e-02  2.869288e-02  1.859724e-02  1.000000e-50  1.000000e-50  4.888417e-02  1.142402e-02  1.000000e-50  1.168969e-02  1.538257e-01  8.767269e-03  1.000000e-50  1.620616e-02  8.182784e-02  1.000000e-50  1.000000e-50  6.376196e-03  5.313496e-04  1.000000e-50  5.871413e-02  3.400638e-02  1.062699e-03  1.540914e-02  1.000000e-50  1.017535e-01  1.000000e-50  1.461211e-02  1.000000e-50  1.000000e-50  5.579171e-03  1.000000e-50  7.279490e-02  1.000000e-50 
4.314084e-02  1.000000e-50  6.094499e-02  1.000000e-50  1.000000e-50  1.000000e-50  2.351061e-02  3.674960e-02  1.000000e-50  1.000000e-50  1.323899e-02  8.628167e-02  1.000000e-50  1.000000e-50  1.209769e-02  2.099977e-02  1.000000e-50  1.000000e-50  2.624971e-02  3.355398e-02  1.000000e-50  1.000000e-50  6.984707e-02  1.095640e-02  2.442365e-02  1.000000e-50  1.000000e-50  1.000000e-50  1.000000e-50  6.939055e-02  8.559690e-02  1.000000e-50  1.000000e-50  1.000000e-50  5.934718e-03  4.793426e-03  4.793426e-03  3.172792e-02  1.278247e-02  1.757590e-02  1.000000e-50  1.024880e-01  4.131477e-02  1.298790e-01  1.392376e-02  1.000000e-50  1.000000e-50  1.000000e-50  1.000000e-50  1.780415e-02 
1.000000e-50  1.000000e-50  5.739910e-02  1.000000e-50  1.973094e-02  2.331839e-02  1.255605e-02  1.000000e-50  1.000000e-50  1.000000e-50  2.600897e-02  6.278027e-03  1.000000e-50  1.000000e-50  1.000000e-50  4.753363e-02  8.968610e-03  3.766816e-02  4.394619e-02  6.278027e-02  1.000000e-50  2.959641e-02  3.946188e-02  1.973094e-02  5.470852e-02  1.000000e-50  6.995516e-02  1.000000e-50  1.000000e-50  1.000000e-50  1.022422e-01  1.000000e-50  1.000000e-50  1.000000e-50  9.147982e-02  1.000000e-50  1.883408e-02  2.152466e-02  7.982063e-02  6.636771e-02  1.000000e-50  1.000000e-50  9.865471e-03  1.000000e-50  1.000000e-50  1.000000e-50  1.000000e-50  5.022422e-02  1.000000e-50  1.000000e-50 
1.000000e-50  1.000000e-50  1.064184e-01  1.000000e-50  1.064184e-02  1.000000e-50  1.000000e-50  1.000000e-50  1.000000e-50  1.000000e-50  1.296974e-02  1.097439e-02  1.000000e-50  1.000000e-50  1.463252e-02  9.976721e-03  1.000000e-50  1.862321e-02  1.363485e-02  2.061856e-01  1.000000e-50  2.826738e-02  2.826738e-02  1.000000e-50  1.000000e-50  2.294646e-02  6.684403e-02  1.064184e-02  1.000000e-50  1.000000e-50  3.458597e-02  1.000000e-50  1.000000e-50  1.702694e-01  2.560692e-02  1.000000e-50  1.000000e-50  1.563020e-02  1.463252e-02  2.161623e-02  1.000000e-50  2.194879e-02  1.000000e-50  9.344862e-02  1.000000e-50  1.000000e-50  4.655803e-03  2.627203e-02  1.000000e-50  1.030928e-02 
1.000000e-50  6.835159e-02  1.000000e-50  1.868775e-01  1.095618e-02  9.960159e-03  1.000000e-50  1.000000e-50  1.000000e-50  1.000000e-50  7.096614e-03  1.000000e-50  1.000000e-50  1.000000e-50  2.231076e-01  8.715139e-03  1.000000e-50  1.000000e-50  3.847112e-02  1.618526e-03  1.000000e-50  1.000000e-50  1.000000e-50  1.000000e-50  1.000000e-50  1.743028e-03  1.867530e-02  1.000000e-50  1.000000e-50  1.000000e-50  1.000000e-50  1.000000e-50  1.494024e-02  1.000000e-50  8.715139e-04  1.000000e-50  6.598606e-03  1.000000e-50  1.000000e-50  4.980080e-03  3.789841e-01  7.594622e-03  1.000000e-50  1.000000e-50  1.000000e-50  1.000000e-50  1.045817e-02  1.000000e-50  1.000000e-50  1.000000e-50 
1.000000e-50  1.000000e-50  4.169190e-02  1.000000e-50  8.984454e-03  3.937008e-03  8.520089e-02  1.000000e-50  1.000000e-50  1.000000e-50  1.150818e-02  1.000000e-50  1.000000e-50  1.000000e-50  4.946497e-03  4.663840e-02  9.943469e-02  1.000000e-50  1.928124e-02  1.327478e-01  1.000000e-50  1.000000e-50  3.210176e-02  1.544518e-02  1.000000e-50  1.483949e-02  7.762972e-02  4.037957e-03  1.000000e-50  1.000000e-50  5.491621e-02  1.514234e-03  1.000000e-50  3.472643e-02  6.662629e-03  2.988088e-02  3.906723e-02  4.270139e-02  3.937008e-03  1.544518e-02  1.059964e-02  3.987482e-02  1.000000e-50  1.837270e-02  1.000000e-50  1.000000e-50  1.000000e-50  1.231577e-02  8.833030e-02  3.230365e-03 
1.000000e-50  1.000000e-50  1.000000e-50  1.000000e-50  1.000000e-50  1.000000e-50  1.000000e-50  1.000000e-50  4.335823e-02  5.050916e-02  3.620729e-04  1.221996e-03  1.000000e-50  1.000000e-50  1.000000e-50  1.000000e-50  1.000000e-50  1.000000e-50  1.000000e-50  1.000000e-50  5.159538e-03  1.000000e-50  7.694048e-04  1.000000e-50  1.000000e-50  1.000000e-50  1.000000e-50  2.941842e-03  1.810364e-03  1.000000e-50  1.000000e-50  1.000000e-50  1.000000e-50  1.000000e-50  1.000000e-50  1.000000e-50  1.000000e-50  1.000000e-50  1.000000e-50  1.000000e-50  1.000000e-50  1.000000e-50  3.892736e-01  1.000000e-50  4.209550e-01  8.363883e-02  1.000000e-50  1.000000e-50  1.000000e-50  1.000000e-50 
1.000000e-50  1.000000e-50  1.000000e-50  1.000000e-50  1.000000e-50  1.000000e-50  1.000000e-50  1.000000e-50  9.585211e-02  5.960851e-01  1.000000e-50  1.000000e-50  1.000000e-50  1.000000e-50  1.000000e-50  1.000000e-50  1.000000e-50  1.000000e-50  1.000000e-50  1.000000e-50  1.000000e-50  1.000000e-50  1.000000e-50  1.000000e-50  1.000000e-50  1.000000e-50  1.000000e-50  1.000000e-50  1.000000e-50  1.000000e-50  1.000000e-50  3.790586e-02  1.000000e-50  1.000000e-50  1.000000e-50  1.000000e-50  1.000000e-50  1.000000e-50  1.000000e-50  1.000000e-50  1.000000e-50  1.000000e-50  6.819947e-02  3.464347e-02  1.673140e-01  1.000000e-50  1.000000e-50  1.000000e-50  1.000000e-50  1.000000e-50 
1.000000e-50  1.000000e-50  1.000000e-50  1.000000e-50  1.000000e-50  1.000000e-50  1.000000e-50  1.000000e-50  1.999600e-02  1.000000e-50  4.665734e-04  1.000000e-50  1.000000e-50  1.000000e-50  1.000000e-50  1.000000e-50  1.000000e-50  1.000000e-50  1.000000e-50  1.000000e-50  1.000000e-50  1.000000e-50  1.000000e-50  1.000000e-50  1.000000e-50  1.000000e-50  1.000000e-50  1.000000e-50  1.000000e-50  1.000000e-50  1.000000e-50  1.000000e-50  1.000000e-50  1.000000e-50  1.000000e-50  1.000000e-50  1.000000e-50  1.000000e-50  1.000000e-50  1.000000e-50  1.000000e-50  1.000000e-50  8.109711e-01  8.464974e-03  2.006265e-02  1.400387e-01  1.000000e-50  1.000000e-50  1.000000e-50  1.000000e-50 
2.938808e-02  1.000000e-50  1.000000e-50  1.000000e-50  1.000000e-50  1.000000e-50  1.000000e-50  6.018519e-02  3.651369e-01  5.434783e-02  1.000000e-50  1.048712e-01  1.000000e-50  1.000000e-50  1.000000e-50  1.000000e-50  1.000000e-50  1.000000e-50  1.000000e-50  1.000000e-50  3.605072e-01  1.000000e-50  1.000000e-50  1.000000e-50  1.000000e-50  1.000000e-50  1.000000e-50  1.000000e-50  2.556361e-02  1.000000e-50  1.000000e-50  1.000000e-50  1.000000e-50  1.000000e-50  1.000000e-50  1.000000e-50  1.000000e-50  1.000000e-50  1.000000e-50  1.000000e-50  1.000000e-50  1.000000e-50  1.000000e-50  1.000000e-50  1.000000e-50  1.000000e-50  1.000000e-50  1.000000e-50  1.000000e-50  1.000000e-50 
1.095290e-02  1.000000e-50  1.000000e-50  7.557503e-02  1.000000e-50  1.000000e-50  7.338445e-02  1.000000e-50  1.000000e-50  1.000000e-50  1.000000e-50  1.000000e-50  1.000000e-50  1.000000e-50  1.000000e-50  1.000000e-50  1.971522e-02  2.300110e-02  2.015334e-01  1.000000e-50  1.000000e-50  1.000000e-50  1.000000e-50  1.423877e-02  1.000000e-50  3.176342e-02  7.776561e-02  2.628697e-02  1.000000e-50  1.434830e-01  3.833516e-02  1.000000e-50  1.000000e-50  1.000000e-50  1.000000e-50  1.000000e-50  2.190581e-03  3.504929e-02  1.000000e-50  3.723987e-02  1.000000e-50  1.610077e-01  1.000000e-50  2.847755e-02  1.000000e-50  1.000000e-50  1.000000e-50  1.000000e-50  1.000000e-50  1.000000e-50 
1.000000e-50  1.000000e-50  6.995885e-03  1.000000e-50  1.000000e-50  1.000000e-50  9.135802e-02  1.234568e-03  1.000000e-50  1.000000e-50  1.000000e-50  1.687243e-02  1.000000e-50  1.000000e-50  1.000000e-50  4.238683e-02  1.000000e-50  1.000000e-50  1.000000e-50  6.995885e-03  4.938272e-02  1.000000e-50  2.193416e-01  1.000000e-50  1.139918e-01  4.650206e-02  1.000000e-50  1.000000e-50  1.000000e-50  4.650206e-02  1.275720e-02  1.000000e-50  1.000000e-50  1.000000e-50  3.580247e-02  1.000000e-50  1.000000e-50  2.263374e-02  1.481481e-02  8.765432e-02  1.000000e-50  1.399177e-02  1.000000e-50  1.481481e-02  1.000000e-50  1.000000e-50  1.000000e-50  1.559671e-01  1.000000e-50  1.000000e-50 
1.000000e-50  1.000000e-50  1.000000e-50  5.377207e-02  1.409845e-01  2.996255e-02  1.000000e-50  1.000000e-50  1.000000e-50  1.000000e-50  1.000000e-50  1.000000e-50  1.000000e-50  4.226859e-02  1.548957e-01  1.000000e-50  1.000000e-50  1.000000e-50  2.148208e-01  1.000000e-50  1.000000e-50  1.000000e-50  1.000000e-50  4.360621e-02  1.000000e-50  1.000000e-50  1.000000e-50  1.000000e-50  1.000000e-50  1.000000e-50  1.000000e-50  5.350455e-04  1.000000e-50  1.000000e-50  1.000000e-50  1.000000e-50  1.000000e-50  1.000000e-50  1.000000e-50  1.000000e-50  2.041199e-01  1.000000e-50  1.000000e-50  1.000000e-50  1.000000e-50  1.000000e-50  4.093098e-02  1.000000e-50  7.410380e-02  1.000000e-50 
3.478811e-02  1.000000e-50  3.921569e-02  1.000000e-50  8.222644e-03  4.427577e-03  1.897533e-02  2.043011e-01  1.000000e-50  1.707780e-02  1.771031e-02  6.325111e-02  1.000000e-50  1.000000e-50  5.060089e-03  4.048071e-02  1.075269e-02  1.454775e-02  1.075269e-02  4.237824e-02  1.000000e-50  1.000000e-50  5.376344e-02  1.581278e-02  1.000000e-50  1.644529e-02  6.325111e-02  1.644529e-02  1.000000e-50  1.328273e-02  6.514864e-02  1.000000e-50  1.000000e-50  3.289058e-02  1.000000e-50  1.000000e-50  1.897533e-02  1.000000e-50  1.000000e-50  2.277040e-02  1.000000e-50  3.162555e-02  7.590133e-03  6.451613e-02  1.000000e-50  1.000000e-50  1.000000e-50  1.000000e-50  2.277040e-02  2.277040e-02 


#DOUBLE_1x50_DISCRETE_HIDDEN_DOMINANT-EIGENVECTOR
1.366103e-02  1.054980e-02  1.145668e-02  1.890382e-02  9.629124e-03  7.054211e-03  2.437358e-02  1.970726e-02  2.606279e-02  4.336769e-02  1.002882e-02  2.116589e-02  3.703655e-04  5.699166e-03  2.619312e-02  2.231086e-02  2.116712e-02  5.535814e-03  4.278096e-02  2.752982e-02  1.003632e-02  1.859866e-03  2.569126e-02  2.022319e-02  9.969840e-03  6.912332e-03  4.570916e-02  1.697919e-02  1.399475e-02  1.286556e-02  3.472241e-02  9.867175e-03  9.904452e-03  1.315374e-02  5.828260e-03  7.159262e-03  1.705117e-02  1.924335e-02  4.898312e-03  1.334072e-02  3.580331e-02  4.406857e-02  9.738735e-02  2.841520e-02  6.635134e-02  2.220975e-02  4.085314e-03  1.082353e-02  1.682169e-02  7.075719e-03  

#DOUBLE_50x20_DISCRETE_AA_EMISSION
9.574117e-02  1.683724e-02  9.276989e-02  1.016837e-01  3.037306e-02  4.787058e-02  2.509079e-02  8.913833e-03  7.329152e-02  9.904259e-02  1.617696e-02  3.037306e-02  1.000000e-50  6.305711e-02  5.843513e-02  1.436118e-01  4.721030e-02  7.263123e-03  1.518653e-02  2.707164e-02 
6.231579e-02  4.505263e-02  6.189474e-02  1.810526e-02  4.673684e-02  1.258947e-01  2.947368e-02  1.000000e-50  3.326316e-02  1.557895e-02  1.000000e-50  3.873684e-02  1.000000e-50  1.600000e-02  2.652632e-02  1.667368e-01  1.970526e-01  5.094737e-02  2.189474e-02  4.378947e-02 
8.169440e-02  8.320726e-03  4.160363e-02  3.328290e-02  9.455371e-03  3.252648e-02  1.815431e-02  2.080182e-02  2.571861e-02  3.593041e-02  1.815431e-02  2.155825e-02  5.056732e-01  6.429652e-03  1.891074e-02  6.656581e-02  2.193646e-02  2.496218e-02  1.000000e-50  8.320726e-03 
4.403541e-02  2.889096e-02  1.293103e-01  4.659832e-02  5.941286e-02  1.258155e-02  3.844362e-02  9.645853e-02  3.937558e-02  1.055452e-01  1.840634e-02  8.038211e-02  1.000000e-50  3.005592e-02  3.285182e-02  3.611370e-02  1.584343e-02  1.188257e-01  1.910531e-02  4.776328e-02 
5.565863e-02  2.040816e-02  1.530612e-02  3.849722e-02  4.128015e-02  3.710575e-03  6.493506e-03  1.382189e-01  4.035250e-02  1.604824e-01  2.782931e-02  1.205937e-02  8.256030e-02  2.087199e-02  3.525046e-02  1.484230e-02  5.473098e-02  1.989796e-01  2.040816e-02  1.205937e-02 
1.095718e-01  4.471033e-02  3.463476e-02  4.534005e-02  5.289673e-02  7.871537e-02  9.445844e-03  1.000000e-50  1.763224e-02  7.619647e-02  1.700252e-02  3.463476e-02  1.763224e-01  3.274559e-02  3.589421e-02  6.675063e-02  8.690176e-02  2.015113e-02  1.763224e-02  4.282116e-02 
5.590851e-02  8.531494e-03  1.051007e-01  7.696497e-02  2.450535e-02  1.978581e-02  2.777274e-02  3.321837e-02  1.154474e-01  8.132147e-02  1.179887e-02  2.958795e-02  1.000000e-50  5.028136e-02  7.170085e-02  8.349973e-02  1.125431e-01  5.155201e-02  1.397713e-02  2.650209e-02 
3.674303e-02  7.031073e-03  1.862100e-01  5.443411e-02  4.468133e-02  4.490814e-02  4.127920e-02  1.496938e-02  5.193922e-02  6.464051e-02  1.678385e-02  1.349512e-01  1.000000e-50  5.125879e-02  4.558857e-02  4.876389e-02  6.078476e-02  1.723747e-02  2.562939e-02  5.216602e-02 
1.100511e-01  1.788756e-02  5.127768e-02  1.064736e-01  2.964225e-02  2.078365e-02  1.396934e-02  5.144804e-02  9.795571e-02  1.168654e-01  2.742760e-02  4.310051e-02  1.000000e-50  5.741056e-02  8.040886e-02  5.451448e-02  3.901193e-02  4.565588e-02  1.124361e-02  2.487223e-02 
9.006085e-02  1.115619e-02  8.164300e-02  1.410751e-01  3.326572e-02  4.756592e-02  2.444219e-02  3.823529e-02  6.176471e-02  7.657201e-02  2.616633e-02  4.533469e-02  2.129817e-03  5.740365e-02  5.162272e-02  5.720081e-02  4.492901e-02  5.993915e-02  1.643002e-02  3.306288e-02 
8.377425e-03  1.000000e-50  1.499118e-02  3.086420e-03  4.409171e-03  9.294533e-01  6.613757e-03  1.000000e-50  3.968254e-03  1.000000e-50  2.204586e-03  1.763668e-03  3.968254e-03  1.763668e-03  1.763668e-03  8.818342e-03  4.850088e-03  2.204586e-03  1.000000e-50  1.763668e-03 
1.168313e-01  1.281782e-02  8.867409e-02  1.128388e-01  2.185333e-02  5.106115e-02  3.067871e-02  2.038243e-02  8.237025e-02  4.980038e-02  1.281782e-02  4.433705e-02  2.353436e-02  4.727884e-02  5.379281e-02  1.283883e-01  4.832948e-02  1.891154e-02  1.702038e-02  1.828115e-02 
8.860759e-02  1.000000e-50  5.063291e-02  1.000000e-50  2.531646e-02  7.594937e-02  3.797468e-02  1.000000e-50  1.265823e-01  1.000000e-50  1.000000e-50  1.139241e-01  1.000000e-50  1.000000e-50  1.000000e-50  3.037975e-01  7.594937e-02  1.012658e-01  1.000000e-50  1.000000e-50 
6.414219e-02  1.004637e-02  5.100464e-02  4.791345e-02  2.627512e-02  2.318393e-02  1.931994e-02  1.058733e-01  6.027821e-02  1.576507e-01  2.086553e-02  3.013910e-02  1.000000e-50  2.936631e-02  4.714065e-02  5.332303e-02  6.800618e-02  1.576507e-01  9.273570e-03  1.854714e-02 
7.357860e-02  2.625418e-02  2.508361e-02  4.147157e-02  8.862876e-02  4.230769e-02  2.290970e-02  6.237458e-02  5.183946e-02  1.543478e-01  2.040134e-02  2.692308e-02  5.016722e-04  3.043478e-02  5.267559e-02  4.899666e-02  5.234114e-02  7.073579e-02  3.076923e-02  7.742475e-02 
2.330174e-02  4.245656e-02  3.054897e-01  4.699842e-02  1.481043e-02  4.344392e-03  3.317536e-02  1.954976e-02  4.522117e-02  2.744866e-02  5.331754e-03  1.836493e-01  2.310427e-02  2.093207e-02  3.179305e-02  9.794629e-02  1.560032e-02  1.895735e-02  1.105845e-02  2.883096e-02 
4.218519e-03  1.476482e-03  6.960557e-03  5.062223e-03  8.437039e-03  9.238557e-01  4.640371e-03  1.000000e-50  5.905927e-03  4.007593e-03  4.218519e-03  1.624130e-02  1.000000e-50  2.109260e-04  2.109260e-03  3.374815e-03  3.585741e-03  1.000000e-50  2.109260e-03  3.585741e-03 
7.014809e-02  1.325019e-02  5.767732e-02  5.767732e-02  3.819174e-02  8.106002e-02  5.378020e-02  5.300078e-02  7.950117e-02  6.079501e-02  1.000000e-50  3.429462e-02  2.572097e-02  3.117693e-02  5.300078e-02  8.573655e-02  7.092751e-02  8.807482e-02  1.402962e-02  3.195635e-02 
6.216769e-02  1.871166e-02  3.578732e-03  4.877301e-02  6.247444e-02  6.032720e-03  2.085890e-02  1.115542e-01  3.732106e-02  6.247444e-02  2.822086e-02  1.032720e-02  1.000000e-50  3.179959e-02  6.196319e-02  4.805726e-02  9.856851e-02  2.033742e-01  1.595092e-02  6.779141e-02 
4.415502e-02  1.588310e-03  1.556544e-02  3.780178e-02  5.559085e-03  1.445362e-02  6.512071e-03  1.000000e-50  3.526048e-02  6.512071e-03  2.541296e-03  2.700127e-03  7.546061e-01  1.111817e-02  2.588945e-02  2.382465e-02  2.382465e-03  8.735705e-03  1.000000e-50  7.941550e-04 
1.443756e-01  1.505757e-02  2.745793e-02  6.643047e-02  2.878654e-02  3.100089e-02  2.435784e-02  1.727192e-02  7.573074e-02  1.749336e-01  4.030115e-02  6.510186e-02  1.000000e-50  4.605846e-02  6.908769e-02  6.554473e-02  4.162976e-02  2.391497e-02  7.528787e-03  3.542958e-02 
6.896552e-02  1.000000e-50  3.201970e-02  7.635468e-02  1.000000e-50  1.206897e-01  4.187192e-02  1.000000e-50  1.157635e-01  5.418719e-02  3.201970e-02  1.724138e-02  2.635468e-01  3.940887e-02  1.000000e-50  3.448276e-02  7.389163e-02  1.000000e-50  1.000000e-50  2.955665e-02 
4.223410e-02  2.878814e-02  9.394932e-02  4.051026e-02  5.516290e-02  5.516290e-02  3.361489e-02  2.930529e-02  5.671436e-02  7.257369e-02  2.258231e-02  1.111877e-01  1.000000e-50  3.637304e-02  5.171522e-02  6.964316e-02  1.235994e-01  3.861403e-02  1.000000e-50  3.826926e-02 
1.817391e-01  2.369565e-02  3.347826e-02  5.521739e-02  9.847826e-02  1.236957e-01  3.152174e-02  5.652174e-03  4.782609e-02  3.978261e-02  2.521739e-02  2.239130e-02  1.000000e-50  3.391304e-02  5.347826e-02  1.080435e-01  2.282609e-02  1.000000e-50  2.608696e-02  6.695652e-02 
6.935123e-02  5.011186e-02  4.787472e-02  8.859060e-02  4.519016e-02  4.653244e-02  2.058166e-02  6.308725e-02  7.248322e-02  1.064877e-01  3.624161e-02  3.445190e-02  1.000000e-50  3.892617e-02  4.250559e-02  4.921700e-02  5.413870e-02  6.577181e-02  1.923937e-02  4.921700e-02 
8.402822e-02  1.090443e-02  1.334189e-01  5.323926e-02  2.950609e-02  5.452213e-02  2.886466e-02  1.218730e-02  1.000000e-50  6.414368e-02  2.245029e-02  1.096857e-01  2.161642e-01  3.078897e-02  5.131495e-02  4.297627e-02  1.860167e-02  1.347017e-02  5.772931e-03  1.796023e-02 
3.355511e-02  1.774178e-02  1.000000e-50  6.228908e-02  5.823932e-02  5.688940e-03  1.581333e-02  1.472375e-01  8.533410e-02  1.475268e-01  2.497348e-02  1.504194e-02  1.000000e-50  4.965770e-02  4.695786e-02  1.292064e-02  6.508533e-02  1.585189e-01  1.417414e-02  3.924405e-02 
1.087130e-01  1.092459e-02  2.611244e-02  6.874500e-02  4.263256e-02  3.783640e-02  2.371436e-02  6.448175e-02  7.407407e-02  1.452172e-01  2.478018e-02  1.945111e-02  1.811884e-02  3.890221e-02  5.888622e-02  3.250733e-02  3.970157e-02  7.247535e-02  3.037570e-02  6.235012e-02 
4.360372e-02  2.436678e-02  2.789356e-02  6.123758e-02  7.919205e-02  1.474832e-02  4.873357e-02  5.258096e-02  6.027573e-02  1.330555e-01  2.725232e-02  5.482526e-02  1.000000e-50  3.366464e-02  4.424495e-02  5.803142e-02  9.169606e-02  5.963450e-02  1.603078e-02  6.893235e-02 
1.488470e-01  1.013277e-02  5.345912e-02  8.211041e-02  3.563941e-02  4.647100e-02  2.760307e-02  4.262753e-02  7.127883e-02  1.149546e-01  3.214535e-02  2.201258e-02  4.192872e-03  4.647100e-02  4.682041e-02  4.542278e-02  4.437456e-02  7.127883e-02  1.851852e-02  3.563941e-02 
8.127430e-02  2.470839e-02  2.044400e-02  7.124044e-02  6.509469e-02  1.254233e-03  4.565408e-02  3.825411e-02  7.475229e-02  4.452527e-02  2.194908e-02  2.934905e-02  1.000000e-50  5.167440e-02  7.575568e-02  9.494544e-02  9.055563e-02  8.716920e-02  1.981688e-02  6.158284e-02 
9.968568e-02  1.347104e-02  4.041311e-02  9.384823e-02  4.804670e-02  4.849573e-02  1.526718e-02  1.014818e-01  6.241581e-02  1.526718e-01  2.334980e-02  2.155366e-02  5.388415e-03  5.792546e-02  6.061967e-02  3.592277e-02  3.771890e-02  8.172429e-02  1.000000e-50  1.000000e-50 
4.292035e-02  1.902655e-02  1.725664e-02  6.592920e-02  5.796460e-02  1.000000e-50  4.247788e-02  1.336283e-01  7.389381e-02  1.146018e-01  2.389381e-02  1.991150e-02  1.000000e-50  5.752212e-02  5.309735e-02  4.380531e-02  2.787611e-02  1.296460e-01  1.000000e-50  7.654867e-02 
7.663230e-02  8.247423e-03  2.783505e-02  4.914089e-02  1.993127e-02  1.512027e-02  5.841924e-03  3.814433e-02  5.532646e-02  3.848797e-02  5.154639e-03  1.340206e-02  4.357388e-01  1.237113e-02  4.467354e-02  6.563574e-02  1.580756e-02  3.951890e-02  1.580756e-02  1.718213e-02 
3.300077e-02  1.227936e-02  4.297774e-02  4.451266e-02  8.442057e-03  6.339217e-01  1.000000e-50  1.227936e-02  3.453569e-02  2.302379e-02  5.372218e-03  2.225633e-02  1.000000e-50  1.381427e-02  2.609363e-02  4.988488e-02  1.534919e-02  9.976976e-03  3.837299e-03  8.442057e-03 
1.730532e-02  1.050680e-02  1.588381e-01  2.286774e-02  1.000000e-50  8.776267e-02  1.174289e-02  1.000000e-50  2.472188e-02  1.236094e-02  1.000000e-50  7.972806e-02  1.000000e-50  1.000000e-50  1.977750e-02  2.972806e-01  2.571075e-01  1.000000e-50  1.000000e-50  1.000000e-50 
4.818325e-02  1.395471e-02  1.313849e-01  5.186940e-02  2.580305e-02  1.045287e-01  3.633491e-02  1.053186e-03  9.373354e-02  2.738283e-02  1.448131e-02  2.477620e-01  1.000000e-50  5.318589e-02  6.134808e-02  4.791996e-02  2.632965e-03  2.632965e-03  1.053186e-02  2.527646e-02 
1.926127e-02  1.336959e-02  1.302969e-01  7.251303e-03  1.000000e-50  2.667120e-01  1.654203e-02  1.000000e-50  1.000000e-50  1.200997e-02  5.438477e-03  9.245411e-02  1.000000e-50  1.019714e-02  1.359619e-02  2.023567e-01  2.028099e-01  1.000000e-50  1.000000e-50  7.704509e-03 
7.394366e-02  2.200704e-02  8.714789e-02  6.954225e-02  2.640845e-02  1.487676e-01  5.281690e-02  2.992958e-02  6.602113e-02  6.602113e-02  1.496479e-02  8.362676e-02  1.000000e-50  3.257042e-02  4.841549e-02  6.778169e-02  5.457746e-02  2.728873e-02  7.922535e-03  2.024648e-02 
6.379480e-02  2.400526e-02  1.506084e-01  4.603749e-02  5.458731e-02  1.611312e-02  6.182177e-02  2.466294e-02  5.097008e-02  4.866820e-02  2.038803e-02  1.525814e-01  1.000000e-50  3.091088e-02  5.919106e-02  5.261427e-02  3.715883e-02  3.091088e-02  2.005919e-02  5.491615e-02 
2.450495e-02  1.237624e-02  6.930693e-03  2.957921e-02  4.405941e-02  6.435644e-03  1.423267e-02  2.069307e-01  2.982673e-02  1.528465e-01  1.992574e-02  1.237624e-02  1.000000e-50  1.559406e-02  3.217822e-02  1.485149e-02  8.094059e-02  2.502475e-01  1.423267e-02  3.193069e-02 
1.584940e-01  2.287027e-02  5.962249e-02  6.611405e-02  4.394287e-02  3.854989e-02  2.376910e-02  2.806352e-02  5.862379e-02  1.040647e-01  2.866274e-02  2.846300e-02  9.987017e-05  4.054729e-02  5.293119e-02  8.558873e-02  5.542794e-02  4.384300e-02  1.917507e-02  4.114651e-02 
1.613838e-01  1.281471e-02  4.396848e-02  8.363521e-02  3.214997e-02  3.314617e-02  1.634668e-02  5.202862e-02  7.552980e-02  1.387430e-01  3.083680e-02  3.368955e-02  1.811266e-04  5.008151e-02  7.041297e-02  3.640645e-02  3.006702e-02  5.755298e-02  1.516935e-02  2.585582e-02 
8.452677e-02  9.184309e-03  6.008717e-02  9.666874e-02  2.101494e-02  3.642590e-02  1.899128e-02  4.389788e-02  4.483188e-02  6.537983e-02  1.494396e-02  2.350560e-02  2.219801e-01  3.689290e-02  4.389788e-02  5.214819e-02  3.206725e-02  5.028020e-02  1.774595e-02  2.552927e-02 
9.556042e-02  1.254231e-02  3.762692e-02  7.897007e-02  5.760170e-02  2.561550e-02  2.289468e-02  9.874577e-02  5.760170e-02  1.197160e-01  2.886721e-02  1.685580e-02  1.000000e-50  4.559028e-02  5.388546e-02  3.384432e-02  5.388546e-02  9.682129e-02  1.479859e-02  4.857655e-02 
1.701445e-01  1.000000e-50  4.534510e-02  9.430177e-02  1.926164e-02  2.989567e-02  1.003210e-02  3.852327e-02  9.771268e-02  1.400482e-01  3.109952e-02  4.113162e-02  1.000000e-50  5.738363e-02  8.005618e-02  6.059390e-02  2.126806e-02  3.370787e-02  8.828250e-03  2.066613e-02 
1.000000e-50  1.000000e-50  5.166846e-02  5.059203e-02  1.000000e-50  1.506997e-02  3.013994e-02  1.000000e-50  1.291712e-01  4.628633e-02  1.000000e-50  1.184069e-02  4.962325e-01  1.000000e-50  6.243272e-02  6.135630e-02  1.000000e-50  1.000000e-50  2.691066e-02  1.829925e-02 
7.988760e-02  1.445203e-02  8.671216e-02  1.521477e-01  2.810116e-02  4.777198e-02  1.000000e-50  3.773585e-02  8.791650e-02  8.350060e-02  1.000000e-50  4.335608e-02  3.813729e-02  2.609394e-02  6.142112e-02  6.583701e-02  5.379366e-02  4.616620e-02  2.127660e-02  2.569249e-02 
4.185551e-02  1.999467e-02  3.092509e-02  7.064783e-02  3.732338e-02  2.052786e-02  2.505998e-02  8.984271e-02  1.069048e-01  8.557718e-02  1.439616e-02  3.412423e-02  1.000000e-50  4.878699e-02  7.171421e-02  4.105572e-02  8.291122e-02  1.210344e-01  1.492935e-02  4.238870e-02 
2.321205e-02  3.764115e-03  2.697616e-02  1.317440e-02  5.646173e-03  8.149310e-01  4.391468e-03  1.254705e-03  1.568381e-02  9.410289e-03  3.136763e-03  2.007528e-02  1.000000e-50  8.155583e-03  7.528231e-03  3.324969e-02  1.000000e-50  1.882058e-03  2.509410e-03  5.018821e-03 


#DOUBLE_50x3_DISCRETE_SS_EMISSION
1.000000e-50  1.000000e-50  1.000000e+00 
1.000000e-50  9.600000e-01  4.000000e-02 
2.665651e-03  3.008378e-02  9.672506e-01 
1.000000e-50  1.000000e+00  1.000000e-50 
1.000000e-50  1.000000e+00  1.000000e-50 
1.000000e-50  9.771138e-01  2.288620e-02 
1.000000e-50  3.812636e-03  9.961874e-01 
1.000000e-50  3.600360e-03  9.963996e-01 
1.000000e+00  1.000000e-50  1.000000e-50 
1.000000e+00  1.000000e-50  1.000000e-50 
1.000000e-50  3.104661e-01  6.895339e-01 
1.000000e-50  1.268499e-03  9.987315e-01 
9.090909e-02  1.000000e-50  9.090909e-01 
1.000000e-50  9.914927e-01  8.507347e-03 
1.000000e-50  1.000000e+00  1.000000e-50 
1.587302e-03  1.000000e-50  9.984127e-01 
1.000000e-50  5.696203e-03  9.943038e-01 
1.000000e-50  1.000000e-50  1.000000e+00 
1.000000e-50  1.000000e+00  1.000000e-50 
1.000000e-50  1.000000e-50  1.000000e+00 
2.560322e-01  1.000000e-50  7.439678e-01 
1.000000e-50  1.891253e-02  9.810875e-01 
1.000000e-50  8.248840e-03  9.917512e-01 
1.000000e-50  1.000000e+00  1.000000e-50 
1.878678e-01  1.000000e-50  8.121322e-01 
3.831418e-03  2.490421e-02  9.712644e-01 
3.849856e-04  1.000000e-50  9.996150e-01 
9.994702e-01  1.000000e-50  5.298013e-04 
1.000000e+00  1.000000e-50  1.000000e-50 
1.000000e-50  1.000000e-50  1.000000e+00 
1.000000e-50  1.000000e-50  1.000000e+00 
1.000000e+00  1.000000e-50  1.000000e-50 
1.000000e-50  1.000000e+00  1.000000e-50 
1.000000e-50  1.359157e-03  9.986408e-01 
1.383551e-02  1.000000e-50  9.861645e-01 
1.000000e-50  1.000000e-50  1.000000e+00 
1.000000e-50  3.581775e-02  9.641822e-01 
1.000000e-50  1.000000e-50  1.000000e+00 
1.327434e-02  3.451327e-02  9.522124e-01 
4.575163e-03  2.058824e-02  9.748366e-01 
1.000000e-50  1.000000e+00  1.000000e-50 
1.000000e-50  4.071904e-03  9.959281e-01 
1.000000e+00  1.000000e-50  1.000000e-50 
1.000000e+00  1.000000e-50  1.000000e-50 
1.000000e+00  1.000000e-50  1.000000e-50 
1.000000e+00  1.000000e-50  1.000000e-50 
1.000000e-50  1.000000e+00  1.000000e-50 
1.000000e-50  1.000000e-50  1.000000e+00 
1.000000e-50  1.000000e+00  1.000000e-50 
4.946775e-02  4.132749e-02  9.092048e-01 


#DOUBLE_50x2_DISCRETE_CIS_EMISSION
1.000000e+00  1.000000e-50 
1.000000e+00  1.000000e-50 
9.427711e-01  5.722892e-02 
1.000000e+00  1.000000e-50 
1.000000e+00  1.000000e-50 
9.948849e-01  5.115090e-03 
9.978174e-01  2.182612e-03 
1.000000e+00  1.000000e-50 
1.000000e+00  1.000000e-50 
1.000000e+00  1.000000e-50 
1.000000e+00  1.000000e-50 
1.000000e+00  1.000000e-50 
1.000000e+00  1.000000e-50 
1.000000e+00  1.000000e-50 
1.000000e+00  1.000000e-50 
9.978239e-01  2.176063e-03 
1.000000e+00  1.000000e-50 
1.000000e+00  1.000000e-50 
1.000000e+00  1.000000e-50 
9.505171e-01  4.948290e-02 
1.000000e+00  1.000000e-50 
1.000000e+00  1.000000e-50 
1.000000e+00  1.000000e-50 
1.000000e+00  1.000000e-50 
1.000000e+00  1.000000e-50 
1.000000e+00  1.000000e-50 
1.000000e+00  1.000000e-50 
1.000000e+00  1.000000e-50 
1.000000e+00  1.000000e-50 
1.000000e+00  1.000000e-50 
9.978665e-01  2.133534e-03 
1.000000e+00  1.000000e-50 
1.000000e+00  1.000000e-50 
1.000000e+00  1.000000e-50 
1.000000e+00  1.000000e-50 
1.000000e+00  1.000000e-50 
1.000000e+00  1.000000e-50 
1.000000e+00  1.000000e-50 
9.947043e-01  5.295675e-03 
1.000000e+00  1.000000e-50 
1.000000e+00  1.000000e-50 
1.000000e+00  1.000000e-50 
1.000000e+00  1.000000e-50 
1.000000e+00  1.000000e-50 
1.000000e+00  1.000000e-50 
1.000000e+00  1.000000e-50 
9.968288e-01  3.171247e-03 
1.000000e+00  1.000000e-50 
9.989322e-01  1.067806e-03 
1.000000e+00  1.000000e-50 


#DOUBLE_50x3_TORUS_TORUS_KAPPA
1.118235e+02  1.065870e+02  4.096493e+01 
1.098238e+01  9.583373e+00  5.849503e-01 
5.116437e+01  3.329620e+01  1.548107e+01 
7.865055e+00  9.644433e+00  -4.450814e+00 
1.921253e+01  1.577783e+01  -1.214079e+01 
2.842010e+01  2.544945e+01  6.925396e+00 
1.914511e+01  2.345557e+01  6.484984e+00 
5.612362e+01  5.849919e+01  1.910205e+01 
3.627568e+01  2.062861e+01  1.026602e+00 
1.200630e+02  1.041079e+02  2.901260e+01 
2.016859e+00  4.047858e+00  -1.072600e+00 
2.298211e+02  1.392607e+02  6.963620e+01 
1.493266e+01  3.146481e+00  -1.497875e-01 
1.585288e+01  1.499006e+01  3.882973e+00 
3.053007e+01  3.718993e+01  9.876570e+00 
7.260677e+00  6.582748e+00  -2.691047e+00 
4.466650e+01  3.428000e+01  1.413000e+01 
5.568729e+00  5.316581e+00  9.980589e-01 
4.301413e+01  2.361447e+01  5.962193e+00 
5.983220e+01  3.777872e+01  1.562590e+01 
7.509476e+01  6.823268e+01  2.575176e+01 
9.645075e+00  5.267820e+00  1.949294e+00 
1.233830e+01  9.681339e+00  1.035354e+00 
3.399173e+01  2.378189e+01  6.644374e+00 
5.250402e+00  4.012010e+00  -2.555234e-01 
4.809932e+01  1.052829e+01  8.819005e-03 
9.001833e+00  8.545011e+00  1.824033e-01 
5.365180e+01  3.981920e+01  1.010606e+01 
2.206538e+01  2.503887e+01  7.438191e+00 
9.183407e+01  7.401864e+01  2.683991e+01 
1.004122e+01  1.242528e+01  6.502609e-01 
6.511230e+01  8.595211e+01  2.321912e+01 
2.530514e+01  2.290320e+01  4.090832e+00 
1.995847e+02  1.256115e+02  6.292810e+01 
2.360438e+00  1.842381e+00  -1.208100e+00 
5.580202e+01  6.525590e+01  1.898709e+01 
1.290239e+02  6.653397e+01  3.497679e+01 
3.011201e+00  8.522356e+00  -1.336523e+00 
9.011236e+00  2.778412e+00  -1.215632e-01 
1.311257e+01  8.423295e+00  9.948304e-01 
3.946290e+01  5.816988e+01  7.813987e+00 
4.669638e+01  3.929102e+01  1.357589e+01 
5.239743e+02  4.205751e+02  1.812942e+02 
1.748800e+02  1.206119e+02  5.445246e+01 
3.995451e+02  3.450775e+02  1.347404e+02 
2.234603e+02  1.405688e+02  6.273479e+01 
5.156049e+01  4.749315e+01  8.696892e+00 
1.382257e+01  1.071298e+01  2.282108e+00 
8.519081e+00  1.028415e+01  5.746970e-01 
3.792800e+01  2.116763e+01  1.128162e+01 


#DOUBLE_50x2_TORUS_TORUS_MU
-1.412675e+00  -2.143063e-01 
-2.422633e+00  2.791643e+00 
-1.251155e+00  -3.163699e-01 
-1.754000e+00  1.989464e+00 
-1.395257e+00  2.181934e+00 
-1.361519e+00  2.609174e+00 
-1.554016e+00  -4.611202e-01 
-1.697853e+00  1.069681e-01 
-1.294893e+00  -5.837961e-01 
-1.166368e+00  -6.675016e-01 
2.497644e+00  -3.045025e+00 
-1.141034e+00  -3.106012e-01 
-3.038531e+00  -4.516641e-01 
-1.675781e+00  -5.388987e-01 
-1.866667e+00  2.493723e+00 
-1.460164e+00  2.052977e+00 
1.469398e+00  9.841136e-02 
-2.006755e+00  -1.148883e+00 
-2.308860e+00  2.492753e+00 
-1.138126e+00  2.577439e+00 
-1.535404e+00  -1.009468e-03 
-1.075903e+00  2.416165e+00 
-1.952518e+00  2.432962e-01 
-2.710973e+00  2.729986e+00 
-1.632444e+00  -5.632905e-01 
-1.433092e+00  1.210390e+00 
-1.691166e+00  2.343616e+00 
-9.251007e-01  -7.953917e-01 
-1.654634e+00  -3.888117e-01 
-1.012803e+00  -6.262218e-01 
-2.402746e+00  2.665573e+00 
-1.116896e+00  -9.515523e-01 
-2.303558e+00  2.106004e+00 
-1.001935e+00  -5.003752e-01 
1.778300e+00  -3.876765e-01 
-1.378587e+00  2.891961e+00 
9.903755e-01  6.684653e-01 
-2.064322e+00  3.032756e+00 
1.020559e+00  1.241119e+00 
-2.363781e+00  1.426542e+00 
-1.975624e+00  2.188271e+00 
-1.181181e+00  2.499947e+00 
-1.079068e+00  -7.223917e-01 
-1.013003e+00  -6.440897e-01 
-1.134484e+00  -7.831888e-01 
-1.090578e+00  -5.455262e-01 
-1.193595e+00  2.442009e+00 
-1.184041e+00  -6.381091e-01 
-1.877899e+00  2.360249e+00 
1.237278e+00  -2.676683e+00 


