#DOUBLE_1x30_DISCRETE_HIDDEN_START
3.176796e-02  1.000000e-50  2.486188e-02  1.312155e-02  1.000000e-50  1.000000e-50  1.000000e-50  1.000000e-50  2.624309e-02  9.668508e-02  1.000000e-50  6.767956e-02  1.000000e-50  2.002762e-02  1.464088e-01  1.243094e-02  7.527624e-02  6.906077e-03  6.215470e-02  5.662983e-02  1.312155e-02  2.417127e-02  7.527624e-02  5.248619e-02  3.038674e-02  2.279006e-02  1.000000e-50  1.070442e-01  2.900552e-02  5.524862e-03  

#DOUBLE_30x30_DISCRETE_HIDDEN_TRANSITION
4.748874e-01  1.550653e-02  1.909811e-02  1.767288e-03  4.674762e-03  1.000000e-50  1.881307e-03  1.000000e-50  1.906961e-01  1.356821e-02  1.000000e-50  4.104669e-03  1.000000e-50  1.000000e-50  1.385326e-02  2.964483e-03  1.852802e-02  1.000000e-50  5.985976e-03  2.747848e-02  1.425232e-03  6.955134e-03  1.782110e-01  1.000000e-50  4.959808e-03  3.192520e-03  1.000000e-50  9.463543e-03  1.000000e-50  7.981301e-04 
1.398601e-02  6.102988e-02  3.496503e-03  1.271456e-02  1.000000e-50  1.000000e-50  6.675143e-03  1.000000e-50  6.993007e-03  1.000000e-50  1.000000e-50  2.670057e-02  1.000000e-50  1.013986e-01  2.202797e-01  1.000000e-50  3.719008e-02  1.000000e-50  5.212969e-02  3.877940e-02  1.843611e-02  1.000000e-50  6.516211e-02  2.034329e-02  2.892562e-02  1.000000e-50  2.479339e-02  1.039415e-01  8.900191e-03  1.481246e-01 
4.157950e-02  6.276151e-03  4.314854e-02  7.609833e-02  1.046025e-03  1.000000e-50  2.118201e-02  1.000000e-50  5.203975e-02  6.066946e-02  1.000000e-50  5.203975e-02  1.000000e-50  6.903766e-02  6.982218e-02  3.556485e-02  6.877615e-02  1.699791e-02  5.439331e-02  4.968619e-02  5.779289e-02  1.098326e-02  6.354603e-02  3.948745e-02  1.987448e-02  1.699791e-02  1.000000e-50  5.465481e-02  1.202929e-02  6.276151e-03 
1.886076e-02  1.297468e-01  3.316456e-02  1.000000e-50  1.000000e-50  1.000000e-50  1.000000e-50  1.000000e-50  1.936709e-02  1.000000e-50  1.000000e-50  4.582278e-02  6.202532e-03  5.632911e-02  1.196203e-01  1.000000e-50  4.734177e-02  3.481013e-02  1.000000e-50  2.291139e-02  3.658228e-02  1.050633e-02  7.088608e-03  2.139241e-02  4.329114e-02  9.620253e-03  1.000000e-50  1.712658e-01  1.000000e-50  1.660759e-01 
4.715673e-02  1.000000e-50  5.270458e-02  1.000000e-50  3.675451e-02  1.000000e-50  6.636616e-01  1.000000e-50  3.952843e-02  1.000000e-50  1.000000e-50  1.000000e-50  1.000000e-50  1.000000e-50  1.000000e-50  1.000000e-50  3.467406e-03  1.000000e-50  1.000000e-50  1.000000e-50  1.000000e-50  1.000000e-50  1.477115e-01  1.000000e-50  1.000000e-50  9.015257e-03  1.000000e-50  1.000000e-50  1.000000e-50  1.000000e-50 
1.039038e-03  1.024195e-02  6.679531e-03  1.276533e-02  1.000000e-50  1.404186e-01  1.000000e-50  1.370046e-01  1.000000e-50  1.000000e-50  4.157637e-01  1.439810e-02  1.000000e-50  1.000000e-50  1.000000e-50  1.000000e-50  5.120974e-02  7.495918e-02  1.000000e-50  5.343625e-03  5.046757e-03  1.000000e-50  8.906041e-04  1.000000e-50  1.098412e-02  6.085795e-03  1.000000e-50  3.057741e-02  2.909307e-02  4.749889e-02 
1.744613e-01  1.000000e-50  3.988996e-02  3.209537e-03  7.565337e-03  1.000000e-50  1.256304e-01  1.000000e-50  1.315910e-01  1.352591e-02  1.000000e-50  9.628611e-03  1.000000e-50  1.513067e-02  1.375516e-02  8.253095e-03  1.146263e-02  1.000000e-50  1.673544e-02  1.994498e-02  3.209537e-03  1.604768e-02  3.551123e-01  1.000000e-50  5.731316e-03  1.283815e-02  1.123338e-02  5.043558e-03  1.000000e-50  1.000000e-50 
1.000000e-50  1.000000e-50  1.000000e-50  3.756752e-01  1.000000e-50  5.038182e-01  1.000000e-50  1.000000e-50  1.000000e-50  1.000000e-50  1.000000e-50  1.000000e-50  1.000000e-50  1.000000e-50  1.000000e-50  1.000000e-50  1.000000e-50  1.000000e-50  1.000000e-50  1.000000e-50  1.000000e-50  1.000000e-50  1.000000e-50  1.000000e-50  1.000000e-50  1.000000e-50  1.205066e-01  1.000000e-50  1.000000e-50  1.000000e-50 
1.746203e-01  1.000000e-50  7.654587e-03  7.056572e-03  1.355101e-01  1.000000e-50  3.384763e-02  1.000000e-50  6.637962e-02  9.568233e-04  1.000000e-50  2.284416e-02  1.000000e-50  3.946896e-02  5.800742e-02  5.023323e-03  3.851214e-02  1.000000e-50  1.602679e-02  3.707690e-02  4.628633e-02  2.918311e-02  1.947136e-01  1.662481e-02  1.172109e-02  1.184069e-02  1.000000e-50  4.389427e-02  1.000000e-50  2.750867e-03 
4.596953e-02  2.891001e-02  1.940357e-02  1.000000e-50  1.000000e-50  1.000000e-50  1.406433e-02  1.000000e-50  1.419456e-02  8.451621e-02  1.000000e-50  2.526371e-02  1.000000e-50  3.086339e-02  1.070452e-01  1.328298e-02  3.398880e-02  2.018492e-02  4.440682e-02  3.672353e-02  8.529756e-02  5.117854e-02  3.333767e-02  8.412554e-02  1.289230e-02  1.849199e-02  1.000000e-50  1.143378e-01  1.000000e-50  8.152103e-02 
1.000000e-50  5.469716e-02  6.644005e-02  1.297899e-02  1.000000e-50  1.000000e-50  1.000000e-50  2.626700e-02  1.000000e-50  1.000000e-50  1.270087e-01  1.551298e-01  1.000000e-50  1.000000e-50  7.045735e-02  1.000000e-50  8.189122e-02  8.158220e-02  1.606922e-02  2.873918e-02  4.419036e-02  1.000000e-50  1.000000e-50  1.205192e-02  2.719407e-02  2.533993e-02  1.143387e-02  7.540173e-02  1.699629e-02  6.613103e-02 
1.208014e-02  3.241014e-03  4.301709e-02  4.095463e-02  1.000000e-50  8.691809e-03  1.208014e-02  1.000000e-50  7.955215e-03  1.281674e-02  1.000000e-50  1.786977e-01  1.000000e-50  6.275781e-02  7.586918e-02  1.679434e-02  1.377431e-01  5.951679e-02  7.012375e-02  4.920448e-02  3.241014e-02  2.563347e-02  1.826753e-02  1.266942e-02  1.296405e-02  4.434296e-02  4.419564e-03  4.080731e-02  1.000000e-50  1.694166e-02 
1.000000e-50  1.000000e-50  1.000000e-50  1.000000e-50  1.000000e-50  4.447002e-02  1.000000e-50  1.170870e-01  1.000000e-50  1.000000e-50  1.000000e-50  1.000000e-50  7.871019e-01  1.000000e-50  1.000000e-50  1.000000e-50  1.000000e-50  5.266646e-03  1.000000e-50  1.000000e-50  1.000000e-50  1.000000e-50  1.000000e-50  1.000000e-50  1.000000e-50  1.000000e-50  1.534652e-03  1.000000e-50  4.453978e-02  1.000000e-50 
2.403242e-02  2.948163e-02  4.345396e-02  6.287551e-03  1.000000e-50  1.000000e-50  4.010060e-02  1.000000e-50  4.610870e-03  1.000000e-50  1.000000e-50  3.087886e-02  8.383401e-03  3.562945e-02  1.126170e-01  1.000000e-50  3.548973e-02  1.000000e-50  1.455917e-01  8.816543e-02  3.521028e-02  1.000000e-50  7.028084e-02  2.976107e-02  5.938242e-02  8.523124e-03  1.998044e-02  1.189046e-01  1.000000e-50  5.323460e-02 
4.225938e-02  1.489061e-02  2.146244e-02  1.000000e-50  1.000000e-50  1.000000e-50  2.162882e-03  1.000000e-50  3.859912e-02  2.310124e-01  1.000000e-50  3.119541e-02  1.000000e-50  5.132684e-02  1.603860e-01  1.000000e-50  5.290741e-02  1.000000e-50  4.916396e-02  9.183928e-02  1.000000e-50  4.117794e-02  3.477248e-02  1.000000e-50  5.407204e-02  8.817902e-03  1.000000e-50  6.937859e-02  1.000000e-50  4.575327e-03 
1.000000e-50  1.675978e-02  3.724395e-02  1.606145e-01  1.000000e-50  1.000000e-50  1.000000e-50  1.000000e-50  1.024209e-02  1.000000e-50  1.000000e-50  1.610801e-01  1.000000e-50  2.253259e-01  4.888268e-02  1.000000e-50  5.214153e-02  1.000000e-50  8.752328e-02  3.631285e-02  5.586592e-03  3.212291e-02  1.489758e-02  2.188082e-02  3.445065e-02  3.724395e-03  1.000000e-50  4.702048e-02  1.000000e-50  4.189944e-03 
8.563018e-03  1.000000e-50  4.187851e-02  1.873160e-03  1.070377e-03  1.000000e-50  5.753278e-03  1.000000e-50  2.006957e-02  9.954509e-02  1.000000e-50  1.030238e-01  4.281509e-03  2.408349e-02  8.629917e-02  4.348408e-02  8.830613e-02  1.739363e-02  1.044956e-01  5.418785e-02  8.857372e-02  1.578807e-02  1.645705e-02  5.084292e-02  7.894033e-03  4.348408e-02  1.000000e-50  5.619481e-02  6.556061e-03  9.900990e-03 
1.000000e-50  1.000000e-50  1.000000e-50  1.000000e-50  1.000000e-50  4.865382e-02  1.000000e-50  8.582752e-02  1.000000e-50  1.000000e-50  1.284680e-02  1.000000e-50  1.000000e-50  1.000000e-50  1.000000e-50  1.000000e-50  1.462348e-02  5.410687e-01  1.000000e-50  1.000000e-50  8.200082e-04  1.000000e-50  1.000000e-50  2.961596e-01  1.000000e-50  1.000000e-50  1.000000e-50  1.000000e-50  1.000000e-50  1.000000e-50 
3.962738e-02  1.153334e-02  4.746414e-02  1.000000e-50  1.000000e-50  1.000000e-50  8.871802e-03  1.000000e-50  1.611711e-02  1.268668e-01  1.000000e-50  3.164276e-02  1.000000e-50  6.358125e-02  1.240574e-01  3.726157e-02  5.929321e-02  1.286411e-02  6.816502e-02  5.766672e-02  5.323081e-02  4.140174e-02  4.095815e-02  3.740943e-02  3.460003e-02  1.049830e-02  1.000000e-50  6.801715e-02  1.000000e-50  8.871802e-03 
1.264881e-02  7.142857e-03  3.154762e-02  3.467262e-02  1.000000e-50  1.785714e-03  8.482143e-03  1.000000e-50  8.928571e-03  4.776786e-02  1.000000e-50  5.178571e-02  2.961310e-02  2.931548e-02  3.050595e-02  2.500000e-02  4.851190e-02  2.053571e-02  5.610119e-02  3.883929e-02  8.556548e-02  3.005952e-02  4.077381e-02  1.376488e-01  5.803571e-03  1.726190e-02  9.151786e-02  8.214286e-02  2.604167e-02  1.000000e-50 
1.000000e-50  1.000000e-50  1.000000e-50  4.225574e-01  1.000000e-50  1.000000e-50  1.000000e-50  1.000000e-50  1.000000e-50  1.000000e-50  1.000000e-50  5.069286e-02  1.000000e-50  1.000000e-50  1.000000e-50  1.000000e-50  8.244168e-03  1.000000e-50  1.000000e-50  1.000000e-50  8.366953e-02  1.000000e-50  1.000000e-50  1.613752e-02  1.000000e-50  1.000000e-50  4.186985e-01  1.000000e-50  1.000000e-50  1.000000e-50 
2.239533e-02  1.557936e-02  2.823759e-02  2.271990e-03  1.000000e-50  1.000000e-50  1.000000e-50  1.000000e-50  1.000000e-50  1.000000e-50  1.000000e-50  7.075625e-02  1.000000e-50  1.000000e-50  1.278806e-01  1.298280e-02  1.171698e-01  1.000000e-50  2.297955e-01  6.264200e-02  1.882506e-02  2.109705e-02  1.174943e-01  1.000000e-50  6.361571e-02  1.071081e-02  6.718598e-02  1.000000e-50  1.000000e-50  1.135995e-02 
2.802628e-01  1.075126e-02  1.227767e-02  1.000000e-50  7.632068e-03  1.000000e-50  1.149456e-01  1.000000e-50  1.249005e-01  6.636581e-03  1.000000e-50  6.371118e-03  1.000000e-50  1.752057e-02  8.760287e-03  1.000000e-50  1.506504e-02  1.000000e-50  1.174675e-02  3.364746e-02  1.000000e-50  1.000000e-50  3.232679e-01  1.000000e-50  5.309265e-03  8.295726e-03  1.000000e-50  9.490311e-03  1.000000e-50  3.119193e-03 
1.000000e-50  1.000000e-50  1.000000e-50  1.000000e-50  1.000000e-50  1.055373e-01  1.000000e-50  1.000000e-50  1.000000e-50  1.000000e-50  1.000000e-50  1.000000e-50  1.000000e-50  1.000000e-50  1.000000e-50  1.000000e-50  1.000000e-50  3.262061e-02  1.000000e-50  1.000000e-50  1.000000e-50  1.000000e-50  1.000000e-50  1.056743e-01  1.000000e-50  1.000000e-50  1.000000e-50  1.000000e-50  7.561678e-01  1.000000e-50 
3.045995e-03  1.000000e-50  6.701188e-03  6.091989e-02  1.000000e-50  1.000000e-50  2.436796e-03  1.000000e-50  1.000000e-50  1.000000e-50  1.000000e-50  1.035638e-02  1.340238e-02  6.792568e-02  5.117271e-02  1.626561e-01  1.918977e-02  3.137374e-02  7.005787e-03  1.000000e-50  2.421566e-01  1.000000e-50  1.766677e-02  2.476394e-01  1.000000e-50  4.264392e-03  3.106914e-02  1.000000e-50  1.462077e-02  6.396588e-03 
2.477370e-02  1.572177e-02  3.096713e-02  1.000000e-50  4.764173e-03  1.000000e-50  1.238685e-02  1.000000e-50  9.194855e-02  8.289662e-02  1.000000e-50  1.167222e-01  1.000000e-50  2.382087e-02  8.909004e-02  1.715102e-02  1.067175e-01  1.000000e-50  8.384945e-02  5.002382e-02  1.524535e-02  1.858028e-02  5.431158e-02  2.715579e-02  7.622677e-03  8.909004e-02  1.000000e-50  7.622677e-03  1.000000e-50  2.953788e-02 
1.000000e-50  1.000000e-50  1.000000e-50  3.589207e-01  1.000000e-50  1.000000e-50  1.000000e-50  1.000000e-50  1.000000e-50  1.000000e-50  1.000000e-50  2.991006e-02  1.000000e-50  3.691696e-01  3.137419e-02  1.000000e-50  3.304748e-02  8.575612e-03  1.000000e-50  1.000000e-50  1.945200e-02  1.694206e-02  1.000000e-50  1.000000e-50  1.024890e-02  2.719096e-03  9.537754e-02  7.111483e-03  1.000000e-50  1.715122e-02 
4.845207e-02  3.970537e-02  1.484636e-02  1.000000e-50  1.000000e-50  1.000000e-50  6.905283e-03  1.000000e-50  3.118886e-02  1.628496e-01  1.000000e-50  2.589481e-02  1.000000e-50  7.872022e-02  9.540799e-02  3.233974e-02  4.028081e-02  1.000000e-50  4.948786e-02  6.905283e-02  3.291518e-02  4.476925e-02  4.672575e-02  2.543446e-02  3.763379e-02  1.277477e-02  1.000000e-50  1.000000e-50  1.000000e-50  1.046150e-01 
1.000000e-50  1.000000e-50  7.811483e-04  1.000000e-50  1.000000e-50  3.931780e-02  1.000000e-50  2.903268e-02  1.000000e-50  1.000000e-50  1.000000e-50  1.000000e-50  3.728030e-01  1.000000e-50  1.000000e-50  1.000000e-50  1.000000e-50  5.064445e-02  1.000000e-50  1.000000e-50  1.000000e-50  1.000000e-50  1.000000e-50  1.000000e-50  1.000000e-50  1.000000e-50  1.000000e-50  1.000000e-50  5.074209e-01  1.000000e-50 
3.775133e-02  5.334428e-03  1.210505e-02  3.898236e-02  1.000000e-50  1.000000e-50  1.000000e-50  1.000000e-50  2.605663e-02  1.000000e-50  1.000000e-50  6.934756e-02  1.000000e-50  1.000000e-50  2.913418e-01  1.000000e-50  3.734099e-02  7.591301e-03  3.610997e-02  5.847353e-02  1.251539e-02  3.549446e-02  4.226508e-02  1.000000e-50  1.292573e-02  4.308576e-03  1.000000e-50  2.400492e-01  2.462043e-02  7.386130e-03 


#DOUBLE_1x30_DISCRETE_HIDDEN_DOMINANT-EIGENVECTOR
7.771339e-02  1.422783e-02  1.715605e-02  3.581491e-02  6.416628e-03  2.980837e-02  1.970528e-02  2.396505e-02  3.732477e-02  3.415460e-02  1.467639e-02  3.045972e-02  1.259030e-01  3.233394e-02  5.399986e-02  9.417591e-03  3.288951e-02  3.262443e-02  2.978732e-02  2.981439e-02  2.548217e-02  1.354832e-02  6.711929e-02  3.219976e-02  1.467689e-02  9.472041e-03  2.140993e-02  3.867130e-02  6.730327e-02  2.192403e-02  

#DOUBLE_30x20_DISCRETE_AA_EMISSION
3.240293e-02  1.506452e-02  2.154511e-02  4.093002e-02  5.229947e-02  5.968961e-03  2.353476e-02  1.709965e-01  4.218066e-02  1.453016e-01  1.944176e-02  2.410323e-02  1.000000e-50  2.546757e-02  3.678017e-02  1.944176e-02  6.258882e-02  2.025468e-01  1.364334e-02  4.576204e-02 
4.611959e-02  1.240458e-02  1.215013e-01  4.866412e-02  2.830789e-02  1.122774e-01  3.466921e-02  1.000000e-50  9.987277e-02  2.480916e-02  1.844784e-02  2.547710e-01  1.000000e-50  5.216285e-02  5.947837e-02  4.262087e-02  3.180662e-03  1.000000e-50  1.240458e-02  2.830789e-02 
1.803659e-02  2.576656e-03  2.061324e-02  9.275960e-03  7.214635e-03  8.441123e-01  5.153311e-03  3.349652e-03  1.417161e-02  8.760629e-03  2.576656e-03  1.082195e-02  1.000000e-50  6.699304e-03  9.533625e-03  2.293223e-02  6.183973e-03  2.834321e-03  1.288328e-03  3.864983e-03 
8.194479e-02  1.056951e-02  1.260880e-01  6.839095e-02  3.879632e-02  4.799801e-02  3.096245e-02  1.206168e-02  5.533449e-02  1.037055e-01  2.536682e-02  9.823427e-02  1.000000e-50  4.787366e-02  5.284755e-02  7.883611e-02  5.023626e-02  1.467297e-02  1.678687e-02  3.929371e-02 
6.384455e-02  1.040944e-02  5.690493e-02  4.927134e-02  2.567661e-02  2.290076e-02  2.428869e-02  9.646079e-02  5.690493e-02  1.450382e-01  2.290076e-02  3.400416e-02  2.151284e-02  2.914643e-02  4.441360e-02  5.690493e-02  6.939625e-02  1.429563e-01  9.715475e-03  1.734906e-02 
1.061345e-01  1.330377e-02  4.981523e-02  1.087953e-01  2.971175e-02  2.025129e-02  1.744272e-02  4.848485e-02  9.519586e-02  1.337768e-01  2.912047e-02  3.858093e-02  1.182557e-03  5.218034e-02  7.745750e-02  5.513673e-02  3.798965e-02  4.907613e-02  1.315595e-02  2.320769e-02 
1.658778e-01  3.042596e-02  4.913230e-02  4.980843e-02  7.437458e-02  1.945008e-01  3.538427e-02  1.000000e-50  3.470814e-02  2.276313e-02  1.848096e-02  2.997521e-02  1.000000e-50  2.794681e-02  5.003381e-02  1.153933e-01  3.200361e-02  1.000000e-50  1.960784e-02  4.958305e-02 
1.720689e-01  1.018707e-02  4.649009e-02  9.464716e-02  1.981848e-02  3.000556e-02  1.222449e-02  3.759956e-02  9.372106e-02  1.357659e-01  3.278385e-02  4.204482e-02  1.000000e-50  6.038155e-02  7.593999e-02  5.815892e-02  2.370809e-02  3.000556e-02  8.520096e-03  1.592888e-02 
6.448543e-02  2.593694e-02  6.972040e-02  4.830458e-02  4.271267e-02  3.057704e-02  2.022606e-02  5.591910e-02  6.115407e-02  1.105294e-01  1.891731e-02  4.069007e-02  1.102915e-01  2.926829e-02  5.116002e-02  4.485425e-02  3.402736e-02  8.245092e-02  2.367638e-02  3.509816e-02 
5.271298e-02  4.382008e-03  3.531383e-02  4.304678e-02  4.382008e-03  1.430597e-02  1.121279e-02  2.835417e-03  4.214461e-02  1.031061e-02  5.541951e-03  1.211496e-02  6.195386e-01  1.198608e-02  2.461657e-02  7.127207e-02  1.959015e-02  6.573012e-03  1.000000e-50  8.119603e-03 
4.893617e-02  2.492401e-02  2.644377e-02  6.109422e-02  8.115502e-02  1.823708e-02  4.316109e-02  5.197568e-02  6.170213e-02  1.194529e-01  2.401216e-02  5.896657e-02  1.000000e-50  3.708207e-02  4.711246e-02  5.319149e-02  9.270517e-02  6.382979e-02  1.398176e-02  7.203647e-02 
6.715985e-02  2.625471e-02  5.265448e-02  8.688715e-02  3.292718e-02  7.238178e-02  2.509428e-02  5.207427e-02  8.500145e-02  8.108500e-02  1.319988e-02  3.945460e-02  1.929214e-02  3.104149e-02  5.265448e-02  6.498404e-02  7.064114e-02  6.832028e-02  1.653612e-02  4.235567e-02 
1.438641e-01  1.301511e-02  3.269479e-02  7.679961e-02  4.023169e-02  2.763530e-02  1.667888e-02  7.550857e-02  7.303116e-02  1.364667e-01  3.178757e-02  2.843784e-02  1.000000e-50  4.843156e-02  6.891378e-02  3.283436e-02  3.552113e-02  6.859974e-02  1.441083e-02  3.513730e-02 
3.959852e-02  1.993675e-02  9.968376e-02  5.582291e-02  4.289839e-02  2.406160e-02  2.956139e-02  3.107383e-02  7.850956e-02  6.723498e-02  1.787433e-02  6.957239e-02  1.000000e-50  5.018562e-02  6.118521e-02  7.644713e-02  1.423072e-01  3.973601e-02  1.526193e-02  3.904854e-02 
3.990878e-02  1.799967e-02  1.000000e-50  7.118423e-02  5.627952e-02  1.000000e-50  1.881414e-02  1.335722e-01  8.893957e-02  1.318619e-01  2.402671e-02  1.669653e-02  9.773579e-04  5.416192e-02  4.992670e-02  1.751100e-02  6.027040e-02  1.569474e-01  1.710376e-02  4.381821e-02 
1.584343e-02  1.000000e-50  5.312209e-02  3.028891e-02  1.444548e-02  2.376514e-02  8.853681e-03  2.003728e-02  3.261883e-02  2.562908e-02  3.261883e-03  2.516309e-02  5.503262e-01  1.770736e-02  2.003728e-02  8.154706e-02  4.007456e-02  2.795899e-02  1.000000e-50  9.319664e-03 
6.352159e-02  2.259136e-02  1.158804e-01  4.837209e-02  4.930233e-02  5.196013e-02  4.478405e-02  2.338870e-02  4.996678e-02  6.338870e-02  2.179402e-02  1.235880e-01  5.687708e-02  3.322259e-02  5.089701e-02  6.299003e-02  3.893688e-02  2.538206e-02  1.196013e-02  4.119601e-02 
9.782168e-02  1.461237e-02  3.504262e-02  8.050331e-02  4.992559e-02  4.018401e-02  2.083615e-02  8.943309e-02  6.589095e-02  1.423353e-01  2.733054e-02  1.853606e-02  9.065079e-03  4.681369e-02  5.669057e-02  3.206603e-02  3.409552e-02  8.009742e-02  1.583006e-02  4.289000e-02 
8.120855e-02  2.343405e-02  4.185704e-02  5.998526e-02  6.145910e-02  1.000000e-50  4.760501e-02  2.652911e-02  6.101695e-02  2.756080e-02  1.842299e-02  4.524687e-02  1.000000e-50  4.274134e-02  6.912307e-02  1.438467e-01  1.096536e-01  6.366986e-02  1.798084e-02  5.865881e-02 
2.866382e-02  1.866823e-02  1.156843e-01  1.661032e-02  3.527855e-03  2.551815e-01  1.646333e-02  1.000000e-50  2.072615e-02  2.013817e-02  6.320741e-03  7.599588e-02  1.161252e-02  1.558136e-02  2.337204e-02  1.547847e-01  1.980009e-01  6.908717e-03  1.763928e-03  9.995590e-03 
1.250438e-01  1.227639e-02  4.016135e-02  7.207997e-02  2.350053e-02  3.244476e-02  1.666082e-02  3.700456e-02  6.453876e-02  6.629253e-02  1.841459e-02  1.613469e-02  2.144861e-01  3.016485e-02  4.822869e-02  6.506489e-02  2.578043e-02  4.840407e-02  1.929148e-02  2.402666e-02 
1.064244e-01  1.200519e-02  1.080467e-01  8.371188e-02  2.465931e-02  2.465931e-02  2.660610e-02  2.757949e-02  1.057755e-01  8.955224e-02  1.265412e-02  2.563271e-02  8.792992e-02  3.990915e-02  6.099935e-02  7.170668e-02  4.834523e-02  4.380273e-02  1.000000e-50  1.000000e-50 
7.256567e-02  2.540462e-02  1.014858e-02  4.769170e-02  7.535155e-02  2.586893e-02  2.195543e-02  6.871849e-02  5.107456e-02  6.228443e-02  2.407800e-02  1.545503e-02  1.000000e-50  3.548687e-02  5.936588e-02  7.163704e-02  1.032767e-01  1.335898e-01  2.208809e-02  7.395861e-02 
9.497130e-02  7.379065e-03  5.588959e-02  9.415141e-02  2.282044e-02  3.703198e-02  1.858431e-02  3.976496e-02  5.438644e-02  7.228751e-02  1.434818e-02  2.678327e-02  1.971850e-01  3.470894e-02  4.304455e-02  5.561629e-02  3.730527e-02  4.523094e-02  2.077070e-02  2.773982e-02 
9.379728e-03  4.417549e-02  4.360061e-01  3.328290e-02  6.959153e-03  1.000000e-50  2.571861e-02  1.210287e-02  1.936460e-02  1.785174e-02  2.420575e-03  2.302572e-01  2.723147e-03  1.301059e-02  2.723147e-02  8.411498e-02  1.000000e-50  1.603631e-02  5.446293e-03  1.391831e-02 
6.330869e-02  1.940850e-02  1.169131e-01  6.746765e-02  2.033272e-02  1.538817e-01  4.205176e-02  1.478743e-02  6.839187e-02  4.990758e-02  1.617375e-02  1.326248e-01  1.000000e-50  3.696858e-02  5.314233e-02  6.561922e-02  2.634011e-02  1.848429e-02  1.109057e-02  2.310536e-02 
1.141304e-01  1.066054e-02  9.887124e-02  1.281355e-01  2.278428e-02  5.225753e-02  3.177258e-02  1.818562e-02  8.068562e-02  5.748328e-02  1.442308e-02  4.326923e-02  1.000000e-50  4.703177e-02  5.372074e-02  1.258361e-01  4.682274e-02  1.734950e-02  1.525920e-02  2.132107e-02 
1.601233e-01  2.328236e-02  5.832002e-02  6.402648e-02  4.918968e-02  2.933120e-02  2.522255e-02  3.241269e-02  5.341246e-02  1.198357e-01  2.967359e-02  2.773339e-02  1.000000e-50  3.754850e-02  5.558092e-02  7.795024e-02  5.101575e-02  4.610819e-02  1.951609e-02  3.971696e-02 
9.408620e-02  9.715068e-03  8.313229e-02  1.255787e-01  3.859947e-02  4.459803e-02  2.588511e-02  4.159875e-02  5.379148e-02  8.743561e-02  2.412467e-02  3.553498e-02  8.476234e-04  5.450870e-02  5.033579e-02  5.300906e-02  5.157462e-02  7.589489e-02  1.630045e-02  3.344852e-02 
2.653061e-03  2.040816e-03  2.448980e-03  3.469388e-03  6.326531e-03  9.648980e-01  2.653061e-03  6.122449e-04  1.000000e-50  1.836735e-03  1.000000e-50  7.755102e-03  1.000000e-50  1.000000e-50  1.000000e-50  1.836735e-03  3.469388e-03  1.000000e-50  1.000000e-50  1.000000e-50 


#DOUBLE_30x3_DISCRETE_SS_EMISSION
1.000000e-50  1.000000e+00  1.000000e-50 
1.000000e-50  1.000000e-50  1.000000e+00 
2.248643e-02  1.375032e-01  8.400103e-01 
1.861802e-02  9.996251e-04  9.803824e-01 
1.000000e-50  1.000000e+00  1.000000e-50 
1.000000e+00  1.000000e-50  1.000000e-50 
1.000000e-50  1.000000e+00  1.000000e-50 
1.000000e+00  1.000000e-50  1.000000e-50 
1.000000e-50  1.000000e+00  1.000000e-50 
2.580978e-04  1.000000e-50  9.997419e-01 
1.000000e+00  1.000000e-50  1.000000e-50 
1.158245e-02  1.000000e-50  9.884175e-01 
1.000000e+00  1.000000e-50  1.000000e-50 
1.000000e-50  1.000000e-50  1.000000e+00 
1.000000e-50  1.000000e-50  1.000000e+00 
1.000000e-50  1.000000e-50  1.000000e+00 
5.024461e-03  2.776676e-02  9.672088e-01 
1.000000e+00  1.000000e-50  1.000000e-50 
1.000000e-50  1.000000e-50  1.000000e+00 
1.000000e-50  4.806703e-02  9.519330e-01 
1.000000e-50  8.771930e-04  9.991228e-01 
1.000000e-50  1.000000e-50  1.000000e+00 
1.000000e-50  1.000000e+00  1.000000e-50 
1.000000e+00  1.000000e-50  1.000000e-50 
1.000000e-50  1.000000e-50  1.000000e+00 
8.735632e-03  8.919540e-02  9.020690e-01 
1.000000e-50  1.000000e-50  1.000000e+00 
1.000000e-50  1.000000e-50  1.000000e+00 
1.000000e+00  1.000000e-50  1.000000e-50 
1.000000e-50  1.426824e-03  9.985732e-01 


#DOUBLE_30x2_DISCRETE_CIS_EMISSION
1.000000e+00  1.000000e-50 
1.000000e+00  1.000000e-50 
1.000000e+00  1.000000e-50 
1.000000e+00  1.000000e-50 
9.993060e-01  6.939625e-04 
1.000000e+00  1.000000e-50 
1.000000e+00  1.000000e-50 
1.000000e+00  1.000000e-50 
9.983359e-01  1.664091e-03 
9.596077e-01  4.039231e-02 
1.000000e+00  1.000000e-50 
9.962292e-01  3.770848e-03 
1.000000e+00  1.000000e-50 
1.000000e+00  1.000000e-50 
1.000000e+00  1.000000e-50 
9.388993e-01  6.110075e-02 
9.980096e-01  1.990446e-03 
1.000000e+00  1.000000e-50 
9.985275e-01  1.472537e-03 
9.979550e-01  2.044990e-03 
1.000000e+00  1.000000e-50 
1.000000e+00  1.000000e-50 
1.000000e+00  1.000000e-50 
1.000000e+00  1.000000e-50 
1.000000e+00  1.000000e-50 
1.000000e+00  1.000000e-50 
1.000000e+00  1.000000e-50 
1.000000e+00  1.000000e-50 
1.000000e+00  1.000000e-50 
1.000000e+00  1.000000e-50 


#DOUBLE_30x3_TORUS_TORUS_KAPPA
1.722494e+01  1.986564e+01  -5.616318e-01 
1.554607e+02  8.466522e+01  4.532399e+01 
4.933540e+00  5.579501e+00  1.404657e+00 
8.053379e+01  7.032965e+01  3.035155e+01 
1.267541e+01  1.136674e+01  2.423344e+00 
3.974691e+01  2.240386e+01  3.634665e+00 
2.991984e+01  1.690157e+01  6.669376e+00 
1.981879e+02  1.207210e+02  5.223563e+01 
1.567678e+01  8.459595e+00  -3.592108e+00 
5.798221e+01  3.749421e+01  1.509313e+01 
1.737938e+01  1.863544e+01  5.360544e+00 
4.318367e+00  5.346027e+00  1.650238e-01 
3.369553e+02  2.667092e+02  9.099038e+01 
2.541678e+01  2.039689e+01  7.397057e+00 
8.590826e+00  1.000123e+01  7.103856e-01 
6.053229e+01  5.232284e+01  2.133262e+01 
3.958989e+00  4.387490e+00  -3.762474e-01 
3.611789e+01  3.419805e+01  4.360519e+00 
1.450607e+01  1.488425e+01  1.990742e+00 
7.009101e+00  1.202697e+01  1.473646e+00 
1.896446e+02  1.184060e+02  5.951900e+01 
6.683715e+01  6.129094e+01  2.297933e+01 
1.892670e+01  1.913182e+01  2.370363e+00 
1.879275e+02  1.309351e+02  6.027794e+01 
3.314220e+00  1.316323e+01  -4.265148e+00 
2.261120e+01  7.845987e+00  3.758711e+00 
1.281986e+02  6.418110e+01  2.920451e+01 
5.052369e+01  4.212038e+01  1.435975e+01 
1.733918e+02  1.374430e+02  4.564445e+01 
3.172454e+01  2.612538e+01  9.933651e+00 


#DOUBLE_30x2_TORUS_TORUS_MU
-1.991375e+00  2.186962e+00 
1.001273e+00  6.412926e-01 
1.712937e+00  -2.895980e+00 
-1.577549e+00  2.311827e-02 
-1.654211e+00  -5.132533e-01 
-1.318113e+00  -5.588339e-01 
-2.744475e+00  2.731785e+00 
-1.092356e+00  -5.424441e-01 
-1.424154e+00  2.296623e+00 
-1.142110e+00  2.574412e+00 
-1.649736e+00  -3.930823e-01 
-1.603513e+00  -7.105347e-01 
-1.096591e+00  -7.452820e-01 
-1.838304e+00  -5.674177e-02 
-1.731213e+00  2.373843e+00 
-1.245723e+00  -2.003831e-01 
-1.929707e+00  1.236332e+00 
-1.024252e+00  -8.361517e-01 
-2.522155e+00  2.688720e+00 
-1.757214e+00  3.034099e+00 
-1.008252e+00  -5.223130e-01 
-1.215003e+00  -6.044985e-01 
-2.281528e+00  2.580543e+00 
-1.009666e+00  -6.546861e-01 
-1.579612e+00  2.007849e+00 
1.053213e+00  6.763007e-01 
-1.163080e+00  -3.318714e-01 
-1.167260e+00  2.479141e+00 
-1.147918e+00  -7.069393e-01 
1.516350e+00  7.026888e-02 


