#DOUBLE_1x40_DISCRETE_HIDDEN_START
1.000000e-50  1.000000e-50  1.450276e-02  1.000000e-50  2.762431e-02  1.519337e-02  5.179558e-02  1.000000e-50  1.000000e-50  1.657459e-02  1.795580e-02  6.215470e-03  6.215470e-03  2.486188e-02  2.424033e-01  1.000000e-50  1.000000e-50  7.872928e-02  1.000000e-50  2.969613e-02  8.977901e-03  2.486188e-02  1.000000e-50  1.000000e-50  6.215470e-03  1.000000e-50  1.000000e-50  1.000000e-50  1.000000e-50  8.287293e-02  2.417127e-02  2.279006e-02  1.609116e-01  1.000000e-50  3.245856e-02  6.215470e-03  1.519337e-02  3.314917e-02  5.041436e-02  1.000000e-50  

#DOUBLE_40x40_DISCRETE_HIDDEN_TRANSITION
1.000000e-50  1.102840e-03  6.341329e-02  1.000000e-50  1.000000e-50  1.000000e-50  6.617039e-03  1.000000e-50  1.116625e-01  1.000000e-50  1.000000e-50  1.000000e-50  1.000000e-50  1.000000e-50  9.263854e-02  1.000000e-50  6.065619e-03  2.977667e-02  1.000000e-50  2.426248e-02  8.684864e-02  1.000000e-50  4.714640e-02  2.674387e-02  1.000000e-50  1.044941e-01  4.135649e-03  1.000000e-50  1.378550e-02  1.213124e-02  2.757100e-02  1.000000e-50  1.185553e-02  1.000000e-50  1.681831e-02  4.962779e-02  1.000000e-50  1.447477e-01  1.185553e-01  1.000000e-50 
1.000000e-50  1.000000e-50  1.000000e-50  5.172414e-02  6.551724e-01  1.000000e-50  1.000000e-50  1.000000e-50  1.000000e-50  1.000000e-50  1.000000e-50  1.000000e-50  1.000000e-50  1.000000e-50  1.000000e-50  1.000000e-50  1.000000e-50  1.000000e-50  1.000000e-50  1.000000e-50  1.000000e-50  1.000000e-50  1.000000e-50  1.000000e-50  1.000000e-50  1.000000e-50  1.000000e-50  1.000000e-50  1.000000e-50  1.000000e-50  1.000000e-50  1.000000e-50  1.000000e-50  1.000000e-50  1.000000e-50  1.000000e-50  1.000000e-50  2.931034e-01  1.000000e-50  1.000000e-50 
1.000000e-50  1.000000e-50  3.421702e-02  1.000000e-50  1.263872e-02  1.000000e-50  4.531443e-02  1.000000e-50  3.298397e-02  3.082614e-03  1.942047e-02  1.000000e-50  9.648582e-02  5.394575e-02  1.103576e-01  1.000000e-50  3.205919e-02  5.702836e-02  1.000000e-50  7.706535e-03  1.171393e-02  5.733662e-02  1.000000e-50  4.007398e-03  4.069051e-02  1.000000e-50  1.171393e-02  1.000000e-50  3.729963e-02  9.710234e-02  1.726264e-02  4.778052e-02  8.384710e-02  1.000000e-50  3.113440e-02  1.000000e-50  9.864365e-03  1.000000e-50  4.500617e-02  1.000000e-50 
1.000000e-50  1.000000e-50  1.289398e-02  6.303725e-02  1.000000e-50  5.157593e-02  1.000000e-50  1.000000e-50  1.000000e-50  1.000000e-50  5.157593e-02  1.000000e-50  1.000000e-50  2.435530e-02  1.489971e-01  1.000000e-50  1.000000e-50  5.587393e-02  1.000000e-50  1.146132e-01  1.000000e-50  1.000000e-50  1.000000e-50  8.595989e-03  1.000000e-50  1.000000e-50  1.000000e-50  1.000000e-50  1.000000e-50  8.022923e-02  1.000000e-50  4.011461e-02  1.361032e-01  1.000000e-50  1.000000e-50  1.000000e-50  3.295129e-02  7.879656e-02  1.002865e-01  1.000000e-50 
1.000000e-50  1.000000e-50  2.481390e-02  1.000000e-50  5.552109e-02  1.000000e-50  1.000000e-50  1.000000e-50  8.064516e-03  1.000000e-50  9.305211e-04  1.000000e-50  1.000000e-50  7.475186e-02  2.617866e-01  1.000000e-50  1.000000e-50  1.426799e-01  1.000000e-50  1.488834e-02  1.000000e-50  1.000000e-50  1.000000e-50  1.000000e-50  1.000000e-50  1.000000e-50  1.000000e-50  1.000000e-50  5.924318e-02  7.971464e-02  4.001241e-02  4.869727e-02  4.342432e-03  1.581886e-02  7.754342e-03  1.085608e-02  1.000000e-50  6.110422e-02  8.901985e-02  1.000000e-50 
1.000000e-50  1.224290e-02  9.794319e-03  2.056807e-02  2.105779e-02  2.742409e-02  6.121450e-02  1.000000e-50  1.000000e-50  1.028404e-02  1.000000e-50  1.000000e-50  1.000000e-50  1.273262e-02  3.442703e-01  1.000000e-50  1.000000e-50  1.454456e-01  1.000000e-50  5.142018e-02  1.000000e-50  1.000000e-50  1.000000e-50  1.000000e-50  1.469148e-02  1.000000e-50  1.469148e-02  1.000000e-50  1.860921e-02  3.379040e-02  1.000000e-50  6.415279e-02  2.448580e-03  1.000000e-50  1.000000e-50  2.938296e-02  1.000000e-50  5.044074e-02  5.533790e-02  1.000000e-50 
1.000000e-50  1.000000e-50  1.000000e-50  1.000000e-50  1.000000e-50  1.000000e-50  4.582485e-02  1.309281e-03  7.273785e-04  3.799825e-01  1.000000e-50  1.236543e-01  1.000000e-50  1.000000e-50  1.000000e-50  1.469305e-02  1.000000e-50  1.000000e-50  1.952284e-01  1.000000e-50  1.000000e-50  1.000000e-50  4.655223e-02  1.000000e-50  1.000000e-50  1.000000e-50  1.867908e-01  1.000000e-50  4.364271e-04  1.000000e-50  1.000000e-50  1.000000e-50  1.000000e-50  1.000000e-50  1.000000e-50  1.000000e-50  4.800698e-03  1.000000e-50  1.000000e-50  1.000000e-50 
1.991937e-01  1.000000e-50  1.000000e-50  8.959235e-04  1.000000e-50  1.000000e-50  1.000000e-50  8.630730e-02  1.000000e-50  1.000000e-50  1.000000e-50  1.299089e-02  1.000000e-50  1.000000e-50  1.000000e-50  2.075556e-01  3.001344e-02  1.000000e-50  9.093624e-02  1.000000e-50  2.538450e-03  1.000000e-50  1.000000e-50  1.000000e-50  1.000000e-50  6.122144e-03  1.000000e-50  1.000000e-50  1.007914e-01  1.000000e-50  1.000000e-50  1.000000e-50  1.000000e-50  2.523518e-01  1.642527e-03  1.000000e-50  1.000000e-50  1.000000e-50  8.660594e-03  1.000000e-50 
1.000000e-50  1.000000e-50  1.000000e-50  1.000000e-50  3.543726e-02  1.000000e-50  2.813688e-02  1.000000e-50  1.000000e-50  1.000000e-50  6.798479e-02  1.000000e-50  1.000000e-50  2.205323e-02  1.349049e-01  1.000000e-50  1.000000e-50  8.288973e-02  1.000000e-50  1.368821e-02  4.365019e-02  1.000000e-50  1.000000e-50  1.052471e-01  1.000000e-50  2.129278e-03  1.000000e-50  1.000000e-50  1.000000e-50  1.002281e-01  3.346008e-02  9.673004e-02  1.875285e-01  1.000000e-50  1.000000e-50  1.384030e-02  1.000000e-50  8.973384e-03  2.311787e-02  1.000000e-50 
1.000000e-50  1.000000e-50  1.000000e-50  1.000000e-50  1.000000e-50  1.000000e-50  1.000000e-50  1.000000e-50  1.000000e-50  1.417342e-01  1.000000e-50  1.000000e-50  1.000000e-50  2.418672e-04  1.000000e-50  4.075463e-02  1.000000e-50  1.000000e-50  7.946547e-01  1.000000e-50  1.000000e-50  1.000000e-50  1.000000e-50  1.000000e-50  1.000000e-50  1.000000e-50  2.261458e-02  1.000000e-50  1.000000e-50  1.000000e-50  1.000000e-50  1.000000e-50  1.000000e-50  1.000000e-50  1.000000e-50  1.000000e-50  1.000000e-50  1.000000e-50  1.000000e-50  1.000000e-50 
1.000000e-50  1.000000e-50  3.208837e-02  5.260389e-03  4.892162e-02  1.841136e-02  1.000000e-50  1.000000e-50  3.419253e-02  1.000000e-50  1.000000e-50  1.000000e-50  7.311941e-02  1.367701e-02  1.809574e-01  1.000000e-50  1.046817e-01  1.236191e-01  1.000000e-50  1.209890e-02  2.840610e-02  1.000000e-50  1.000000e-50  1.000000e-50  1.000000e-50  3.682272e-03  1.000000e-50  1.000000e-50  1.000000e-50  3.787480e-02  5.207785e-02  5.681220e-02  1.000000e-50  1.000000e-50  3.208837e-02  1.000000e-50  1.000000e-50  9.836928e-02  4.366123e-02  1.000000e-50 
4.488232e-02  1.000000e-50  1.000000e-50  1.000000e-50  1.000000e-50  5.473454e-03  1.000000e-50  1.000000e-50  1.000000e-50  1.000000e-50  1.000000e-50  1.000000e-50  1.000000e-50  1.000000e-50  1.000000e-50  8.533114e-01  1.000000e-50  1.000000e-50  9.633279e-02  1.000000e-50  1.000000e-50  1.000000e-50  1.000000e-50  1.000000e-50  1.000000e-50  1.000000e-50  1.000000e-50  1.000000e-50  1.000000e-50  1.000000e-50  1.000000e-50  1.000000e-50  1.000000e-50  1.000000e-50  1.000000e-50  1.000000e-50  1.000000e-50  1.000000e-50  1.000000e-50  1.000000e-50 
1.000000e-50  1.000000e-50  4.106628e-02  1.000000e-50  2.665706e-02  1.000000e-50  3.782421e-02  1.000000e-50  1.567003e-01  9.005764e-03  1.000000e-50  1.000000e-50  1.000000e-50  1.000000e-50  1.188761e-01  1.000000e-50  1.368876e-02  5.079251e-02  1.000000e-50  1.000000e-50  4.827089e-02  1.548991e-02  1.000000e-50  1.015850e-01  4.502882e-02  1.000000e-50  1.000000e-50  1.000000e-50  1.000000e-50  8.177233e-02  3.422190e-02  6.628242e-02  2.917867e-02  1.000000e-50  4.610951e-02  1.000000e-50  2.161383e-02  9.726225e-03  4.610951e-02  1.000000e-50 
1.000000e-50  1.000000e-50  2.583605e-02  2.414584e-03  1.171073e-02  1.000000e-50  1.000000e-50  1.000000e-50  1.000000e-50  1.000000e-50  3.742605e-03  1.000000e-50  5.795002e-03  2.561874e-01  2.438730e-02  1.000000e-50  3.018230e-03  2.740553e-02  1.000000e-50  2.052396e-03  3.380418e-03  9.972232e-02  1.000000e-50  1.448750e-03  3.380418e-03  1.000000e-50  1.000000e-50  1.315948e-02  9.537607e-03  4.398165e-01  3.742605e-03  1.714355e-02  1.497042e-02  1.000000e-50  5.674273e-03  3.380418e-03  1.000000e-50  1.000000e-50  1.472896e-02  7.364481e-03 
1.000000e-50  1.000000e-50  2.501109e-02  5.268412e-03  3.571429e-02  4.281278e-02  5.434783e-03  1.000000e-50  4.464286e-02  1.000000e-50  1.430790e-02  1.000000e-50  1.000000e-50  1.153505e-02  1.980368e-01  1.000000e-50  1.000000e-50  8.601375e-02  1.000000e-50  6.654836e-03  1.708075e-02  4.031721e-02  2.717391e-03  4.103815e-03  1.990905e-02  1.663709e-03  1.000000e-50  8.318545e-04  1.000000e-50  7.148403e-02  3.704525e-02  5.135315e-02  2.227706e-01  1.000000e-50  2.933673e-02  2.218279e-03  1.000000e-50  1.000000e-50  2.373558e-02  1.000000e-50 
5.046652e-01  1.000000e-50  1.000000e-50  5.214050e-03  1.000000e-50  7.958288e-03  2.579583e-02  1.693194e-01  1.000000e-50  1.000000e-50  1.000000e-50  5.954995e-02  1.000000e-50  1.000000e-50  8.232711e-04  4.610318e-02  1.000000e-50  4.390779e-03  6.915477e-02  1.000000e-50  1.000000e-50  1.000000e-50  1.000000e-50  1.000000e-50  1.000000e-50  1.000000e-50  4.390779e-03  1.000000e-50  1.000000e-50  1.000000e-50  1.000000e-50  1.000000e-50  1.000000e-50  1.000000e-50  9.604830e-03  1.000000e-50  6.695939e-02  1.070252e-02  1.536773e-02  1.000000e-50 
1.000000e-50  1.000000e-50  5.006031e-02  1.000000e-50  6.332931e-03  3.196622e-02  2.593486e-02  1.000000e-50  1.914958e-01  1.000000e-50  1.000000e-50  1.000000e-50  1.000000e-50  1.000000e-50  2.786490e-01  1.000000e-50  1.000000e-50  6.634499e-03  1.000000e-50  1.000000e-50  3.226779e-02  4.282268e-02  1.000000e-50  3.287093e-02  1.000000e-50  3.860072e-02  1.000000e-50  1.000000e-50  1.000000e-50  1.000000e-50  1.000000e-50  1.266586e-01  1.000000e-50  1.000000e-50  2.533172e-02  1.000000e-50  1.000000e-50  3.166466e-02  7.870929e-02  1.000000e-50 
1.000000e-50  1.000000e-50  3.541763e-02  8.075681e-03  4.245501e-02  1.395939e-02  1.098293e-01  1.000000e-50  6.333641e-02  1.061375e-02  3.137979e-02  1.000000e-50  3.230272e-02  1.799723e-02  1.001384e-01  1.000000e-50  2.641901e-02  6.010614e-02  1.000000e-50  1.003692e-02  9.575450e-03  4.960775e-03  7.614213e-03  1.000000e-50  5.537610e-02  1.615136e-03  3.587910e-02  1.000000e-50  7.395016e-02  4.395478e-02  2.422704e-03  3.610983e-02  6.079834e-02  1.000000e-50  2.688048e-02  2.145824e-02  1.799723e-02  9.806184e-03  2.953392e-02  1.000000e-50 
2.283760e-02  1.000000e-50  1.000000e-50  1.000000e-50  1.000000e-50  1.000000e-50  9.157105e-03  1.748676e-01  1.000000e-50  1.181598e-01  1.000000e-50  7.502207e-03  1.000000e-50  1.000000e-50  1.000000e-50  1.114298e-02  1.000000e-50  1.000000e-50  1.000000e-50  1.103266e-03  1.000000e-50  1.000000e-50  8.473080e-02  1.000000e-50  1.000000e-50  1.000000e-50  5.646514e-01  1.000000e-50  5.516328e-04  1.000000e-50  4.413063e-04  1.000000e-50  1.000000e-50  1.000000e-50  1.000000e-50  1.000000e-50  1.000000e-50  1.000000e-50  4.854369e-03  1.000000e-50 
1.000000e-50  1.000000e-50  2.750000e-02  3.937500e-02  2.625000e-02  4.125000e-02  1.000000e-50  1.000000e-50  8.250000e-02  7.500000e-03  1.000000e-50  1.000000e-50  1.000000e-50  2.000000e-02  1.931250e-01  1.000000e-50  1.000000e-50  1.000000e-01  1.437500e-02  5.500000e-02  1.000000e-50  1.000000e-50  1.000000e-50  1.000000e-50  1.000000e-50  1.000000e-50  1.000000e-50  3.125000e-03  2.625000e-02  2.437500e-02  6.875000e-03  1.000000e-50  1.437500e-02  1.000000e-50  1.187500e-01  2.312500e-02  3.937500e-02  8.500000e-02  5.187500e-02  1.000000e-50 
1.000000e-50  1.000000e-50  7.838408e-03  1.000000e-50  2.532409e-02  1.205909e-02  2.864034e-02  1.000000e-50  7.356045e-02  3.617727e-03  4.522159e-03  1.000000e-50  1.000000e-50  3.316250e-02  2.809768e-01  1.000000e-50  1.537534e-02  6.451613e-02  1.000000e-50  4.220681e-03  5.366295e-02  1.000000e-50  1.000000e-50  6.783238e-02  3.316250e-02  1.000000e-50  1.205909e-03  1.000000e-50  1.000000e-50  7.205306e-02  2.441966e-02  7.265601e-02  3.678022e-02  1.000000e-50  1.899307e-02  1.000000e-50  1.000000e-50  3.075068e-02  3.466988e-02  1.000000e-50 
1.000000e-50  1.056688e-02  5.469915e-03  2.486325e-03  2.250124e-02  9.448036e-03  1.678270e-02  1.000000e-50  4.301343e-02  1.000000e-50  1.118846e-03  1.000000e-50  1.367479e-02  6.452014e-02  8.180010e-02  1.000000e-50  1.000000e-50  3.244654e-02  1.000000e-50  8.702138e-04  3.107907e-03  5.544505e-02  1.000000e-50  2.237693e-03  3.008454e-02  1.000000e-50  1.118846e-03  3.480855e-03  1.069120e-02  3.306813e-01  8.080557e-03  3.008454e-02  7.583292e-03  1.989060e-03  1.541522e-02  1.640975e-02  1.000000e-50  1.616111e-02  3.132770e-02  1.314023e-01 
1.000000e-50  1.000000e-50  1.000000e-50  1.000000e-50  1.000000e-50  1.000000e-50  2.616525e-01  4.502119e-02  1.000000e-50  1.000000e-50  1.000000e-50  1.337394e-01  1.000000e-50  1.000000e-50  1.000000e-50  3.442797e-03  1.000000e-50  1.000000e-50  1.000000e-50  2.383475e-03  1.000000e-50  1.000000e-50  5.262182e-01  1.000000e-50  1.000000e-50  1.000000e-50  1.000000e-50  1.000000e-50  1.000000e-50  1.000000e-50  1.000000e-50  1.000000e-50  2.118644e-03  1.000000e-50  1.000000e-50  1.000000e-50  1.000000e-50  2.542373e-02  1.000000e-50  1.000000e-50 
1.000000e-50  1.000000e-50  1.192779e-02  1.000000e-50  4.545455e-02  8.381689e-03  1.000000e-50  1.000000e-50  2.385558e-01  4.513217e-03  1.000000e-50  1.000000e-50  1.000000e-50  1.000000e-50  2.672469e-01  1.000000e-50  2.192134e-02  7.672469e-02  1.000000e-50  1.000000e-50  8.381689e-03  3.546099e-02  5.157963e-03  1.096067e-02  1.000000e-50  1.000000e-50  1.644101e-02  1.000000e-50  1.611863e-02  1.231464e-01  1.353965e-02  4.416505e-02  1.000000e-50  3.546099e-03  3.803997e-02  1.000000e-50  1.000000e-50  1.000000e-50  1.031593e-02  1.000000e-50 
1.000000e-50  1.000000e-50  1.000000e-50  1.000000e-50  2.990518e-02  1.000000e-50  1.726234e-02  1.000000e-50  1.000000e-50  1.000000e-50  1.000000e-50  1.000000e-50  2.312181e-01  1.000000e-50  2.188184e-03  1.000000e-50  1.842937e-01  1.000000e-50  1.000000e-50  1.000000e-50  1.000000e-50  1.000000e-50  1.000000e-50  1.000000e-50  4.400681e-02  1.000000e-50  1.000000e-50  1.000000e-50  4.629224e-01  1.000000e-50  1.000000e-50  1.000000e-50  1.000000e-50  1.677608e-02  1.000000e-50  1.000000e-50  1.000000e-50  1.069779e-02  1.000000e-50  7.293946e-04 
1.000000e-50  1.000000e-50  1.000000e-50  1.000000e-50  1.000000e-50  1.000000e-50  1.000000e-50  1.000000e-50  1.000000e-50  1.408451e-02  1.000000e-50  2.112676e-03  9.154930e-03  7.042254e-03  7.140845e-01  1.000000e-50  1.000000e-50  1.000000e-50  1.000000e-50  1.000000e-50  7.746479e-03  1.690141e-02  1.000000e-50  1.000000e-50  1.000000e-50  7.042254e-04  9.859155e-03  1.000000e-50  1.000000e-50  1.338028e-02  1.000000e-50  1.239437e-01  4.154930e-02  1.000000e-50  1.000000e-50  1.000000e-50  1.000000e-50  1.000000e-50  3.943662e-02  1.000000e-50 
7.532824e-03  1.000000e-50  4.576015e-04  1.000000e-50  1.000000e-50  1.000000e-50  1.000000e-50  1.322468e-01  1.000000e-50  1.105636e-01  1.000000e-50  1.000000e-50  1.000000e-50  1.000000e-50  1.000000e-50  1.000000e-50  1.000000e-50  1.000000e-50  1.000000e-50  1.000000e-50  1.000000e-50  3.520011e-05  2.569608e-03  7.040023e-05  1.000000e-50  1.000000e-50  7.465240e-01  1.000000e-50  1.000000e-50  1.000000e-50  1.000000e-50  1.000000e-50  1.000000e-50  1.000000e-50  1.000000e-50  1.000000e-50  1.000000e-50  1.000000e-50  1.000000e-50  1.000000e-50 
1.000000e-50  1.000000e-50  1.000000e-50  1.000000e-50  1.000000e-50  1.000000e-50  1.000000e-50  1.000000e-50  1.000000e-50  1.000000e-50  1.000000e-50  1.000000e-50  1.000000e-50  2.830189e-02  1.000000e-50  1.000000e-50  1.000000e-50  1.000000e-50  1.000000e-50  1.000000e-50  1.490566e-01  2.037736e-01  1.000000e-50  5.320755e-01  1.000000e-50  1.000000e-50  1.000000e-50  1.000000e-50  1.000000e-50  5.849057e-02  1.000000e-50  1.000000e-50  9.433962e-03  1.000000e-50  1.000000e-50  1.000000e-50  1.000000e-50  1.000000e-50  1.000000e-50  1.886792e-02 
1.000000e-50  1.000000e-50  4.707327e-03  1.000000e-50  1.248465e-02  1.000000e-50  1.616865e-02  1.000000e-50  7.572657e-03  1.000000e-50  1.000000e-50  1.000000e-50  1.000000e-50  1.000000e-50  1.000000e-50  1.000000e-50  2.979943e-01  1.000000e-50  1.000000e-50  7.163324e-03  1.000000e-50  1.000000e-50  1.000000e-50  1.000000e-50  1.923864e-02  4.093328e-03  1.000000e-50  1.000000e-50  1.035612e-01  1.000000e-50  5.730659e-03  2.738436e-01  1.000000e-50  1.328285e-01  1.000000e-50  1.000000e-50  1.000000e-50  1.031519e-01  1.146132e-02  1.000000e-50 
1.000000e-50  1.000000e-50  1.553638e-02  1.099921e-03  4.812154e-03  4.159076e-03  1.000000e-50  1.000000e-50  5.465232e-03  1.000000e-50  2.371705e-03  1.000000e-50  1.000000e-50  9.431822e-02  1.594885e-02  1.000000e-50  1.000000e-50  2.918228e-02  1.000000e-50  1.409274e-03  4.262194e-03  1.739937e-01  1.000000e-50  7.561956e-04  1.000000e-50  8.249407e-04  1.000000e-50  1.172103e-02  1.000000e-50  5.820644e-01  3.437253e-03  7.183859e-03  1.643007e-02  1.000000e-50  3.712233e-03  1.000000e-50  1.374901e-04  1.000000e-50  1.398962e-02  7.183859e-03 
1.000000e-50  1.000000e-50  8.883249e-03  1.000000e-50  1.000000e-50  1.000000e-50  2.897631e-01  1.000000e-50  1.000000e-50  2.072758e-02  1.000000e-50  1.000000e-50  1.087140e-01  5.499154e-03  3.384095e-02  1.000000e-50  1.184433e-02  1.000000e-50  1.000000e-50  1.000000e-50  1.000000e-50  1.000000e-50  1.015228e-02  1.000000e-50  2.144670e-01  1.000000e-50  1.000000e-50  1.000000e-50  1.560914e-01  1.776650e-02  1.000000e-50  1.000000e-50  1.000000e-50  2.538071e-03  1.000000e-50  1.395939e-02  2.495770e-02  7.106599e-02  9.729272e-03  1.000000e-50 
1.000000e-50  1.000000e-50  3.267453e-02  1.000000e-50  1.577941e-02  5.897354e-03  1.402614e-02  1.000000e-50  1.045585e-01  1.000000e-50  1.000000e-50  1.000000e-50  1.641696e-02  6.104558e-02  2.269684e-01  1.000000e-50  1.000000e-50  1.939751e-01  1.000000e-50  1.000000e-50  2.534268e-02  5.100414e-03  1.000000e-50  1.801084e-02  1.000000e-50  1.227287e-02  1.243226e-02  1.000000e-50  1.593880e-02  9.085113e-02  5.482945e-02  2.470513e-02  1.000000e-50  1.000000e-50  9.403889e-03  1.944533e-02  1.099777e-02  1.000000e-50  2.932738e-02  1.000000e-50 
1.000000e-50  1.000000e-50  1.869462e-02  4.322455e-03  4.484547e-02  2.463799e-02  9.682300e-02  1.000000e-50  8.104603e-02  1.000000e-50  1.577696e-02  1.728982e-03  1.512859e-03  2.161228e-02  1.366976e-01  1.000000e-50  1.000000e-50  4.733088e-02  1.000000e-50  1.296737e-02  3.695699e-02  1.588502e-02  1.000000e-50  7.964124e-02  8.720553e-02  1.000000e-50  1.000000e-50  1.000000e-50  1.000000e-50  6.872704e-02  8.212665e-03  3.133780e-02  1.021180e-01  1.000000e-50  1.999136e-02  1.264318e-02  1.437216e-02  1.000000e-50  1.469635e-02  2.161228e-04 
1.000000e-50  1.000000e-50  1.000000e-50  1.000000e-50  4.480652e-03  1.000000e-50  2.240326e-02  1.000000e-50  1.010183e-01  1.000000e-50  1.000000e-50  1.000000e-50  1.000000e-50  1.000000e-50  4.236253e-02  1.000000e-50  1.140530e-02  2.077393e-02  1.000000e-50  1.000000e-50  2.606925e-01  1.000000e-50  1.221996e-02  8.065173e-02  4.887984e-02  2.431772e-01  7.739308e-03  1.000000e-50  8.553971e-03  7.331976e-03  4.114053e-02  2.769857e-02  4.887984e-03  1.000000e-50  7.739308e-03  1.018330e-02  1.000000e-50  1.059063e-02  2.606925e-02  1.000000e-50 
1.000000e-50  1.000000e-50  1.737512e-02  3.940428e-02  1.000000e-50  5.522805e-02  1.954701e-02  1.000000e-50  1.000000e-50  1.000000e-50  9.618368e-03  1.000000e-50  1.000000e-50  2.606267e-02  1.625814e-01  1.000000e-50  1.000000e-50  1.346572e-01  1.000000e-50  6.825939e-02  1.000000e-50  2.482159e-02  1.000000e-50  1.000000e-50  1.000000e-50  1.000000e-50  1.000000e-50  1.000000e-50  1.644431e-02  2.078809e-02  1.000000e-50  3.475023e-02  3.692212e-02  1.000000e-50  1.663047e-01  1.000000e-50  1.985728e-02  6.112318e-02  8.625504e-02  1.000000e-50 
1.000000e-50  1.000000e-50  5.834306e-04  1.000000e-50  1.000000e-50  1.000000e-50  1.516919e-02  1.000000e-50  1.000000e-50  1.000000e-50  6.651109e-02  1.000000e-50  3.063011e-01  1.000000e-50  2.392065e-02  1.000000e-50  4.200700e-02  1.341890e-02  1.000000e-50  1.000000e-50  1.000000e-50  1.000000e-50  1.000000e-50  1.000000e-50  1.000000e-50  1.000000e-50  1.000000e-50  1.000000e-50  1.000000e-50  1.000000e-50  1.000000e-50  1.000000e-50  1.000000e-50  1.000000e-50  3.033839e-02  1.971995e-01  1.000000e-50  2.071179e-01  9.743291e-02  1.000000e-50 
1.000000e-50  1.000000e-50  1.000000e-50  1.000000e-50  1.000000e-50  1.000000e-50  5.756417e-01  1.000000e-50  1.000000e-50  3.986892e-02  1.000000e-50  1.000000e-50  1.000000e-50  1.000000e-50  1.000000e-50  1.000000e-50  1.000000e-50  1.000000e-50  3.604588e-02  4.915347e-03  1.000000e-50  1.000000e-50  1.000000e-50  1.000000e-50  1.000000e-50  1.000000e-50  1.000000e-50  1.000000e-50  1.000000e-50  1.000000e-50  1.000000e-50  1.000000e-50  1.000000e-50  1.000000e-50  1.000000e-50  1.000000e-50  3.189514e-01  1.419989e-02  1.037684e-02  1.000000e-50 
1.000000e-50  1.000000e-50  3.649977e-02  1.941975e-02  1.000000e-50  1.000000e-50  1.099672e-02  1.000000e-50  4.071128e-02  1.000000e-50  1.000000e-50  1.497426e-02  1.000000e-50  1.000000e-50  7.580721e-02  1.000000e-50  1.754796e-02  1.000000e-50  2.339729e-03  4.188114e-02  7.838091e-02  1.000000e-50  6.621432e-02  4.258306e-02  7.416940e-02  2.480112e-02  1.000000e-50  1.000000e-50  1.000000e-50  1.000000e-50  9.592887e-03  1.000000e-50  4.445484e-03  3.041647e-03  2.620496e-02  4.679457e-02  4.632663e-02  2.524567e-01  6.481048e-02  1.000000e-50 
1.000000e-50  1.000000e-50  3.309120e-02  9.685230e-03  1.000000e-50  2.461663e-02  6.436642e-02  1.000000e-50  2.986279e-02  1.000000e-50  7.405165e-02  1.000000e-50  1.008878e-02  1.634383e-02  1.150121e-01  1.000000e-50  2.421308e-03  7.243745e-02  1.000000e-50  3.672316e-02  6.053269e-03  1.977401e-02  1.000000e-50  2.017756e-03  1.184423e-01  1.000000e-50  5.246166e-03  6.053269e-03  1.000000e-50  1.594027e-02  4.237288e-03  2.300242e-02  1.672720e-01  1.000000e-50  7.041969e-02  1.937046e-02  1.412429e-02  3.026634e-03  3.631961e-02  1.000000e-50 
1.000000e-50  1.000000e-50  5.297533e-02  1.000000e-50  1.000000e-50  1.000000e-50  1.000000e-50  1.000000e-50  1.000000e-50  1.000000e-50  1.000000e-50  1.000000e-50  1.000000e-50  7.220610e-01  1.000000e-50  1.000000e-50  1.000000e-50  1.000000e-50  1.000000e-50  1.000000e-50  1.000000e-50  1.000000e-50  1.000000e-50  1.000000e-50  1.000000e-50  1.000000e-50  1.000000e-50  6.531205e-03  1.000000e-50  1.944848e-01  1.000000e-50  1.000000e-50  1.000000e-50  1.000000e-50  1.000000e-50  1.000000e-50  1.000000e-50  1.000000e-50  1.000000e-50  2.394775e-02 


#DOUBLE_1x40_DISCRETE_HIDDEN_DOMINANT-EIGENVECTOR
1.630752e-02  5.092511e-04  1.449144e-02  3.241202e-03  1.408166e-02  9.184988e-03  3.013273e-02  2.971267e-02  2.980225e-02  3.671955e-02  8.327103e-03  8.003227e-03  1.247854e-02  3.689626e-02  8.059920e-02  1.618649e-02  1.503330e-02  3.831621e-02  4.008684e-02  7.144928e-03  1.489721e-02  3.584932e-02  1.685989e-02  1.392580e-02  1.831347e-02  6.489804e-03  1.255165e-01  2.382613e-03  2.193978e-02  1.287186e-01  1.042828e-02  2.814056e-02  4.061739e-02  1.114787e-02  1.441656e-02  7.688594e-03  7.899372e-03  1.921808e-02  2.217417e-02  6.120771e-03  

#DOUBLE_40x20_DISCRETE_AA_EMISSION
8.256131e-02  2.070845e-02  2.970027e-02  6.049046e-02  6.457766e-02  1.607629e-02  3.760218e-02  4.686649e-02  6.430518e-02  1.539510e-01  2.942779e-02  5.258856e-02  1.000000e-50  3.841962e-02  5.504087e-02  5.667575e-02  7.166213e-02  5.286104e-02  1.171662e-02  5.476839e-02 
1.000000e-50  1.000000e-50  1.000000e-50  5.357143e-02  1.000000e-50  1.517857e-01  3.571429e-02  1.000000e-50  8.928571e-02  1.000000e-50  1.000000e-50  1.000000e-50  1.000000e-50  1.000000e-50  1.071429e-01  3.571429e-02  8.928571e-02  3.214286e-01  1.000000e-50  1.160714e-01 
1.492083e-02  1.827040e-03  1.887942e-02  7.003654e-03  4.567600e-03  8.839829e-01  3.958587e-03  1.522533e-03  9.135201e-03  5.176614e-03  1.522533e-03  1.126675e-02  1.000000e-50  3.654080e-03  6.090134e-03  2.070646e-02  6.090134e-04  1.218027e-03  9.135201e-04  3.045067e-03 
8.963585e-02  2.661064e-02  1.358543e-01  7.703081e-02  2.100840e-02  1.050420e-01  2.521008e-02  1.000000e-50  7.282913e-02  7.703081e-02  1.960784e-02  1.050420e-01  1.000000e-50  4.621849e-02  6.722689e-02  6.302521e-02  1.000000e-50  4.061625e-02  8.403361e-03  1.960784e-02 
1.089901e-01  1.000000e-50  1.339286e-01  1.092980e-01  2.278325e-02  3.017241e-02  2.155172e-02  3.571429e-02  1.092980e-01  9.513547e-02  1.046798e-02  2.586207e-02  1.000000e-50  4.802956e-02  6.896552e-02  5.911330e-02  4.433498e-02  4.371921e-02  8.004926e-03  2.463054e-02 
7.528958e-02  1.000000e-50  1.414093e-01  5.888031e-02  2.606178e-02  4.971042e-02  2.702703e-02  1.930502e-02  5.308880e-02  6.949807e-02  1.351351e-02  1.013514e-01  2.195946e-01  3.426641e-02  1.000000e-50  5.743243e-02  1.254826e-02  1.737452e-02  5.308880e-03  1.833977e-02 
9.477220e-02  9.345794e-03  5.432243e-02  8.790888e-02  2.467874e-02  3.358645e-02  1.898364e-02  4.950350e-02  4.804322e-02  7.228388e-02  1.635514e-02  2.205023e-02  2.082360e-01  2.905958e-02  4.088785e-02  5.140187e-02  3.271028e-02  5.154790e-02  2.511682e-02  2.920561e-02 
1.690120e-01  1.185010e-02  4.488224e-02  9.094949e-02  2.147830e-02  2.532958e-02  9.183825e-03  3.777218e-02  9.643016e-02  1.373130e-01  3.140276e-02  3.954970e-02  5.925048e-04  5.628796e-02  8.324693e-02  5.688046e-02  2.310769e-02  3.599467e-02  8.591320e-03  2.014516e-02 
1.664405e-01  2.879542e-02  7.085783e-02  6.769184e-02  4.507764e-02  3.799186e-02  2.201116e-02  3.663501e-02  5.321875e-02  1.236243e-01  3.377054e-02  3.286597e-02  1.000000e-50  3.708729e-02  5.276647e-02  8.804463e-02  1.000000e-50  4.417307e-02  1.959897e-02  3.934871e-02 
1.162679e-01  7.574847e-03  8.404473e-02  1.428400e-01  2.260430e-02  4.532884e-02  2.308525e-02  1.406757e-02  7.406517e-02  8.260190e-02  2.861609e-02  5.542864e-02  4.568955e-03  5.867500e-02  6.793315e-02  6.841409e-02  3.787423e-02  3.595046e-02  1.082121e-02  1.923771e-02 
4.281184e-02  1.109937e-02  1.532770e-02  2.378436e-02  1.000000e-50  1.057082e-02  1.004228e-02  4.228330e-03  1.374207e-02  1.000000e-50  8.456660e-03  3.118393e-02  6.670190e-01  8.456660e-03  6.871036e-03  1.004228e-01  3.065539e-02  1.532770e-02  1.000000e-50  1.000000e-50 
9.289617e-02  1.256831e-02  7.322404e-02  1.387978e-01  2.896175e-02  4.043716e-02  2.295082e-02  3.661202e-02  7.486339e-02  8.142077e-02  3.005464e-02  4.699454e-02  1.000000e-50  4.972678e-02  6.994536e-02  7.431694e-02  4.535519e-02  3.715847e-02  1.256831e-02  3.114754e-02 
2.514368e-02  1.000000e-50  2.658046e-01  4.705460e-02  3.987069e-02  8.081897e-02  3.268678e-02  1.005747e-02  2.227011e-02  5.244253e-02  1.221264e-02  1.720546e-01  1.760057e-02  2.478448e-02  2.801724e-02  4.346264e-02  5.854885e-02  1.113506e-02  1.652299e-02  3.951149e-02 
1.490054e-01  3.146474e-02  3.423749e-02  4.689572e-02  8.643761e-02  1.346594e-01  3.315250e-02  1.000000e-50  4.026522e-02  1.000000e-50  2.290536e-02  2.362869e-02  1.000000e-50  2.917420e-02  5.509343e-02  1.299578e-01  8.462929e-02  1.000000e-50  2.483424e-02  7.365883e-02 
5.450095e-02  2.072342e-02  1.169432e-02  6.815339e-02  6.663041e-02  1.000000e-50  2.599946e-02  1.012782e-01  8.262170e-02  1.072614e-01  2.387816e-02  1.914604e-02  1.000000e-50  5.237966e-02  6.298613e-02  2.822953e-02  7.152570e-02  1.342943e-01  1.767745e-02  5.101985e-02 
8.538899e-02  1.761995e-02  4.093250e-02  1.021957e-01  4.499864e-02  1.734888e-02  2.222825e-02  5.584169e-02  1.008403e-01  1.162917e-01  2.629439e-02  3.795066e-02  1.000000e-50  5.313093e-02  7.535918e-02  4.770941e-02  4.798048e-02  5.773922e-02  1.572242e-02  3.442667e-02 
9.017617e-02  1.045088e-02  1.131681e-01  9.226635e-02  3.224843e-02  5.016423e-02  3.015826e-02  9.853688e-03  6.927441e-02  8.121827e-02  1.791580e-02  4.419230e-02  1.000000e-50  6.569125e-02  5.165721e-02  1.352643e-01  5.434458e-02  6.867722e-03  1.463123e-02  3.045685e-02 
4.444698e-02  2.296618e-02  1.047761e-01  2.468007e-02  1.000000e-50  2.013254e-01  3.005027e-02  1.000000e-50  1.736746e-02  8.797989e-03  6.055759e-03  8.043876e-02  5.484461e-03  1.736746e-02  2.330896e-02  2.046389e-01  1.868144e-01  1.000000e-50  5.712980e-03  1.576782e-02 
8.007078e-02  1.105950e-02  5.662464e-02  9.942491e-02  4.578633e-02  3.328910e-02  2.189781e-02  8.515815e-02  5.706702e-02  1.178943e-01  2.554745e-02  2.300376e-02  3.317850e-04  5.142668e-02  4.733466e-02  3.572219e-02  5.474453e-02  9.909312e-02  1.305021e-02  4.147313e-02 
2.921485e-02  9.738284e-03  2.982349e-02  4.199635e-02  1.521607e-02  5.952526e-01  2.312842e-02  2.373707e-02  3.651856e-02  2.921485e-02  8.520998e-03  3.834449e-02  2.434571e-03  1.217285e-02  1.947657e-02  3.347535e-02  3.408399e-02  4.869142e-03  5.477785e-03  7.303713e-03 
5.291480e-02  1.375187e-02  1.162930e-01  5.351271e-02  3.258595e-02  1.037369e-01  3.886398e-02  1.494768e-03  9.955157e-02  2.899851e-02  1.823617e-02  2.310912e-01  1.000000e-50  4.992526e-02  6.248132e-02  4.573991e-02  5.979073e-03  2.989537e-03  1.345291e-02  2.840060e-02 
6.419295e-02  2.683983e-02  7.520099e-02  4.885591e-02  3.957947e-02  3.401361e-02  2.003711e-02  5.949289e-02  5.949289e-02  1.134199e-01  1.917130e-02  4.526902e-02  1.059988e-01  2.597403e-02  4.551639e-02  4.440322e-02  3.537415e-02  8.039579e-02  2.337662e-02  3.339518e-02 
9.450262e-02  1.727749e-02  3.534031e-02  7.931937e-02  4.554974e-02  3.874346e-02  2.251309e-02  7.827225e-02  6.387435e-02  1.502618e-01  2.277487e-02  2.696335e-02  1.570681e-03  4.764398e-02  7.225131e-02  2.774869e-02  3.560209e-02  7.696335e-02  1.937173e-02  4.345550e-02 
3.193868e-03  1.596934e-03  1.149792e-02  5.110188e-03  6.707122e-03  9.089748e-01  5.748962e-03  1.000000e-50  7.665283e-03  5.110188e-03  3.193868e-03  2.012137e-02  1.000000e-50  1.916321e-03  2.235707e-03  6.387736e-03  5.110188e-03  1.000000e-50  1.277547e-03  4.152028e-03 
1.127133e-01  1.177602e-02  3.941360e-02  5.743812e-02  2.523432e-02  2.403268e-02  1.345830e-02  3.893295e-02  6.152367e-02  6.849315e-02  1.586157e-02  1.586157e-02  2.645999e-01  2.499399e-02  4.037491e-02  6.248498e-02  2.595530e-02  4.902668e-02  2.475366e-02  2.307138e-02 
1.000000e-50  1.000000e-50  1.000000e-50  1.000000e-50  1.000000e-50  1.000000e+00  1.000000e-50  1.000000e-50  1.000000e-50  1.000000e-50  1.000000e-50  1.000000e-50  1.000000e-50  1.000000e-50  1.000000e-50  1.000000e-50  1.000000e-50  1.000000e-50  1.000000e-50  1.000000e-50 
1.417201e-01  1.310136e-02  3.810664e-02  7.832641e-02  4.257942e-02  3.014721e-02  1.894766e-02  7.318448e-02  6.878214e-02  1.317532e-01  3.056984e-02  2.567444e-02  1.000000e-50  4.916532e-02  6.293583e-02  3.211946e-02  3.789533e-02  7.262098e-02  1.669367e-02  3.567655e-02 
3.809524e-02  1.523810e-02  1.790476e-01  5.142857e-02  1.523810e-02  1.047619e-01  4.000000e-02  5.714286e-03  4.952381e-02  1.000000e-50  1.000000e-50  3.180952e-01  1.000000e-50  5.523810e-02  4.761905e-02  6.285714e-02  5.714286e-03  1.000000e-50  1.000000e-50  1.142857e-02 
1.136503e-01  1.285452e-02  8.794124e-02  1.189553e-01  2.366864e-02  5.203020e-02  2.856560e-02  2.224036e-02  7.569884e-02  5.692716e-02  1.652724e-02  4.039992e-02  3.142216e-02  4.468476e-02  5.509080e-02  1.207917e-01  4.284840e-02  2.122016e-02  1.428280e-02  2.019996e-02 
4.162812e-02  1.771337e-02  1.531504e-02  4.375236e-02  5.869051e-02  7.674650e-03  2.196183e-02  1.381094e-01  4.645904e-02  1.237195e-01  2.062562e-02  1.980334e-02  1.000000e-50  3.080138e-02  4.714428e-02  3.076712e-02  7.376572e-02  1.924144e-01  1.600027e-02  5.365402e-02 
1.000000e-50  4.208333e-02  5.183333e-01  3.250000e-02  8.333333e-04  1.000000e-50  1.000000e-50  7.500000e-03  1.500000e-02  3.333333e-03  1.000000e-50  2.662500e-01  1.000000e-50  5.000000e-03  2.166667e-02  7.291667e-02  1.000000e-50  1.000000e-50  5.416667e-03  9.166667e-03 
3.781579e-02  1.145457e-02  8.504629e-02  5.805743e-02  4.362153e-02  2.385062e-02  3.138239e-02  3.185313e-02  9.351954e-02  7.202260e-02  1.663267e-02  6.637376e-02  1.000000e-50  5.052566e-02  6.731524e-02  7.421936e-02  1.463989e-01  4.252314e-02  1.192531e-02  3.546211e-02 
6.017470e-02  4.097919e-03  4.097919e-02  4.184191e-02  7.872317e-03  2.426399e-02  1.466624e-02  3.882239e-03  4.453791e-02  2.329343e-02  6.039038e-03  1.693087e-02  5.232395e-01  1.628383e-02  2.706783e-02  7.311550e-02  5.025342e-02  1.002912e-02  1.833279e-03  9.597757e-03 
1.088951e-01  1.196649e-02  4.826486e-02  5.664140e-02  4.268049e-02  3.350618e-02  3.749501e-02  2.034304e-02  6.262465e-02  1.356203e-01  3.430395e-02  1.009174e-01  1.000000e-50  5.384922e-02  6.860790e-02  5.664140e-02  4.188273e-02  2.752294e-02  1.116873e-02  4.706821e-02 
6.418093e-02  2.078240e-02  5.929095e-02  5.867971e-02  3.331296e-02  1.097188e-01  3.545232e-02  3.850856e-02  7.732274e-02  4.981663e-02  1.283619e-02  4.462103e-02  4.767726e-02  2.353301e-02  5.684597e-02  8.649144e-02  6.937653e-02  7.121027e-02  1.253056e-02  2.781174e-02 
1.340621e-01  1.000000e-50  3.682394e-02  1.242808e-01  2.243959e-02  5.235903e-02  2.071346e-02  3.509781e-02  1.133487e-01  6.904488e-02  1.208285e-02  2.243959e-02  8.170311e-02  3.797468e-02  7.479862e-02  5.120829e-02  4.315305e-02  4.833142e-02  1.000000e-50  2.013809e-02 
7.645765e-02  1.000000e-50  3.080308e-02  9.625963e-02  5.005501e-02  7.150715e-02  1.320132e-02  8.030803e-02  6.270627e-02  1.325633e-01  2.310231e-02  2.420242e-02  3.080308e-02  4.730473e-02  4.015402e-02  5.005501e-02  4.950495e-02  7.370737e-02  1.000000e-50  4.730473e-02 
5.767442e-02  5.488372e-02  5.488372e-02  7.953488e-02  4.651163e-02  2.744186e-02  1.953488e-02  5.302326e-02  6.325581e-02  1.283721e-01  2.441860e-02  3.953488e-02  1.000000e-50  3.744186e-02  3.883721e-02  6.232558e-02  8.395349e-02  5.581395e-02  2.627907e-02  4.627907e-02 
6.196282e-02  3.058165e-02  1.147312e-01  4.477314e-02  5.916450e-02  3.018189e-02  5.636618e-02  2.638417e-02  5.116930e-02  5.956426e-02  2.478513e-02  1.381171e-01  1.000000e-50  3.337997e-02  6.675994e-02  5.836498e-02  4.117529e-02  3.677793e-02  1.419149e-02  5.156906e-02 
6.603774e-02  1.015965e-02  5.297533e-02  4.716981e-02  2.685051e-02  2.249637e-02  2.322206e-02  1.001451e-01  5.732946e-02  1.502177e-01  2.177068e-02  3.265602e-02  1.378810e-02  2.830189e-02  4.571843e-02  5.442671e-02  6.966618e-02  1.502177e-01  8.708273e-03  1.814224e-02 


#DOUBLE_40x3_DISCRETE_SS_EMISSION
1.000000e+00  1.000000e-50  1.000000e-50 
1.000000e-50  1.000000e-50  1.000000e+00 
2.499238e-02  1.722036e-01  8.028040e-01 
1.000000e-50  2.793296e-02  9.720670e-01 
1.000000e-50  1.000000e-50  1.000000e+00 
1.000000e-50  1.000000e-50  1.000000e+00 
9.998542e-01  1.000000e-50  1.457726e-04 
1.000000e+00  1.000000e-50  1.000000e-50 
4.518753e-04  1.000000e-50  9.995481e-01 
1.000000e+00  1.000000e-50  1.000000e-50 
1.000000e-50  1.000000e-50  1.000000e+00 
1.000000e+00  1.000000e-50  1.000000e-50 
1.414927e-03  1.273435e-02  9.858507e-01 
1.000000e-50  9.906058e-01  9.394195e-03 
1.000000e-50  1.000000e-50  1.000000e+00 
9.997294e-01  1.000000e-50  2.706360e-04 
1.000000e-50  1.000000e-50  1.000000e+00 
1.000000e-50  1.754386e-02  9.824561e-01 
1.000000e+00  1.000000e-50  1.000000e-50 
1.091571e-02  1.000000e-50  9.890843e-01 
3.906250e-03  1.000000e-50  9.960938e-01 
1.000000e-50  9.992565e-01  7.434944e-04 
1.000000e+00  1.000000e-50  1.000000e-50 
1.000000e-50  8.948546e-03  9.910515e-01 
1.000000e-50  3.129514e-03  9.968705e-01 
1.000000e-50  1.000000e-50  1.000000e+00 
1.000000e+00  1.000000e-50  1.000000e-50 
1.000000e-50  2.824859e-01  7.175141e-01 
1.000000e-50  1.000000e-50  1.000000e+00 
1.000000e-50  1.000000e+00  1.000000e-50 
1.000000e-50  1.000000e-50  1.000000e+00 
1.000000e-50  1.000000e-50  1.000000e+00 
4.312668e-04  1.153639e-02  9.880323e-01 
1.000000e-50  1.000000e-50  1.000000e+00 
1.000000e-50  1.031241e-02  9.896876e-01 
1.000000e-50  4.553216e-03  9.954468e-01 
1.000000e+00  1.000000e-50  1.000000e-50 
4.697359e-02  1.000000e-50  9.530264e-01 
6.337889e-03  4.931670e-02  9.443454e-01 
1.000000e-50  9.970930e-01  2.906977e-03 


#DOUBLE_40x2_DISCRETE_CIS_EMISSION
1.000000e+00  1.000000e-50 
1.000000e+00  1.000000e-50 
9.978613e-01  2.138711e-03 
1.000000e+00  1.000000e-50 
1.000000e+00  1.000000e-50 
1.000000e+00  1.000000e-50 
1.000000e+00  1.000000e-50 
1.000000e+00  1.000000e-50 
1.000000e+00  1.000000e-50 
1.000000e+00  1.000000e-50 
9.348739e-01  6.512605e-02 
1.000000e+00  1.000000e-50 
9.950513e-01  4.948745e-03 
1.000000e+00  1.000000e-50 
9.989098e-01  1.090156e-03 
1.000000e+00  1.000000e-50 
1.000000e+00  1.000000e-50 
1.000000e+00  1.000000e-50 
1.000000e+00  1.000000e-50 
1.000000e+00  1.000000e-50 
1.000000e+00  1.000000e-50 
1.000000e+00  1.000000e-50 
1.000000e+00  1.000000e-50 
1.000000e+00  1.000000e-50 
1.000000e+00  1.000000e-50 
1.000000e+00  1.000000e-50 
1.000000e+00  1.000000e-50 
1.000000e+00  1.000000e-50 
1.000000e+00  1.000000e-50 
9.999315e-01  6.846736e-05 
1.000000e+00  1.000000e-50 
1.000000e+00  1.000000e-50 
9.647955e-01  3.520446e-02 
1.000000e+00  1.000000e-50 
9.912015e-01  8.798544e-03 
1.000000e+00  1.000000e-50 
1.000000e+00  1.000000e-50 
1.000000e+00  1.000000e-50 
1.000000e+00  1.000000e-50 
1.000000e+00  1.000000e-50 


#DOUBLE_40x3_TORUS_TORUS_KAPPA
2.365710e+01  2.829357e+01  8.697652e+00 
8.427148e+01  4.025709e+01  1.547773e+01 
5.848506e+00  6.945334e+00  1.791448e+00 
1.134831e+01  2.004608e+00  -1.856591e+00 
4.996935e+01  4.966252e+01  1.452582e+01 
3.961278e+01  4.490762e+00  -7.875537e-01 
1.653672e+02  1.179737e+02  5.155431e+01 
1.759781e+02  1.159343e+02  4.938887e+01 
5.408792e+01  4.235481e+01  1.496397e+01 
2.984317e+02  2.929107e+02  1.125620e+02 
6.125679e+01  4.070706e+01  1.922688e+01 
6.381082e+01  5.502898e+01  2.012858e+01 
5.014296e+01  5.306357e+01  1.905261e+01 
1.673151e+01  1.710147e+01  3.170205e+00 
7.040428e+00  1.191325e+01  1.906765e+00 
3.168299e+01  2.740694e+01  6.864041e+00 
1.325909e+02  1.349855e+02  5.443251e+01 
2.995036e+00  9.094199e+00  -6.131018e-01 
2.896664e+02  2.177948e+02  8.545454e+01 
3.829799e+00  2.593127e+00  1.891042e-02 
1.252715e+02  6.545823e+01  3.440072e+01 
1.493980e+01  8.529643e+00  -3.745448e+00 
4.774280e+01  4.313513e+01  2.657635e+00 
6.424594e+01  5.507912e+01  2.303348e+01 
1.951342e+02  1.266821e+02  6.149738e+01 
5.620789e+01  6.982981e+01  2.576246e+01 
4.065878e+02  3.154741e+02  1.194978e+02 
1.165734e+02  6.465197e+01  3.044187e+01 
2.004319e+02  1.162351e+02  5.801649e+01 
1.732432e+01  1.681931e+01  3.146082e+00 
3.012647e+00  1.528892e+01  -4.636295e+00 
2.340980e+01  1.759604e+01  6.023773e+00 
6.258726e+01  4.115970e+01  1.746666e+01 
8.028457e+01  9.052445e+01  3.355747e+01 
3.501021e+00  3.232246e+00  3.454022e-02 
4.479623e+01  3.059665e+01  1.183427e+01 
3.152973e+01  3.408345e+01  9.058198e+00 
8.428142e+00  6.594968e+00  1.063821e+00 
6.306130e+00  5.724884e+00  9.267998e-02 
1.406324e+01  1.354134e+01  3.110240e+00 


#DOUBLE_40x2_TORUS_TORUS_MU
-1.562058e+00  -3.402813e-01 
-1.144731e+00  -4.087200e-01 
1.668411e+00  -2.880781e+00 
9.747303e-01  1.316262e+00 
-1.243447e+00  -6.206732e-01 
-1.411838e+00  1.408547e+00 
-1.005646e+00  -6.604387e-01 
-1.107599e+00  -5.507152e-01 
-1.165840e+00  2.478852e+00 
-1.125227e+00  -6.412644e-01 
-1.223738e+00  -3.180831e-01 
-1.120711e+00  -4.328821e-01 
-1.692475e+00  1.977910e-01 
-2.578858e+00  2.750311e+00 
-1.857954e+00  2.440217e+00 
-1.438359e+00  -6.599898e-01 
-1.460665e+00  -1.585128e-01 
-2.057920e+00  2.949866e+00 
-1.203634e+00  -7.588603e-01 
1.588848e+00  -1.510208e-01 
1.004193e+00  6.500796e-01 
-1.432107e+00  2.295211e+00 
-9.951979e-01  -8.880040e-01 
1.485324e+00  -1.536696e-02 
-1.002422e+00  -5.290638e-01 
1.464818e+00  3.196322e-01 
-1.088876e+00  -7.514111e-01 
9.302261e-01  7.567913e-01 
-1.147309e+00  -3.109301e-01 
-2.082378e+00  2.317377e+00 
-1.586023e+00  1.981251e+00 
-1.856558e+00  -7.745766e-02 
-1.147405e+00  2.578005e+00 
-1.618578e+00  1.120583e-01 
-1.760970e+00  -8.932479e-01 
-9.694281e-01  -6.303973e-01 
-1.003472e+00  -8.285798e-01 
-1.614095e+00  -3.512389e-01 
-2.160451e+00  1.284968e+00 
-1.653286e+00  -5.219325e-01 


