#DOUBLE_1x35_DISCRETE_HIDDEN_START
6.906077e-03  1.000000e-50  1.381215e-02  1.000000e-50  1.000000e-50  2.831492e-02  1.000000e-50  2.969613e-02  8.287293e-03  1.933702e-02  6.215470e-02  6.906077e-04  1.201657e-01  5.732044e-02  6.975138e-02  1.000000e-50  1.000000e-50  1.533149e-01  1.933702e-02  1.000000e-50  1.000000e-50  1.933702e-02  1.000000e-50  4.143646e-03  1.000000e-50  1.000000e-50  6.906077e-03  1.000000e-50  1.864641e-02  1.215470e-01  3.798343e-02  1.000000e-50  1.139503e-01  1.000000e-50  8.839779e-02  

#DOUBLE_35x35_DISCRETE_HIDDEN_TRANSITION
2.856666e-02  1.000000e-50  1.871032e-02  1.000000e-50  2.171734e-03  5.679920e-03  1.000000e-50  9.188106e-03  2.388907e-02  3.508186e-03  2.572670e-02  1.169395e-02  8.603408e-02  1.222853e-01  3.424658e-02  1.000000e-50  8.352823e-04  1.239559e-01  6.765787e-02  1.000000e-50  3.575008e-02  1.653859e-02  1.336452e-03  3.524891e-02  1.000000e-50  1.000000e-50  1.000000e-50  3.073839e-02  2.622787e-02  2.390578e-01  3.842299e-02  1.000000e-50  1.186101e-02  1.000000e-50  6.682259e-04 
7.078711e-02  1.000000e-50  1.267829e-02  1.000000e-50  1.727417e-01  1.000000e-50  1.000000e-50  1.000000e-50  1.000000e-50  1.000000e-50  1.000000e-50  3.169572e-03  4.331749e-02  1.000000e-50  1.426307e-02  1.000000e-50  2.382462e-01  3.433703e-02  1.000000e-50  1.000000e-50  1.000000e-50  1.225568e-01  1.000000e-50  1.000000e-50  1.000000e-50  1.000000e-50  1.000000e-50  1.000000e-50  1.484416e-01  6.391970e-02  1.584786e-02  1.000000e-50  1.000000e-50  1.000000e-50  5.969361e-02 
5.523535e-02  1.000000e-50  4.418828e-02  1.000000e-50  1.000000e-50  1.825168e-02  1.000000e-50  1.152738e-02  1.000000e-50  1.585014e-02  6.484150e-02  1.000000e-50  1.114313e-01  1.000000e-50  1.421710e-01  1.000000e-50  1.000000e-50  9.125841e-02  3.938521e-02  7.684918e-03  1.000000e-50  1.000000e-50  3.362152e-03  1.104707e-02  1.000000e-50  1.000000e-50  5.763689e-03  1.392891e-02  6.724304e-02  9.077810e-02  3.410183e-02  1.000000e-50  9.077810e-02  9.606148e-04  8.021134e-02 
1.607143e-01  1.000000e-50  1.000000e-50  1.000000e-50  1.000000e-50  1.000000e-50  1.000000e-50  1.000000e-50  1.000000e-50  2.976190e-02  1.000000e-50  1.000000e-50  2.232143e-01  1.000000e-50  8.928571e-02  1.000000e-50  1.000000e-50  1.000000e-50  1.279762e-01  1.000000e-50  1.000000e-50  1.000000e-50  2.380952e-02  1.000000e-50  1.000000e-50  1.000000e-50  1.000000e-50  1.000000e-50  1.000000e-50  2.291667e-01  1.000000e-50  1.000000e-50  1.160714e-01  1.000000e-50  1.000000e-50 
5.411163e-01  1.000000e-50  1.000000e-50  1.000000e-50  3.621645e-02  1.000000e-50  1.000000e-50  3.621645e-02  1.000000e-50  1.000000e-50  1.000000e-50  1.000000e-50  4.772049e-02  1.000000e-50  1.000000e-50  2.130379e-03  3.579037e-02  7.158074e-02  1.000000e-50  1.000000e-50  1.619088e-02  1.000000e-50  1.000000e-50  1.000000e-50  1.000000e-50  1.000000e-50  6.391138e-03  1.000000e-50  4.303366e-02  1.000000e-50  7.243289e-02  1.000000e-50  1.000000e-50  1.000000e-50  9.118023e-02 
1.153040e-02  1.048218e-02  2.044025e-02  1.000000e-50  1.000000e-50  9.748428e-02  1.000000e-50  1.519916e-02  1.000000e-50  1.000000e-50  4.350105e-02  1.000000e-50  9.958071e-02  4.454927e-02  4.035639e-02  1.000000e-50  1.000000e-50  6.761006e-02  2.306080e-02  9.958071e-03  1.000000e-50  1.000000e-50  1.000000e-50  1.624738e-02  1.000000e-50  1.000000e-50  1.000000e-50  1.000000e-50  1.939203e-02  1.221174e-01  6.865828e-02  1.000000e-50  6.918239e-02  1.048218e-03  2.196017e-01 
1.000000e-50  1.000000e-50  1.000000e-50  1.000000e-50  1.000000e-50  1.000000e-50  3.311622e-01  1.000000e-50  1.000000e-50  5.650064e-01  1.000000e-50  1.000000e-50  1.000000e-50  1.000000e-50  1.000000e-50  9.323116e-02  1.000000e-50  1.000000e-50  1.000000e-50  1.000000e-50  1.000000e-50  1.000000e-50  1.000000e-50  1.000000e-50  1.000000e-50  1.000000e-50  1.060026e-02  1.000000e-50  1.000000e-50  1.000000e-50  1.000000e-50  1.000000e-50  1.000000e-50  1.000000e-50  1.000000e-50 
1.000000e-50  1.000000e-50  2.739295e-02  1.000000e-50  9.445844e-02  1.000000e-50  1.000000e-50  7.241814e-03  1.983627e-02  1.000000e-50  1.000000e-50  1.000000e-50  1.363350e-01  1.149244e-01  2.896725e-02  1.000000e-50  1.000000e-50  1.000000e-50  4.502519e-02  2.770781e-02  1.000000e-50  1.000000e-50  1.000000e-50  1.000000e-50  1.000000e-50  1.826196e-02  1.000000e-50  1.000000e-50  1.000000e-50  3.598866e-01  9.855164e-02  1.000000e-50  1.000000e-50  1.000000e-50  2.141058e-02 
5.208333e-02  1.000000e-50  1.000000e-50  1.000000e-50  1.000000e-50  4.227941e-02  1.000000e-50  3.339461e-02  1.000000e-50  1.000000e-50  1.000000e-50  1.000000e-50  4.871324e-02  1.000000e-50  7.352941e-03  1.000000e-50  1.000000e-50  2.757353e-02  2.450980e-02  1.000000e-50  2.031250e-01  1.000000e-50  1.000000e-50  2.475490e-01  1.000000e-50  1.000000e-50  1.000000e-50  5.208333e-02  2.359069e-02  1.032475e-01  2.941176e-02  1.000000e-50  4.901961e-02  1.000000e-50  5.606618e-02 
1.000000e-50  1.000000e-50  3.841154e-04  1.000000e-50  1.654651e-03  1.000000e-50  6.470866e-03  1.000000e-50  1.000000e-50  8.185498e-01  1.000000e-50  1.000000e-50  1.000000e-50  1.000000e-50  1.000000e-50  7.475476e-03  1.000000e-50  1.000000e-50  1.000000e-50  1.000000e-50  1.000000e-50  1.000000e-50  1.000000e-50  1.000000e-50  1.198144e-01  1.000000e-50  3.655005e-02  1.000000e-50  1.000000e-50  1.000000e-50  4.432100e-04  8.657369e-03  1.000000e-50  1.000000e-50  1.000000e-50 
1.000000e-50  1.000000e-50  1.000000e-50  1.000000e-50  1.000000e-50  1.000000e-50  5.182927e-01  1.000000e-50  1.000000e-50  8.283479e-02  1.171192e-01  1.610676e-03  1.000000e-50  1.000000e-50  1.000000e-50  1.151634e-01  1.000000e-50  1.000000e-50  1.000000e-50  1.000000e-50  1.000000e-50  1.000000e-50  1.000000e-50  1.000000e-50  1.104464e-02  1.000000e-50  1.539347e-01  1.000000e-50  1.000000e-50  1.000000e-50  1.000000e-50  1.000000e-50  1.000000e-50  1.000000e-50  1.000000e-50 
1.000000e-50  1.000000e-50  1.323335e-03  1.000000e-50  1.000000e-50  1.000000e-50  1.000000e-50  1.000000e-50  1.000000e-50  1.000000e-50  7.198941e-01  1.000000e-50  1.279224e-02  1.000000e-50  1.000000e-50  2.382003e-01  1.000000e-50  1.000000e-50  1.000000e-50  2.646670e-03  1.000000e-50  1.000000e-50  1.000000e-50  1.000000e-50  1.000000e-50  1.000000e-50  1.000000e-50  1.000000e-50  2.514336e-02  1.000000e-50  1.000000e-50  1.000000e-50  1.000000e-50  1.000000e-50  1.000000e-50 
1.962828e-02  6.522494e-02  1.311447e-02  1.120375e-02  1.000000e-50  2.935557e-02  3.560882e-03  1.806496e-02  2.796595e-02  1.033524e-02  1.258468e-01  1.971513e-02  5.419489e-02  2.127844e-02  2.093104e-02  1.000000e-50  1.000000e-50  8.120549e-02  3.647733e-02  7.729720e-03  5.819003e-03  3.300330e-02  4.516241e-03  3.126628e-03  1.000000e-50  1.823867e-02  3.126628e-03  4.863644e-03  8.120549e-02  1.340976e-01  2.770540e-02  1.000000e-50  7.295466e-03  1.000000e-50  1.111690e-01 
1.317678e-02  1.000000e-50  8.741031e-03  1.000000e-50  1.000000e-50  2.413568e-03  1.000000e-50  7.958252e-03  2.413568e-03  1.000000e-50  1.000000e-50  1.000000e-50  1.272016e-02  4.036530e-01  4.082192e-01  1.000000e-50  1.000000e-50  2.348337e-03  4.403131e-02  7.827789e-04  1.043705e-03  1.000000e-50  1.000000e-50  1.239400e-03  1.000000e-50  1.000000e-50  1.000000e-50  1.324201e-02  1.000000e-50  1.578604e-02  1.161122e-02  1.000000e-50  4.331376e-02  3.913894e-03  3.392042e-03 
9.736396e-03  1.081822e-03  4.399409e-03  1.000000e-50  1.000000e-50  2.127583e-03  1.000000e-50  1.269338e-02  3.389708e-03  1.000000e-50  1.000000e-50  1.081822e-03  3.032707e-02  1.443871e-01  5.717789e-01  1.000000e-50  1.000000e-50  1.633551e-02  3.108435e-02  1.000000e-50  7.933360e-04  7.356388e-03  8.113663e-03  1.153943e-03  1.000000e-50  1.000000e-50  3.606073e-04  1.532581e-02  9.592153e-03  1.687642e-02  1.547005e-02  1.000000e-50  3.689012e-02  4.608561e-02  1.355883e-02 
1.000000e-50  1.000000e-50  1.000000e-50  1.000000e-50  4.146797e-03  1.000000e-50  1.000000e-50  1.000000e-50  1.000000e-50  3.732117e-02  3.271823e-01  2.137674e-01  6.634875e-03  1.000000e-50  1.000000e-50  1.824591e-02  1.000000e-50  1.000000e-50  1.000000e-50  1.000000e-50  1.000000e-50  1.000000e-50  1.000000e-50  1.000000e-50  3.475016e-01  1.000000e-50  1.000000e-50  1.000000e-50  1.000000e-50  1.000000e-50  1.451379e-03  2.736886e-02  1.000000e-50  1.000000e-50  1.637985e-02 
9.376392e-02  1.000000e-50  2.383073e-02  1.000000e-50  1.000000e-50  3.786192e-03  1.000000e-50  1.000000e-50  2.739421e-02  1.000000e-50  1.113586e-02  2.939866e-02  1.066815e-01  1.000000e-50  4.253898e-02  1.000000e-50  1.000000e-50  2.360802e-01  1.000000e-50  1.000000e-50  1.184855e-01  1.000000e-50  4.231626e-03  1.340757e-01  1.000000e-50  1.000000e-50  1.000000e-50  9.755011e-02  1.000000e-50  1.000000e-50  3.830735e-02  1.000000e-50  1.000000e-50  1.000000e-50  3.273942e-02 
8.328638e-02  1.000000e-50  7.793427e-03  1.000000e-50  1.000000e-50  1.000000e-50  1.000000e-50  4.892019e-02  3.671362e-02  1.000000e-50  1.000000e-50  1.000000e-50  2.103286e-01  3.746479e-02  1.245070e-01  1.000000e-50  1.000000e-50  4.572770e-02  1.000000e-50  1.000000e-50  1.000000e-50  1.000000e-50  1.000000e-50  1.000000e-50  1.000000e-50  1.000000e-50  1.000000e-50  1.558685e-02  1.000000e-50  1.089202e-01  1.727700e-02  1.000000e-50  2.574648e-01  1.000000e-50  6.009390e-03 
3.203405e-02  2.105735e-02  1.859319e-02  1.000000e-50  8.848566e-02  1.299283e-02  1.000000e-50  3.225806e-02  3.517025e-02  1.433692e-02  3.606631e-02  1.000000e-50  5.779570e-02  1.830197e-01  9.879032e-02  1.000000e-50  1.000000e-50  2.284946e-02  4.099462e-02  1.000000e-50  1.000000e-50  1.926523e-02  6.944444e-03  1.000000e-50  1.000000e-50  1.000000e-50  1.000000e-50  5.600358e-03  6.563620e-02  7.078853e-02  2.105735e-02  1.000000e-50  7.862903e-02  2.912186e-03  3.472222e-02 
1.000000e-50  1.000000e-50  1.000000e-50  1.000000e-50  4.490291e-01  1.000000e-50  1.000000e-50  1.000000e-50  1.000000e-50  1.000000e-50  1.000000e-50  1.000000e-50  4.854369e-02  1.000000e-50  1.000000e-50  1.000000e-50  1.043689e-01  1.000000e-50  1.000000e-50  1.000000e-50  1.000000e-50  3.980583e-01  1.000000e-50  1.000000e-50  1.000000e-50  1.000000e-50  1.000000e-50  1.000000e-50  1.000000e-50  1.000000e-50  1.000000e-50  1.000000e-50  1.000000e-50  1.000000e-50  1.000000e-50 
6.445047e-02  1.000000e-50  1.000000e-50  1.000000e-50  1.000000e-50  1.000000e-50  1.000000e-50  4.579376e-02  8.480326e-03  1.221167e-02  5.088195e-03  1.000000e-50  6.716418e-02  4.918589e-02  1.102442e-01  1.000000e-50  1.000000e-50  3.904342e-01  2.137042e-02  1.000000e-50  6.784261e-03  1.628223e-02  1.356852e-03  7.123474e-03  1.000000e-50  1.000000e-50  1.696065e-03  1.119403e-02  1.967436e-02  1.238128e-01  1.899593e-02  1.000000e-50  1.000000e-50  1.000000e-50  1.865672e-02 
3.133037e-02  1.000000e-50  2.922609e-02  7.949497e-03  1.000000e-50  1.122282e-02  1.000000e-50  2.384849e-02  6.195932e-02  1.449614e-02  4.793079e-02  1.660042e-02  1.173720e-01  1.000000e-50  5.915361e-02  1.000000e-50  1.000000e-50  1.164368e-01  2.080898e-02  2.034136e-02  7.294833e-02  1.000000e-50  4.909984e-03  1.000000e-50  1.000000e-50  4.839841e-02  1.000000e-50  9.235445e-02  5.097031e-02  4.559271e-02  2.642039e-02  1.000000e-50  5.611410e-02  1.000000e-50  2.361468e-02 
3.720930e-02  1.000000e-50  1.000000e-50  1.000000e-50  1.000000e-50  1.085271e-02  2.325581e-02  1.000000e-50  1.000000e-50  1.000000e-50  1.000000e-50  1.000000e-50  1.395349e-02  1.395349e-02  1.000000e-50  1.000000e-50  2.434109e-01  1.000000e-50  1.240310e-02  1.000000e-50  1.000000e-50  3.457364e-01  7.751938e-03  1.000000e-50  1.000000e-50  1.000000e-50  4.651163e-02  1.000000e-50  1.333333e-01  2.325581e-02  2.325581e-02  1.000000e-50  1.000000e-50  1.000000e-50  6.511628e-02 
1.818182e-02  1.000000e-50  1.454545e-02  1.000000e-50  1.000000e-50  7.727273e-03  1.000000e-50  3.727273e-02  5.000000e-03  2.818182e-02  1.000000e-50  1.000000e-50  6.318182e-02  1.000000e-50  3.363636e-02  1.181818e-02  1.409091e-02  4.659091e-01  3.000000e-02  1.000000e-50  1.045455e-02  8.181818e-03  1.000000e-50  1.000000e-50  1.000000e-50  1.000000e-50  1.000000e-50  1.000000e-50  1.636364e-02  5.727273e-02  2.727273e-03  1.000000e-50  1.022727e-01  1.000000e-50  7.318182e-02 
1.000000e-50  1.000000e-50  1.000000e-50  1.000000e-50  1.512498e-02  1.000000e-50  1.000000e-50  1.000000e-50  1.000000e-50  1.000000e-50  1.000000e-50  1.000000e-50  4.776310e-03  1.000000e-50  1.000000e-50  1.477472e-01  2.220984e-01  1.000000e-50  1.000000e-50  1.000000e-50  2.069734e-03  9.361567e-02  1.000000e-50  5.094730e-03  4.362363e-02  1.000000e-50  2.423181e-01  4.776310e-04  7.228148e-02  1.000000e-50  1.000000e-50  1.455182e-01  1.000000e-50  1.000000e-50  5.253940e-03 
1.000000e-50  1.000000e-50  1.000000e-50  1.000000e-50  1.000000e-50  1.000000e-50  1.000000e-50  1.000000e-50  1.000000e-50  1.000000e-50  1.000000e-50  1.000000e-50  1.000000e-50  1.000000e-50  1.000000e-50  1.000000e-50  1.990610e-01  1.000000e-50  1.000000e-50  1.000000e-50  1.000000e-50  7.136150e-02  1.000000e-50  1.000000e-50  1.000000e-50  1.000000e-50  1.000000e-50  1.000000e-50  7.295775e-01  1.000000e-50  1.000000e-50  1.000000e-50  1.000000e-50  1.000000e-50  1.000000e-50 
1.000000e-50  1.000000e-50  1.000000e-50  8.380366e-03  1.000000e-50  6.670087e-03  9.184197e-02  1.000000e-50  1.000000e-50  1.000000e-50  1.000000e-50  1.000000e-50  1.000000e-50  1.000000e-50  1.000000e-50  1.698307e-01  6.670087e-03  1.000000e-50  1.000000e-50  1.000000e-50  1.000000e-50  8.380366e-03  1.000000e-50  1.000000e-50  3.488969e-02  1.000000e-50  2.387549e-01  1.000000e-50  1.000000e-50  1.000000e-50  3.164016e-02  4.029417e-01  1.000000e-50  1.000000e-50  1.000000e-50 
7.268503e-02  1.000000e-50  9.956854e-04  1.128443e-02  1.000000e-50  5.310322e-03  1.000000e-50  1.891802e-02  1.924992e-02  5.974112e-03  2.190508e-02  1.000000e-50  6.770660e-02  5.940923e-02  6.438765e-02  1.000000e-50  1.161633e-02  1.686027e-01  1.891802e-02  1.000000e-50  1.692665e-01  9.624959e-03  1.000000e-50  9.293063e-03  3.318951e-04  4.314637e-03  1.000000e-50  4.712911e-02  2.522403e-02  1.121806e-01  1.692665e-02  1.000000e-50  4.314637e-02  2.655161e-03  1.294391e-02 
4.443162e-02  1.000000e-50  3.317946e-03  8.799769e-03  1.200231e-01  1.442585e-03  1.000000e-50  1.000000e-50  8.655511e-04  1.000000e-50  2.409117e-02  1.000000e-50  1.168494e-02  1.000000e-50  1.298327e-03  1.000000e-50  2.815926e-01  1.000000e-50  1.731102e-03  1.000000e-50  3.173687e-03  2.557703e-01  1.875361e-03  1.000000e-50  1.000000e-50  1.000000e-50  1.875361e-03  6.780150e-03  1.992210e-01  2.019619e-03  1.000000e-50  1.000000e-50  1.000000e-50  7.212926e-04  2.928448e-02 
4.145539e-02  1.770305e-02  2.481986e-02  1.000000e-50  1.000000e-50  1.049729e-02  1.000000e-50  4.652611e-02  4.794947e-02  1.103105e-02  4.572547e-02  9.162886e-03  1.403790e-01  3.086914e-02  5.382083e-02  1.000000e-50  1.000000e-50  8.433413e-02  2.873410e-02  1.000000e-50  3.914243e-03  1.138689e-02  8.362245e-03  3.914243e-03  1.000000e-50  1.565697e-02  1.000000e-50  1.369985e-02  2.891202e-02  1.138689e-01  2.677698e-02  1.000000e-50  1.351303e-01  1.000000e-50  4.536963e-02 
2.683581e-03  1.383264e-01  1.854111e-02  1.000000e-50  1.146621e-02  2.146865e-02  1.000000e-50  2.049280e-02  4.488900e-02  6.586972e-03  9.002196e-02  1.000000e-50  9.246158e-02  1.000244e-02  2.683581e-02  1.000000e-50  1.000000e-50  4.781654e-02  2.464016e-02  1.049036e-02  1.000000e-50  1.488168e-02  1.000244e-02  7.806782e-03  1.000000e-50  1.000000e-50  1.000000e-50  7.318858e-03  5.928275e-02  5.415955e-02  2.561600e-02  1.000000e-50  1.761405e-01  1.000000e-50  7.806782e-02 
5.122494e-03  1.000000e-50  4.387528e-02  1.000000e-50  1.000000e-50  1.000000e-50  1.000000e-50  1.000000e-50  3.674833e-02  1.937639e-02  1.000000e-50  4.409800e-02  6.213808e-02  3.340757e-03  6.904232e-03  2.650334e-02  1.000000e-50  8.374165e-02  7.349666e-03  1.000000e-50  9.398664e-02  1.000000e-50  8.908686e-03  2.427617e-02  1.000000e-50  1.000000e-50  1.000000e-50  6.124722e-02  4.432071e-02  2.427617e-02  6.436526e-02  1.866370e-01  1.380846e-02  1.000000e-50  1.389755e-01 
3.225806e-02  1.751762e-02  8.651997e-03  2.777184e-03  1.000000e-50  8.224738e-03  1.000000e-50  5.458235e-02  6.985687e-02  2.990814e-03  1.111942e-01  1.506088e-02  7.541124e-02  7.551805e-02  7.626576e-02  2.029481e-03  1.000000e-50  9.527879e-02  3.044221e-02  5.874813e-03  7.583850e-03  1.000000e-50  1.174963e-03  6.195257e-03  1.000000e-50  4.358043e-02  1.000000e-50  1.709037e-02  4.774621e-02  6.045717e-02  1.089511e-02  1.000000e-50  9.100620e-02  3.311258e-03  2.702414e-02 
1.000000e-50  1.000000e-50  2.203857e-02  1.000000e-50  1.000000e-50  4.132231e-03  1.000000e-50  1.000000e-50  1.000000e-50  1.000000e-50  1.000000e-50  1.000000e-50  1.000000e-50  6.735537e-01  8.608815e-02  1.000000e-50  1.000000e-50  1.000000e-50  1.549587e-01  1.000000e-50  1.000000e-50  1.000000e-50  4.820937e-03  2.754821e-03  1.000000e-50  1.000000e-50  1.000000e-50  5.509642e-03  1.000000e-50  1.000000e-50  9.641873e-03  1.000000e-50  1.000000e-50  3.650138e-02  1.000000e-50 
2.900363e-02  7.000875e-03  2.512814e-02  1.000000e-50  1.000000e-50  6.938367e-02  1.000000e-50  1.000000e-50  1.150144e-02  4.250531e-03  1.000000e-50  3.325416e-02  1.132642e-01  1.025128e-02  1.750219e-02  1.450181e-02  1.925241e-02  5.913239e-02  3.362920e-02  1.000000e-50  1.000000e-50  1.287661e-02  7.375922e-03  1.350169e-02  1.000000e-50  1.000000e-50  2.112764e-02  1.237655e-02  3.600450e-02  9.438680e-02  5.638205e-02  1.000000e-50  7.125891e-03  1.000000e-50  2.917865e-01 


#DOUBLE_1x35_DISCRETE_HIDDEN_DOMINANT-EIGENVECTOR
2.691556e-02  8.388740e-03  9.358080e-03  1.483527e-03  1.047909e-02  8.406554e-03  3.522953e-02  1.407556e-02  1.480542e-02  1.495646e-01  3.849764e-02  1.020935e-02  5.132253e-02  6.796310e-02  1.222975e-01  2.148902e-02  2.029326e-02  4.712965e-02  1.986301e-02  1.843312e-03  1.345379e-02  1.898237e-02  2.867935e-03  9.909607e-03  2.794513e-02  4.747997e-03  2.605055e-02  1.358445e-02  3.088565e-02  5.014055e-02  1.839642e-02  2.022018e-02  4.113124e-02  6.406180e-03  3.566286e-02  

#DOUBLE_35x20_DISCRETE_AA_EMISSION
3.593310e-02  1.672462e-02  9.869184e-02  6.027488e-02  3.295248e-02  1.523431e-02  3.013744e-02  2.715681e-02  9.653916e-02  6.358669e-02  1.970525e-02  6.474582e-02  1.000000e-50  5.646630e-02  6.507700e-02  8.213280e-02  1.548270e-01  3.626428e-02  9.935420e-03  3.361484e-02 
1.000000e-50  1.000000e-50  1.000000e-50  1.000000e-50  1.000000e-50  1.000000e-50  1.000000e-50  1.000000e-50  1.000000e-50  1.005291e-02  1.000000e-50  1.428571e-02  8.814815e-01  1.000000e-50  1.000000e-50  3.809524e-02  2.116402e-02  3.492063e-02  1.000000e-50  1.000000e-50 
1.232812e-02  2.844950e-03  1.280228e-02  9.483167e-03  7.112376e-03  8.852537e-01  6.164059e-03  2.844950e-03  1.280228e-02  5.215742e-03  1.422475e-03  4.267425e-03  1.000000e-50  7.586534e-03  8.534851e-03  1.185396e-02  7.112376e-03  1.000000e-50  1.000000e-50  2.370792e-03 
1.000000e-50  1.000000e-50  1.000000e-50  1.000000e-50  1.000000e-50  1.000000e+00  1.000000e-50  1.000000e-50  1.000000e-50  1.000000e-50  1.000000e-50  1.000000e-50  1.000000e-50  1.000000e-50  1.000000e-50  1.000000e-50  1.000000e-50  1.000000e-50  1.000000e-50  1.000000e-50 
9.692373e-02  1.000000e-50  1.601349e-01  1.361146e-01  2.149178e-02  4.804046e-02  1.000000e-50  1.938475e-02  8.765276e-02  5.309735e-02  1.685630e-02  5.941846e-02  1.000000e-50  4.340497e-02  4.972609e-02  9.903076e-02  4.298357e-02  2.064897e-02  1.348504e-02  3.160556e-02 
7.069672e-02  2.254098e-02  9.579918e-02  5.891393e-02  2.510246e-02  1.946721e-01  4.200820e-02  2.100410e-02  5.686475e-02  5.635246e-02  1.741803e-02  1.080943e-01  2.049180e-03  3.176230e-02  4.508197e-02  5.891393e-02  3.073770e-02  2.612705e-02  9.733607e-03  2.612705e-02 
1.054435e-01  1.000000e-50  1.049359e-01  1.709174e-01  3.337140e-02  5.405405e-02  2.436239e-02  2.867656e-02  4.885167e-02  6.851922e-02  2.195153e-02  3.438650e-02  1.000000e-50  5.671869e-02  4.796346e-02  5.709935e-02  5.633803e-02  7.448293e-02  1.192742e-02  1.000000e-50 
1.040123e-01  9.876543e-03  9.475309e-02  8.148148e-02  2.376543e-02  2.623457e-02  2.037037e-02  2.932099e-02  9.876543e-02  8.827160e-02  1.049383e-02  3.117284e-02  1.061728e-01  3.240741e-02  5.462963e-02  7.376543e-02  4.320988e-02  4.537037e-02  8.641975e-03  1.728395e-02 
1.264644e-01  1.592070e-02  4.025233e-02  7.840192e-02  3.664764e-02  1.381796e-02  1.982577e-02  2.853710e-02  7.179333e-02  5.857615e-02  1.381796e-02  2.102734e-02  1.928507e-01  2.583358e-02  5.346951e-02  5.166717e-02  3.664764e-02  6.248123e-02  1.141484e-02  4.055272e-02 
1.371209e-01  1.586033e-02  3.686936e-02  7.569167e-02  4.068649e-02  2.914632e-02  1.867140e-02  7.217044e-02  6.971445e-02  1.324456e-01  3.062583e-02  2.899837e-02  8.877053e-05  5.003699e-02  6.542388e-02  3.506436e-02  3.746116e-02  6.962568e-02  1.526853e-02  3.902944e-02 
8.910094e-02  1.000000e-50  5.380547e-02  9.450448e-02  2.483330e-02  3.472063e-02  2.299379e-02  4.437802e-02  7.381007e-02  7.013106e-02  2.126926e-02  2.609795e-02  1.699241e-01  3.437572e-02  4.092895e-02  5.782939e-02  3.483559e-02  4.920671e-02  2.621292e-02  3.104162e-02 
1.126638e-01  1.000000e-50  2.882096e-02  7.467249e-02  5.895197e-02  6.113537e-02  1.000000e-50  9.606987e-02  1.000000e-50  2.157205e-01  1.000000e-50  1.790393e-02  1.397380e-02  4.017467e-02  6.943231e-02  1.000000e-50  4.716157e-02  1.034934e-01  1.000000e-50  5.982533e-02 
3.979758e-02  2.658890e-02  1.886954e-01  5.635132e-02  2.727507e-02  3.233553e-02  2.864740e-02  2.890471e-02  5.000429e-02  4.991852e-02  1.132173e-02  1.193927e-01  6.793035e-02  2.950510e-02  4.322841e-02  8.988764e-02  4.700232e-02  3.079166e-02  8.834377e-03  2.358693e-02 
1.093780e-01  2.554104e-02  1.527263e-02  4.919737e-02  8.162735e-02  3.639436e-02  2.749074e-02  5.153701e-02  4.887242e-02  4.796257e-02  2.586599e-02  1.572756e-02  1.000000e-50  3.489959e-02  5.764606e-02  8.663157e-02  8.669656e-02  1.029440e-01  2.222655e-02  7.408852e-02 
4.113480e-02  2.085506e-02  3.473446e-02  4.530581e-02  5.264104e-02  1.150624e-02  2.196972e-02  1.337241e-01  4.861386e-02  1.354500e-01  1.923699e-02  3.045558e-02  1.085901e-02  2.847794e-02  4.530581e-02  2.826220e-02  5.889756e-02  1.684945e-01  1.830211e-02  4.577326e-02 
6.556017e-02  1.639004e-02  3.381743e-02  7.593361e-02  5.892116e-02  2.946058e-02  2.634855e-02  1.128631e-01  6.224066e-02  1.261411e-01  2.842324e-02  2.116183e-02  1.000000e-50  4.439834e-02  4.834025e-02  3.215768e-02  3.775934e-02  1.043568e-01  2.178423e-02  5.394191e-02 
1.084284e-01  1.316945e-02  1.273047e-01  8.933275e-02  2.304653e-02  4.543459e-02  2.502195e-02  4.170325e-03  7.287094e-02  1.003073e-01  2.546093e-02  6.474978e-02  1.000000e-50  5.904302e-02  5.618964e-02  1.040386e-01  4.367867e-02  1.163301e-02  1.075505e-02  1.536435e-02 
9.001758e-02  2.164863e-02  1.489499e-02  5.791470e-02  5.208622e-02  1.563512e-02  1.424739e-02  1.054677e-01  6.883153e-02  1.643075e-01  3.284300e-02  1.508003e-02  1.000000e-50  4.857064e-02  4.524008e-02  2.275881e-02  5.319641e-02  1.130539e-01  2.007586e-02  4.412989e-02 
1.923937e-02  1.096197e-02  7.897092e-02  2.013423e-03  5.145414e-03  6.223714e-01  8.724832e-03  1.000000e-50  6.487696e-03  3.803132e-03  2.237136e-03  4.295302e-02  1.342282e-03  3.579418e-03  7.829978e-03  8.366890e-02  9.284116e-02  1.000000e-50  1.342282e-03  6.487696e-03 
2.120482e-01  1.000000e-50  1.000000e-50  2.192771e-01  1.000000e-50  2.650602e-02  1.000000e-50  1.000000e-50  2.168675e-01  1.000000e-50  1.000000e-50  1.000000e-50  1.000000e-50  8.433735e-02  1.036145e-01  1.000000e-50  4.819277e-02  1.000000e-50  2.891566e-02  6.024096e-02 
7.402423e-03  3.364738e-03  2.119785e-02  1.043069e-02  1.648721e-02  8.196501e-01  1.043069e-02  1.000000e-50  1.816958e-02  7.402423e-03  7.738896e-03  4.407806e-02  1.000000e-50  3.028264e-03  9.421265e-03  7.065949e-03  5.047106e-03  1.000000e-50  4.374159e-03  4.710633e-03 
2.851133e-02  1.215237e-02  1.236270e-01  3.482122e-02  7.081094e-02  5.234868e-02  4.627249e-02  2.687544e-02  2.757654e-02  9.558308e-02  1.799486e-02  1.491003e-01  4.440290e-03  3.739191e-02  4.790839e-02  3.949521e-02  6.870764e-02  2.710914e-02  2.126665e-02  6.800654e-02 
3.975535e-02  1.000000e-50  5.657492e-02  1.834862e-02  1.070336e-02  6.651376e-01  1.000000e-50  3.058104e-03  3.516820e-02  1.987768e-02  4.587156e-03  3.363914e-02  1.000000e-50  1.223242e-02  1.681957e-02  7.033639e-02  1.000000e-50  1.000000e-50  6.116208e-03  7.645260e-03 
1.000000e-50  1.000000e-50  1.000000e-50  1.000000e-50  1.000000e-50  1.000000e+00  1.000000e-50  1.000000e-50  1.000000e-50  1.000000e-50  1.000000e-50  1.000000e-50  1.000000e-50  1.000000e-50  1.000000e-50  1.000000e-50  1.000000e-50  1.000000e-50  1.000000e-50  1.000000e-50 
1.693063e-01  1.330377e-02  4.529617e-02  9.265125e-02  1.710485e-02  2.470700e-02  9.344314e-03  3.769401e-02  9.217612e-02  1.398480e-01  3.420969e-02  4.228698e-02  1.000000e-50  6.097561e-02  7.966424e-02  5.749129e-02  2.660754e-02  3.262591e-02  6.335128e-03  1.837187e-02 
1.841360e-01  1.000000e-50  7.176582e-02  1.038716e-01  1.000000e-50  1.605288e-02  1.000000e-50  4.910293e-02  6.987724e-02  1.331445e-01  1.000000e-50  1.000000e-50  1.038716e-01  2.644004e-02  7.176582e-02  5.949008e-02  2.927290e-02  5.760151e-02  1.000000e-50  2.360718e-02 
1.024987e-01  1.937787e-02  6.136325e-02  1.234064e-01  2.872684e-02  3.110658e-02  1.682815e-02  3.229645e-02  9.824919e-02  1.053884e-01  2.872684e-02  4.555499e-02  2.549720e-03  5.643379e-02  8.295088e-02  5.473398e-02  3.263641e-02  3.365630e-02  1.325854e-02  3.025667e-02 
4.895799e-02  1.323189e-02  1.339729e-01  5.855111e-02  2.282501e-02  7.409858e-02  3.506451e-02  1.000000e-50  9.956996e-02  2.447899e-02  1.290109e-02  2.623222e-01  1.000000e-50  5.722792e-02  6.351307e-02  5.259676e-02  4.631161e-03  1.000000e-50  1.025471e-02  2.580218e-02 
1.222318e-01  1.725626e-02  5.996549e-02  9.476560e-02  3.293069e-02  5.234397e-02  3.278689e-02  3.451251e-02  7.333909e-02  6.399195e-02  2.171412e-02  3.048605e-02  4.630429e-02  4.083980e-02  5.162496e-02  1.061260e-01  3.753236e-02  3.393730e-02  2.142652e-02  2.588438e-02 
5.919440e-02  2.127846e-02  3.213660e-02  5.919440e-02  5.350263e-02  1.000000e-50  3.861646e-02  5.385289e-02  6.637478e-02  4.921191e-02  1.795096e-02  3.957968e-02  1.000000e-50  4.562172e-02  6.182137e-02  1.106830e-01  1.295096e-01  9.772329e-02  1.506130e-02  4.868651e-02 
5.954677e-02  2.434908e-02  1.415140e-01  4.339441e-02  6.002893e-02  2.434908e-02  5.303761e-02  3.375121e-02  5.014465e-02  5.351977e-02  2.314368e-02  1.470588e-01  1.000000e-50  3.351013e-02  5.761813e-02  5.255545e-02  3.519769e-02  3.953713e-02  1.518804e-02  5.255545e-02 
6.653491e-02  2.195872e-02  3.096179e-02  6.411946e-02  6.829161e-02  1.734739e-02  4.084321e-02  4.677207e-02  6.960913e-02  1.436100e-01  2.854633e-02  5.028546e-02  1.000000e-50  3.579271e-02  5.533597e-02  6.082565e-02  7.949056e-02  5.423803e-02  1.163812e-02  5.379886e-02 
8.149171e-02  7.862303e-03  4.345516e-02  3.538037e-02  9.243519e-03  4.600510e-02  1.455589e-02  1.000000e-50  3.495538e-02  1.657459e-02  9.243519e-03  1.147471e-02  4.751381e-01  1.476838e-02  2.656184e-02  1.091160e-01  5.418615e-02  1.000000e-50  2.974926e-03  7.012325e-03 
6.344828e-02  1.034483e-02  5.655172e-02  5.034483e-02  2.551724e-02  2.344828e-02  2.482759e-02  9.517241e-02  5.655172e-02  1.441379e-01  2.206897e-02  3.241379e-02  2.275862e-02  2.965517e-02  4.413793e-02  5.793103e-02  6.965517e-02  1.427586e-01  1.034483e-02  1.793103e-02 
6.685511e-02  2.802015e-02  5.702347e-02  7.275409e-02  3.416493e-02  7.508910e-02  2.912621e-02  4.842079e-02  7.152513e-02  8.553521e-02  1.548482e-02  3.711442e-02  4.817500e-02  2.826595e-02  4.903527e-02  7.459752e-02  6.808406e-02  6.365983e-02  1.536193e-02  3.170702e-02 


#DOUBLE_35x3_DISCRETE_SS_EMISSION
1.000000e-50  1.000000e-50  1.000000e+00 
1.000000e-50  1.000000e-50  1.000000e+00 
3.034614e-02  1.033665e-01  8.662873e-01 
1.000000e-50  1.000000e-50  1.000000e+00 
4.201681e-04  1.000000e-50  9.995798e-01 
1.000000e-50  1.947719e-02  9.805228e-01 
1.000000e+00  1.000000e-50  1.000000e-50 
1.000000e-50  1.000000e-50  1.000000e+00 
6.009615e-04  1.000000e-50  9.993990e-01 
1.000000e+00  1.000000e-50  1.000000e-50 
1.000000e+00  1.000000e-50  1.000000e-50 
9.938731e-01  1.000000e-50  6.126915e-03 
1.287222e-03  1.630481e-03  9.970823e-01 
1.000000e-50  1.000000e+00  1.000000e-50 
1.000000e-50  1.000000e+00  1.000000e-50 
1.000000e+00  1.000000e-50  1.000000e-50 
1.430458e-02  1.000000e-50  9.856954e-01 
1.000000e-50  1.000000e-50  1.000000e+00 
1.000000e-50  3.726847e-01  6.273153e-01 
7.159905e-03  1.000000e-50  9.928401e-01 
6.811989e-04  1.702997e-03  9.976158e-01 
1.000000e-50  1.000000e-50  1.000000e+00 
3.265941e-02  1.555210e-02  9.517885e-01 
1.000000e-50  9.459459e-03  9.905405e-01 
1.000000e+00  1.000000e-50  1.000000e-50 
1.000000e-50  1.000000e-50  1.000000e+00 
1.000000e+00  1.000000e-50  1.000000e-50 
5.240747e-03  4.520144e-02  9.495578e-01 
1.000000e-50  7.197351e-04  9.992803e-01 
1.000000e-50  1.000000e-50  1.000000e+00 
2.876318e-03  4.650048e-02  9.506232e-01 
1.000000e+00  1.000000e-50  1.000000e-50 
1.000000e-50  1.309248e-01  8.690752e-01 
1.000000e-50  1.000000e+00  1.000000e-50 
1.391454e-02  1.000000e-50  9.860855e-01 


#DOUBLE_35x2_DISCRETE_CIS_EMISSION
1.000000e+00  1.000000e-50 
9.727177e-01  2.728227e-02 
9.966919e-01  3.308129e-03 
1.000000e+00  1.000000e-50 
1.000000e+00  1.000000e-50 
1.000000e+00  1.000000e-50 
1.000000e+00  1.000000e-50 
1.000000e+00  1.000000e-50 
1.000000e+00  1.000000e-50 
1.000000e+00  1.000000e-50 
1.000000e+00  1.000000e-50 
1.000000e+00  1.000000e-50 
9.956380e-01  4.361957e-03 
1.000000e+00  1.000000e-50 
1.000000e+00  1.000000e-50 
1.000000e+00  1.000000e-50 
1.000000e+00  1.000000e-50 
1.000000e+00  1.000000e-50 
1.000000e+00  1.000000e-50 
1.000000e+00  1.000000e-50 
1.000000e+00  1.000000e-50 
1.000000e+00  1.000000e-50 
1.000000e+00  1.000000e-50 
1.000000e+00  1.000000e-50 
1.000000e+00  1.000000e-50 
1.000000e+00  1.000000e-50 
1.000000e+00  1.000000e-50 
1.000000e+00  1.000000e-50 
1.000000e+00  1.000000e-50 
9.988643e-01  1.135669e-03 
9.990398e-01  9.601536e-04 
1.000000e+00  1.000000e-50 
9.690144e-01  3.098562e-02 
9.986197e-01  1.380262e-03 
9.874462e-01  1.255385e-02 


#DOUBLE_35x3_TORUS_TORUS_KAPPA
2.342153e+01  1.917381e+01  6.930747e+00 
1.134790e+02  8.833494e+01  4.233178e+01 
9.447630e+00  6.883344e+00  1.989519e+00 
4.970738e+00  2.777627e+00  3.144223e-02 
4.345689e+01  1.913196e+01  6.521456e+00 
1.665794e+01  5.484667e+00  2.342994e+00 
1.899925e+02  1.687660e+02  5.268352e+01 
6.781057e+01  5.401060e+01  2.250817e+01 
8.236775e+01  6.741371e+01  1.598570e+01 
3.201993e+02  2.583175e+02  9.229370e+01 
1.333308e+02  1.014914e+02  4.168641e+01 
6.039361e+01  4.997648e+01  1.392956e+01 
1.210801e+01  3.070146e+00  -6.120202e-01 
1.975768e+01  2.285280e+01  4.467390e+00 
8.678329e+00  1.427158e+01  -6.440156e-01 
7.568570e+01  9.906492e+01  3.026065e+01 
1.024645e+02  8.713099e+01  3.526018e+01 
1.084375e+01  1.278625e+01  1.481079e-01 
2.739554e+00  9.190619e+00  1.243099e-01 
4.260637e+01  3.973667e+01  1.407047e+01 
7.976224e+01  4.662026e+01  2.162341e+01 
4.889262e+01  4.185821e+01  1.466424e+01 
3.469393e+01  2.672047e+01  2.457251e+00 
2.500572e+01  1.973143e+01  4.512537e+00 
2.153388e+02  1.375488e+02  6.215767e+01 
2.106001e+02  1.721407e+02  7.167088e+01 
4.324261e+01  2.855650e+01  2.834045e+00 
1.423484e+02  7.314674e+01  3.658594e+01 
2.056209e+02  1.265768e+02  6.548994e+01 
1.067119e+01  1.098385e+01  1.246111e+00 
1.022749e+01  5.864199e+00  1.881353e-01 
1.707536e+01  1.809889e+01  4.466482e+00 
7.239897e+01  5.136512e+01  2.116314e+01 
1.314290e+01  1.152294e+01  2.625398e+00 
4.664616e+00  3.856996e+00  2.667418e-01 


#DOUBLE_35x2_TORUS_TORUS_MU
-1.831570e+00  -1.238237e-01 
-1.065613e+00  -4.075988e-01 
1.596668e+00  -3.090642e+00 
1.974626e+00  -1.831971e-01 
-1.233126e+00  -3.978652e-01 
1.076124e+00  6.365097e-01 
-1.153101e+00  -7.023071e-01 
-1.239091e+00  -5.621261e-01 
-1.011212e+00  2.334447e+00 
-1.100445e+00  -7.425396e-01 
-1.006406e+00  -6.662659e-01 
-9.406791e-01  -8.246596e-01 
-1.432520e+00  2.179155e+00 
-2.405277e+00  2.613512e+00 
-1.876163e+00  2.229847e+00 
-1.171725e+00  -8.850662e-01 
-1.486632e+00  -6.574219e-02 
-1.455695e+00  2.444804e+00 
-2.505663e+00  -3.089328e+00 
-9.224108e-01  -7.149216e-01 
1.333053e+00  2.285939e-01 
-1.771577e+00  2.023590e-01 
1.015819e+00  -2.233838e+00 
1.678462e+00  -7.678450e-02 
-1.087148e+00  -5.515527e-01 
-9.479504e-01  -6.616984e-01 
-1.265071e+00  -5.687667e-01 
9.676158e-01  7.073616e-01 
-1.095830e+00  -3.914129e-01 
-2.349592e+00  2.639574e+00 
-2.308735e+00  1.374859e+00 
-1.591336e+00  -3.789680e-01 
-1.183029e+00  2.636514e+00 
-1.651210e+00  -5.005202e-01 
-1.635682e+00  -4.900253e-01 


