#DOUBLE_1x45_DISCRETE_HIDDEN_START
1.312155e-02  1.726519e-02  1.174033e-02  5.939227e-02  8.977901e-03  3.936464e-02  1.208564e-01  1.000000e-50  1.000000e-50  2.002762e-02  1.000000e-50  6.146409e-02  3.453039e-03  1.000000e-50  2.140884e-02  1.000000e-50  6.215470e-03  2.071823e-02  2.762431e-02  9.530387e-02  1.000000e-50  1.000000e-50  2.486188e-02  1.077348e-01  1.000000e-50  1.000000e-50  1.000000e-50  1.000000e-50  8.977901e-03  1.000000e-50  3.453039e-02  1.000000e-50  1.000000e-50  1.000000e-50  1.000000e-50  7.596685e-02  5.524862e-03  2.071823e-03  1.933702e-02  4.143646e-02  7.044199e-02  5.524862e-02  2.140884e-02  5.524862e-03  1.000000e-50  

#DOUBLE_45x45_DISCRETE_HIDDEN_TRANSITION
5.356186e-04  1.000000e-50  1.000000e-50  1.035529e-02  2.285306e-02  4.284949e-03  1.235494e-01  1.000000e-50  1.000000e-50  2.338868e-02  1.410462e-02  9.998215e-03  9.391180e-02  3.677915e-02  1.339047e-02  1.731834e-02  2.499554e-03  3.749330e-03  4.231387e-02  1.342617e-01  1.000000e-50  5.213355e-02  3.588645e-02  1.000000e-50  1.000000e-50  1.000000e-50  1.356901e-02  1.000000e-50  8.587752e-02  1.000000e-50  8.391359e-03  3.552937e-02  1.000000e-50  1.000000e-50  1.000000e-50  1.000000e-50  6.427424e-03  8.212819e-03  2.642385e-02  5.981075e-02  1.144438e-01  1.000000e-50  1.000000e-50  1.000000e-50  1.000000e-50 
4.855678e-03  1.923388e-01  1.000000e-50  3.300513e-01  3.237119e-03  1.092528e-02  1.000000e-50  1.000000e-50  1.000000e-50  4.720798e-03  1.443216e-02  1.000000e-50  1.000000e-50  1.000000e-50  1.100620e-01  1.888319e-03  1.000000e-50  3.776639e-03  1.000000e-50  3.371999e-03  4.990558e-03  1.000000e-50  1.000000e-50  1.213920e-02  1.000000e-50  1.000000e-50  7.067710e-02  1.000000e-50  1.213920e-02  1.000000e-50  1.416240e-01  1.000000e-50  1.000000e-50  1.000000e-50  1.000000e-50  1.000000e-50  1.618559e-02  2.292959e-02  1.308336e-02  6.204478e-03  1.429728e-02  6.069598e-03  1.000000e-50  1.000000e-50  1.000000e-50 
2.984340e-01  1.073826e-02  1.000000e-50  1.387025e-02  1.208054e-02  1.000000e-50  1.127517e-01  1.000000e-50  1.000000e-50  1.225951e-01  2.371365e-02  1.610738e-02  1.000000e-50  7.158837e-03  4.026846e-03  9.843400e-03  1.000000e-50  7.606264e-03  2.281879e-02  2.953020e-02  1.000000e-50  5.816555e-03  1.923937e-02  8.277405e-02  1.000000e-50  1.000000e-50  1.000000e-50  1.000000e-50  8.590604e-02  1.000000e-50  1.252796e-02  4.026846e-03  1.000000e-50  1.000000e-50  1.000000e-50  1.000000e-50  8.948546e-03  2.237136e-03  2.281879e-02  2.460850e-02  3.982103e-02  1.000000e-50  1.000000e-50  1.000000e-50  1.000000e-50 
1.000000e-50  1.000000e-50  1.000000e-50  4.748955e-01  5.613422e-04  1.690264e-02  1.000000e-50  1.000000e-50  1.000000e-50  1.000000e-50  8.607248e-03  1.000000e-50  1.000000e-50  3.305682e-03  5.700742e-02  1.060313e-03  1.000000e-50  1.000000e-50  1.000000e-50  5.800536e-03  1.000000e-50  1.122684e-03  2.744340e-03  5.363937e-03  1.000000e-50  1.000000e-50  1.632258e-01  1.000000e-50  1.000000e-50  1.000000e-50  2.197967e-01  1.000000e-50  1.000000e-50  1.000000e-50  1.000000e-50  1.000000e-50  1.297324e-02  4.303624e-03  2.931454e-03  5.925279e-03  1.103973e-02  2.432483e-03  1.000000e-50  1.000000e-50  1.000000e-50 
1.000000e-50  1.770538e-02  6.055241e-02  1.000000e-50  1.000000e-50  1.000000e-50  1.983003e-02  1.000000e-50  1.000000e-50  3.576487e-02  1.000000e-50  5.134561e-02  4.125354e-01  1.000000e-50  1.947592e-02  1.000000e-50  1.000000e-50  3.470255e-02  1.000000e-50  1.062323e-03  1.000000e-50  1.451841e-01  1.133144e-02  4.709632e-02  1.000000e-50  1.000000e-50  1.000000e-50  1.000000e-50  1.983003e-02  1.000000e-50  1.000000e-50  6.373938e-03  1.000000e-50  1.000000e-50  1.000000e-50  1.000000e-50  1.000000e-50  1.274788e-02  1.000000e-50  7.082153e-03  2.797450e-02  4.355524e-02  1.000000e-50  2.584986e-02  1.000000e-50 
3.707080e-02  1.853540e-02  2.795503e-02  1.185050e-02  4.284412e-02  1.000000e-50  1.367366e-02  1.000000e-50  1.000000e-50  8.143421e-02  1.002735e-02  2.835005e-01  1.000000e-50  1.000000e-50  1.000000e-50  1.000000e-50  1.000000e-50  1.000000e-50  1.000000e-50  4.041325e-02  1.000000e-50  1.367366e-02  9.419629e-03  1.975084e-02  6.077180e-03  1.000000e-50  1.000000e-50  1.000000e-50  1.671225e-02  1.000000e-50  1.000000e-50  4.618657e-02  1.000000e-50  1.000000e-50  1.000000e-50  1.245822e-02  1.000000e-50  1.000000e-50  4.861744e-03  1.000000e-50  7.900334e-03  2.339714e-02  8.994227e-02  1.823154e-01  1.000000e-50 
2.247328e-02  1.000000e-50  1.000000e-50  5.709427e-03  1.263362e-02  1.396987e-02  1.542760e-01  1.000000e-50  1.000000e-50  1.000000e-50  6.243926e-02  3.194849e-02  1.000000e-50  2.101555e-02  6.681244e-03  1.000000e-50  1.000000e-50  7.580175e-02  8.260447e-03  3.182702e-02  1.000000e-50  2.065112e-02  3.328474e-02  1.235423e-01  7.288630e-03  1.000000e-50  7.045675e-03  4.166667e-02  2.186589e-02  1.000000e-50  2.137998e-02  3.206997e-02  1.000000e-50  1.000000e-50  1.000000e-50  1.026482e-01  1.360544e-02  1.000000e-50  3.437804e-02  9.961127e-03  6.183188e-02  1.000000e-50  1.000000e-50  2.174441e-02  1.000000e-50 
1.489668e-02  1.000000e-50  1.000000e-50  1.000000e-50  3.411821e-02  2.835175e-02  3.459875e-02  1.000000e-50  1.000000e-50  3.748198e-02  1.000000e-50  2.450745e-02  3.190774e-01  1.000000e-50  1.000000e-50  1.000000e-50  1.000000e-50  1.153292e-02  1.000000e-50  8.553580e-02  1.000000e-50  2.936088e-01  9.610764e-03  8.649688e-03  1.000000e-50  1.000000e-50  9.130226e-03  1.000000e-50  1.000000e-50  1.000000e-50  1.000000e-50  1.000000e-50  1.000000e-50  1.000000e-50  1.000000e-50  1.000000e-50  1.681884e-02  1.000000e-50  1.000000e-50  4.997597e-02  1.000000e-50  1.000000e-50  1.000000e-50  2.210476e-02  1.000000e-50 
1.000000e-50  1.000000e-50  1.000000e-50  1.000000e-50  1.000000e-50  1.000000e-50  1.000000e-50  1.000000e-50  6.452826e-01  1.000000e-50  1.000000e-50  1.000000e-50  1.000000e-50  1.000000e-50  1.000000e-50  1.000000e-50  1.000000e-50  1.000000e-50  1.000000e-50  1.000000e-50  1.000000e-50  1.000000e-50  4.237962e-04  1.000000e-50  1.000000e-50  1.960057e-03  1.000000e-50  1.000000e-50  1.000000e-50  1.336547e-01  1.000000e-50  1.000000e-50  4.079038e-03  1.801134e-03  1.000000e-50  1.000000e-50  1.000000e-50  1.000000e-50  5.297452e-04  1.000000e-50  1.000000e-50  1.000000e-50  1.789479e-01  1.000000e-50  3.332097e-02 
1.257707e-01  1.000000e-50  1.331689e-02  1.000000e-50  1.000000e-50  1.000000e-50  7.028360e-02  1.000000e-50  1.000000e-50  1.235512e-01  8.877928e-03  6.165228e-03  1.000000e-50  8.384710e-03  1.000000e-50  1.000000e-50  1.000000e-50  8.631319e-03  1.000000e-50  1.000000e-50  1.000000e-50  4.438964e-03  2.934649e-02  5.006165e-02  1.000000e-50  1.972873e-02  3.452528e-03  3.353884e-02  1.220715e-01  1.000000e-50  1.000000e-50  1.000000e-50  1.000000e-50  1.000000e-50  1.000000e-50  1.948212e-02  6.905055e-03  2.219482e-03  9.124538e-03  1.578298e-02  5.030826e-02  1.000000e-50  1.000000e-50  2.685573e-01  1.000000e-50 
4.347826e-02  2.222949e-02  1.340307e-02  2.876757e-02  3.105590e-02  2.745995e-02  1.000000e-50  1.000000e-50  1.000000e-50  4.184374e-02  5.688133e-02  3.988231e-02  1.000000e-50  4.870873e-02  2.321020e-02  1.000000e-50  1.000000e-50  1.000000e-50  1.000000e-50  4.936254e-02  1.000000e-50  1.000000e-50  2.549853e-02  9.578294e-02  1.307617e-03  1.000000e-50  1.000000e-50  2.876757e-02  6.178490e-02  1.000000e-50  2.680615e-02  1.000000e-50  1.000000e-50  4.903563e-03  4.445897e-02  7.453416e-02  1.405688e-02  9.480222e-03  3.661327e-02  1.372998e-02  4.315136e-02  4.282445e-02  8.172605e-03  4.184374e-02  1.000000e-50 
1.000000e-50  1.000000e-50  1.000000e-50  1.000000e-50  1.000000e-50  1.000000e-50  1.264862e-03  1.000000e-50  1.000000e-50  1.000000e-50  1.000000e-50  8.727549e-02  1.000000e-50  1.000000e-50  1.000000e-50  1.000000e-50  5.603339e-02  1.000000e-50  1.000000e-50  1.000000e-50  1.000000e-50  1.000000e-50  1.000000e-50  1.000000e-50  1.034657e-01  1.391348e-03  1.000000e-50  1.000000e-50  1.000000e-50  3.035669e-03  1.000000e-50  1.000000e-50  1.000000e-50  2.410827e-01  1.000000e-50  1.000000e-50  1.000000e-50  1.000000e-50  1.000000e-50  1.000000e-50  1.000000e-50  1.000000e-50  4.161396e-01  1.000000e-50  9.031116e-02 
1.886792e-02  1.000000e-50  1.000000e-50  3.560989e-02  1.000000e-50  1.700771e-02  4.650545e-02  1.000000e-50  1.000000e-50  1.089556e-02  2.232261e-02  1.000000e-50  5.049163e-03  5.740101e-02  1.807069e-02  1.000000e-50  1.000000e-50  1.000000e-50  1.490832e-01  2.838161e-01  1.000000e-50  1.000000e-50  7.972362e-03  2.338560e-02  4.517672e-03  1.000000e-50  1.700771e-02  1.000000e-50  1.886792e-02  1.000000e-50  4.969439e-02  1.000000e-50  1.000000e-50  9.832580e-03  1.000000e-50  1.000000e-50  5.314908e-03  1.000000e-50  5.580654e-03  2.577731e-02  1.424395e-01  1.000000e-50  1.275578e-02  1.222429e-02  1.000000e-50 
1.000000e-50  1.959141e-01  1.000000e-50  5.578837e-02  9.429020e-03  1.000000e-50  1.000000e-50  1.000000e-50  1.000000e-50  1.000000e-50  3.797800e-02  1.000000e-50  1.204819e-02  1.990571e-02  5.238345e-04  2.304872e-02  3.143007e-03  1.000000e-50  3.012048e-02  2.226296e-02  1.000000e-50  1.309586e-03  5.735987e-02  3.095862e-01  1.000000e-50  3.666841e-03  1.000000e-50  1.000000e-50  1.257203e-02  1.000000e-50  2.357255e-02  1.000000e-50  1.000000e-50  1.000000e-50  4.714510e-03  1.000000e-50  1.000000e-50  1.833421e-02  7.071765e-03  8.328968e-02  6.836040e-02  1.000000e-50  1.000000e-50  1.000000e-50  1.000000e-50 
1.000000e-50  1.043694e-01  1.000000e-50  1.724862e-01  1.316543e-02  1.812631e-02  4.865484e-02  1.000000e-50  1.000000e-50  4.178592e-02  2.652166e-02  1.984354e-02  1.000000e-50  1.000000e-50  1.908033e-02  8.204541e-03  1.000000e-50  6.678115e-03  5.724098e-03  2.232398e-02  1.047510e-01  1.000000e-50  6.487312e-03  2.652166e-02  1.000000e-50  1.000000e-50  8.261782e-02  1.000000e-50  3.243656e-03  1.000000e-50  1.326083e-01  1.000000e-50  1.000000e-50  1.000000e-50  1.000000e-50  2.518603e-02  7.059721e-03  2.862049e-03  1.000000e-50  1.755390e-02  6.029384e-02  1.000000e-50  1.000000e-50  2.385041e-02  1.000000e-50 
1.000000e-50  1.000000e-50  1.000000e-50  1.909855e-02  1.000000e-50  1.000000e-50  1.741788e-01  1.000000e-50  1.000000e-50  1.000000e-50  4.889228e-02  1.000000e-50  1.000000e-50  1.375095e-02  1.527884e-02  1.000000e-50  1.000000e-50  1.000000e-50  1.000000e-50  1.000000e-50  1.000000e-50  1.000000e-50  1.000000e-50  3.093965e-01  1.527884e-02  1.000000e-50  1.000000e-50  1.000000e-50  1.000000e-50  1.000000e-50  4.048892e-02  1.000000e-50  1.000000e-50  1.000000e-50  1.000000e-50  1.122995e-01  1.000000e-50  3.819710e-03  1.000000e-50  1.375095e-02  1.008403e-01  1.000000e-50  6.035141e-02  7.257448e-02  1.000000e-50 
2.959241e-02  1.000000e-50  1.000000e-50  1.000000e-50  1.000000e-50  1.000000e-50  1.000000e-50  3.015075e-02  1.000000e-50  1.000000e-50  1.000000e-50  1.000000e-50  1.000000e-50  1.000000e-50  1.000000e-50  1.000000e-50  1.000000e-50  1.000000e-50  1.000000e-50  1.000000e-50  1.000000e-50  1.000000e-50  1.228364e-02  1.000000e-50  7.113345e-01  1.000000e-50  1.000000e-50  2.847571e-02  1.000000e-50  4.969291e-02  1.000000e-50  1.000000e-50  9.380235e-02  1.000000e-50  1.000000e-50  1.000000e-50  1.000000e-50  1.000000e-50  1.000000e-50  1.000000e-50  5.025126e-03  1.000000e-50  1.000000e-50  3.964266e-02  1.000000e-50 
8.856683e-03  2.012882e-02  1.000000e-50  1.000000e-50  1.000000e-50  8.051530e-03  1.590177e-01  1.000000e-50  1.000000e-50  2.777778e-02  3.864734e-02  2.898551e-02  1.247987e-02  6.441224e-03  2.818035e-02  1.000000e-50  1.000000e-50  6.441224e-02  1.000000e-50  6.682770e-02  1.000000e-50  1.368760e-02  2.495974e-02  1.320451e-01  1.000000e-50  1.000000e-50  1.247987e-02  1.000000e-50  2.415459e-03  1.000000e-50  1.932367e-02  1.811594e-02  1.000000e-50  1.000000e-50  3.140097e-02  1.312399e-01  6.441224e-03  2.415459e-03  2.173913e-02  1.529791e-02  8.293076e-02  4.025765e-03  1.000000e-50  1.167472e-02  1.000000e-50 
1.000000e-50  1.000000e-50  1.000000e-50  1.124835e-01  5.205117e-02  1.120423e-01  1.000000e-50  1.000000e-50  1.000000e-50  1.000000e-50  1.000000e-50  1.000000e-50  1.000000e-50  4.146449e-02  6.749007e-02  1.367446e-02  1.000000e-50  1.000000e-50  3.352448e-02  1.230701e-01  1.000000e-50  1.000000e-50  1.000000e-50  6.528452e-02  1.000000e-50  1.000000e-50  1.455668e-02  1.000000e-50  1.000000e-50  1.000000e-50  6.704896e-02  1.000000e-50  1.000000e-50  1.000000e-50  1.000000e-50  1.000000e-50  8.822232e-03  3.528893e-03  1.279224e-02  6.131451e-02  7.543008e-02  1.354213e-01  1.000000e-50  1.000000e-50  1.000000e-50 
1.000000e-50  9.944571e-03  3.537659e-02  8.379524e-02  2.689925e-02  7.010108e-02  2.005217e-02  1.000000e-50  1.000000e-50  1.000000e-50  1.222693e-02  1.000000e-50  8.314314e-03  1.186828e-01  3.994131e-02  1.646560e-02  1.000000e-50  1.000000e-50  2.673622e-02  5.673296e-02  1.000000e-50  7.662211e-03  1.000000e-50  7.107923e-02  1.000000e-50  1.000000e-50  1.450929e-02  1.000000e-50  1.597652e-02  1.000000e-50  4.874470e-02  1.000000e-50  1.000000e-50  1.000000e-50  1.000000e-50  4.238670e-03  6.031953e-03  6.521030e-03  1.000000e-50  5.934138e-02  9.928269e-02  1.320509e-01  1.000000e-50  9.292468e-03  1.000000e-50 
1.000000e-50  6.721664e-01  1.000000e-50  1.000000e-50  7.173601e-04  1.000000e-50  1.000000e-50  1.000000e-50  1.000000e-50  1.000000e-50  5.738881e-03  1.000000e-50  4.304161e-03  1.000000e-50  1.000000e-50  1.000000e-50  1.000000e-50  1.000000e-50  1.000000e-50  1.000000e-50  3.299857e-02  1.000000e-50  2.869440e-03  1.000000e-50  1.000000e-50  1.000000e-50  5.164993e-02  1.000000e-50  1.000000e-50  1.000000e-50  8.034433e-02  1.000000e-50  1.000000e-50  1.000000e-50  1.000000e-50  1.000000e-50  4.304161e-03  1.406026e-01  4.304161e-03  1.000000e-50  1.000000e-50  1.000000e-50  1.000000e-50  1.000000e-50  1.000000e-50 
2.223104e-02  1.429139e-02  1.000000e-50  3.294958e-02  7.542676e-03  2.421596e-02  5.795951e-02  1.000000e-50  1.000000e-50  7.939659e-03  3.136165e-02  1.000000e-50  2.897975e-02  6.391425e-02  6.351727e-03  2.183406e-02  1.000000e-50  1.000000e-50  1.314013e-01  1.147281e-01  1.000000e-50  2.461294e-02  1.627630e-02  5.160778e-02  1.000000e-50  1.000000e-50  7.145693e-03  1.000000e-50  4.644700e-02  1.000000e-50  5.676856e-02  9.924573e-03  1.000000e-50  1.000000e-50  1.000000e-50  1.000000e-50  6.351727e-03  3.969829e-03  1.000000e-50  4.763795e-02  1.373561e-01  1.000000e-50  1.310044e-02  1.310044e-02  1.000000e-50 
1.000000e-50  5.830904e-03  1.732611e-01  1.000000e-50  3.706789e-02  1.000000e-50  7.913369e-02  1.000000e-50  1.000000e-50  1.000000e-50  1.000000e-50  1.074552e-01  1.000000e-50  1.000000e-50  1.832570e-02  1.000000e-50  1.000000e-50  3.165348e-02  1.000000e-50  2.457309e-02  1.000000e-50  1.000000e-50  1.000000e-50  4.123282e-02  1.000000e-50  1.000000e-50  2.915452e-03  1.707622e-02  1.000000e-50  1.000000e-50  1.332778e-02  1.000000e-50  1.000000e-50  1.000000e-50  1.000000e-50  1.012078e-01  1.000000e-50  2.915452e-03  2.124115e-02  9.995835e-03  3.956685e-02  1.699292e-01  1.000000e-50  1.032903e-01  1.000000e-50 
1.364616e-02  1.592052e-02  3.291836e-02  3.327747e-02  3.339718e-02  3.255925e-02  4.201580e-02  1.000000e-50  1.000000e-50  3.603064e-02  2.334211e-02  4.824036e-02  5.147235e-03  4.536749e-02  1.089299e-02  1.639933e-02  2.753172e-03  1.472349e-02  5.266938e-03  4.010055e-02  1.000000e-50  6.463969e-03  1.927220e-02  7.816615e-02  2.274360e-03  1.000000e-50  7.301891e-03  2.154656e-03  2.920757e-02  1.000000e-50  2.214508e-02  1.077328e-02  1.000000e-50  1.000000e-50  1.065358e-02  6.416088e-02  9.456548e-03  4.309313e-03  3.303807e-02  3.483361e-02  8.810151e-02  6.440029e-02  1.699785e-02  4.429016e-02  1.000000e-50 
1.000000e-50  1.000000e-50  1.000000e-50  1.000000e-50  1.000000e-50  1.000000e-50  1.000000e-50  1.000000e-50  1.000000e-50  1.000000e-50  1.000000e-50  1.940299e-01  1.000000e-50  1.000000e-50  1.000000e-50  7.069914e-03  3.160513e-01  1.000000e-50  1.000000e-50  1.000000e-50  1.000000e-50  1.000000e-50  1.000000e-50  1.000000e-50  6.755695e-02  2.304268e-02  1.000000e-50  1.152134e-02  1.000000e-50  1.565855e-01  1.000000e-50  1.594658e-01  3.456402e-02  1.000000e-50  1.000000e-50  7.331762e-03  1.000000e-50  1.000000e-50  1.000000e-50  1.000000e-50  1.000000e-50  1.000000e-50  2.278083e-02  1.000000e-50  1.000000e-50 
1.000000e-50  1.000000e-50  1.000000e-50  1.000000e-50  1.000000e-50  1.000000e-50  6.387283e-01  1.000000e-50  1.000000e-50  1.000000e-50  1.000000e-50  1.000000e-50  1.000000e-50  3.757225e-02  1.000000e-50  1.000000e-50  1.000000e-50  6.358382e-02  1.000000e-50  1.000000e-50  1.000000e-50  1.000000e-50  1.000000e-50  1.000000e-50  1.000000e-50  1.000000e-50  1.000000e-50  6.647399e-02  1.000000e-50  1.000000e-50  1.000000e-50  1.000000e-50  6.647399e-02  1.000000e-50  1.000000e-50  4.913295e-02  7.803468e-02  1.000000e-50  1.000000e-50  1.000000e-50  1.000000e-50  1.000000e-50  1.000000e-50  1.000000e-50  1.000000e-50 
1.000000e-50  1.000000e-50  1.699535e-02  3.142536e-02  6.253006e-03  8.818342e-03  6.605740e-02  1.000000e-50  1.000000e-50  4.729838e-02  1.507135e-02  5.291005e-03  1.000000e-50  1.000000e-50  1.744428e-01  1.042168e-02  1.000000e-50  1.010101e-02  1.000000e-50  8.978676e-03  1.050184e-01  1.000000e-50  1.026134e-02  1.795735e-02  1.000000e-50  1.000000e-50  1.976912e-01  1.000000e-50  3.463203e-02  1.000000e-50  8.850409e-02  1.000000e-50  1.000000e-50  1.000000e-50  1.000000e-50  4.569505e-02  1.924002e-02  7.054674e-03  3.511304e-02  4.649671e-03  1.459035e-02  1.282668e-02  1.000000e-50  5.611672e-03  1.000000e-50 
1.000000e-50  1.000000e-50  1.000000e-50  1.000000e-50  1.000000e-50  1.000000e-50  4.817778e-01  1.000000e-50  1.000000e-50  1.573333e-01  1.000000e-50  6.400000e-02  1.000000e-50  1.000000e-50  1.000000e-50  1.000000e-50  1.000000e-50  3.466667e-02  1.000000e-50  1.000000e-50  1.000000e-50  1.000000e-50  1.000000e-50  1.000000e-50  7.911111e-02  1.000000e-50  8.888889e-03  1.000000e-50  1.000000e-50  1.000000e-50  1.000000e-50  1.000000e-50  1.000000e-50  1.000000e-50  1.057778e-01  1.000000e-50  1.000000e-50  1.000000e-50  6.222222e-03  2.488889e-02  1.000000e-50  1.000000e-50  1.000000e-50  3.733333e-02  1.000000e-50 
1.536688e-02  1.094891e-02  1.000000e-50  3.688052e-02  3.361506e-02  4.225893e-02  3.246254e-02  1.000000e-50  1.402228e-02  7.913945e-02  2.804456e-02  2.746831e-02  7.645025e-02  5.186323e-03  1.000000e-50  1.000000e-50  1.000000e-50  1.498271e-02  2.516327e-02  1.306185e-01  1.000000e-50  5.397618e-02  1.267768e-02  5.897042e-02  1.000000e-50  1.000000e-50  8.259700e-03  1.000000e-50  1.498271e-02  1.000000e-50  2.650788e-02  1.402228e-02  1.000000e-50  1.000000e-50  1.000000e-50  1.000000e-50  1.421437e-02  1.229351e-02  2.535536e-02  6.300423e-02  6.799846e-02  1.000000e-50  1.229351e-02  4.283519e-02  1.000000e-50 
5.392249e-02  1.000000e-50  1.000000e-50  1.000000e-50  1.000000e-50  1.000000e-50  8.987081e-03  3.682831e-01  1.000000e-50  1.000000e-50  1.000000e-50  1.000000e-50  1.000000e-50  1.000000e-50  1.000000e-50  1.000000e-50  1.000000e-50  9.736004e-03  1.000000e-50  1.000000e-50  1.000000e-50  2.995694e-03  1.000000e-50  1.000000e-50  8.013481e-02  2.452724e-02  1.000000e-50  1.000000e-50  1.000000e-50  7.114773e-02  1.000000e-50  1.000000e-50  2.377832e-02  1.000000e-50  1.000000e-50  3.182925e-03  1.000000e-50  1.000000e-50  1.000000e-50  1.000000e-50  1.000000e-50  1.000000e-50  1.000000e-50  8.200711e-02  2.712975e-01 
1.000000e-50  2.656109e-01  2.605994e-03  1.959507e-01  4.410143e-03  2.646086e-02  1.393204e-02  1.000000e-50  1.000000e-50  1.000000e-50  1.282951e-02  1.000000e-50  2.706224e-03  2.124887e-02  9.602085e-02  1.804150e-03  1.000000e-50  5.612910e-03  1.000000e-50  1.000000e-50  1.082490e-02  1.000000e-50  1.182720e-02  2.415556e-02  1.000000e-50  1.000000e-50  4.901273e-02  1.000000e-50  6.514984e-03  1.000000e-50  1.507467e-01  1.000000e-50  1.000000e-50  1.000000e-50  2.405533e-03  1.623735e-02  1.573619e-02  2.595971e-02  7.116368e-03  5.713140e-03  8.018442e-03  5.111757e-03  1.000000e-50  1.142628e-02  1.000000e-50 
1.000000e-50  1.000000e-50  1.000000e-50  1.000000e-50  1.000000e-50  1.000000e-50  1.000000e-50  1.000000e-50  1.000000e-50  2.355316e-03  1.000000e-50  6.732840e-01  1.000000e-50  1.000000e-50  1.000000e-50  1.000000e-50  1.000000e-50  1.000000e-50  1.000000e-50  1.000000e-50  1.000000e-50  1.000000e-50  1.000000e-50  1.000000e-50  1.000000e-50  1.000000e-50  1.000000e-50  1.043069e-02  1.000000e-50  1.009421e-02  1.000000e-50  2.449529e-01  1.000000e-50  1.000000e-50  1.000000e-50  1.000000e-50  1.000000e-50  1.000000e-50  1.000000e-50  1.000000e-50  1.000000e-50  1.000000e-50  5.888291e-02  1.000000e-50  1.000000e-50 
1.000000e-50  1.000000e-50  1.000000e-50  3.273322e-03  2.422259e-02  1.000000e-50  1.188216e-01  6.219313e-03  1.000000e-50  5.073650e-02  9.819967e-03  7.855974e-03  5.204583e-02  1.000000e-50  1.000000e-50  6.873977e-03  1.734861e-02  3.109656e-02  1.000000e-50  1.000000e-50  1.000000e-50  5.204583e-02  6.022913e-02  3.502455e-02  1.505728e-02  1.000000e-50  1.000000e-50  3.207856e-02  1.000000e-50  1.000000e-50  8.183306e-03  5.891980e-02  1.538462e-01  1.000000e-50  1.000000e-50  6.121113e-02  1.636661e-02  1.000000e-50  6.939444e-02  2.324059e-02  6.317512e-02  1.000000e-50  1.178396e-02  1.112930e-02  1.000000e-50 
1.000000e-50  1.000000e-50  1.000000e-50  1.000000e-50  1.000000e-50  1.000000e-50  1.000000e-50  1.000000e-50  5.707778e-01  1.000000e-50  1.000000e-50  1.000000e-50  1.000000e-50  1.000000e-50  1.000000e-50  1.000000e-50  1.000000e-50  1.000000e-50  1.000000e-50  1.000000e-50  1.000000e-50  1.000000e-50  1.000000e-50  1.000000e-50  1.000000e-50  1.000000e-50  1.000000e-50  1.000000e-50  1.000000e-50  1.366566e-01  1.000000e-50  3.781693e-02  1.000000e-50  1.000000e-50  1.000000e-50  1.000000e-50  1.000000e-50  1.000000e-50  1.000000e-50  1.000000e-50  1.000000e-50  1.000000e-50  2.544908e-01  2.578427e-04  1.000000e-50 
1.000000e-50  1.000000e-50  1.685393e-02  1.000000e-50  1.000000e-50  1.000000e-50  4.171348e-01  1.000000e-50  1.000000e-50  1.000000e-50  5.758427e-02  1.000000e-50  1.000000e-50  1.000000e-50  1.000000e-50  1.000000e-50  1.000000e-50  7.022472e-02  1.000000e-50  1.000000e-50  1.000000e-50  1.000000e-50  1.000000e-50  1.278090e-01  1.000000e-50  1.000000e-50  1.000000e-50  1.000000e-50  1.000000e-50  1.000000e-50  1.000000e-50  1.000000e-50  1.000000e-50  1.000000e-50  1.000000e-50  2.275281e-01  1.000000e-50  1.000000e-50  3.370787e-02  4.915730e-02  1.000000e-50  1.000000e-50  1.000000e-50  1.000000e-50  1.000000e-50 
1.000000e-50  2.424468e-02  2.144722e-02  1.000000e-50  4.625140e-02  1.436031e-02  1.154420e-01  1.000000e-50  1.000000e-50  3.170459e-02  5.128683e-02  1.380082e-02  1.230884e-02  3.151809e-02  1.000000e-50  3.487505e-02  1.000000e-50  7.851548e-02  7.459903e-03  1.000000e-50  1.000000e-50  1.641179e-02  3.189109e-02  9.697874e-02  1.000000e-50  1.000000e-50  1.342783e-02  2.014174e-02  1.000000e-50  1.000000e-50  1.305483e-02  1.436031e-02  1.000000e-50  1.000000e-50  3.319657e-02  1.907870e-01  2.014174e-02  1.000000e-50  2.890712e-02  8.392391e-03  2.909362e-02  1.000000e-50  1.000000e-50  1.000000e-50  1.000000e-50 
1.000000e-50  1.558603e-02  1.745636e-02  2.680798e-02  2.556110e-02  1.000000e-50  3.553616e-02  1.000000e-50  1.000000e-50  1.807980e-02  8.728180e-03  3.553616e-02  2.244389e-01  1.807980e-02  5.548628e-02  1.000000e-50  1.000000e-50  4.177057e-02  2.618454e-02  2.431421e-02  1.000000e-50  1.097257e-01  1.000000e-50  5.798005e-02  1.000000e-50  1.000000e-50  1.995012e-02  1.000000e-50  9.351621e-03  1.000000e-50  3.740648e-02  1.000000e-50  1.000000e-50  1.000000e-50  1.000000e-50  1.995012e-02  1.496259e-02  1.000000e-50  1.000000e-50  7.481297e-03  6.109726e-02  5.423940e-02  1.000000e-50  3.428928e-02  1.000000e-50 
1.000000e-50  1.960298e-01  7.444169e-03  1.703888e-01  1.323408e-02  2.812242e-02  1.902399e-02  1.000000e-50  1.000000e-50  1.000000e-50  1.000000e-50  1.000000e-50  1.000000e-50  2.067825e-02  1.521919e-01  1.654260e-02  1.000000e-50  6.617039e-03  1.000000e-50  9.925558e-03  1.000000e-50  3.308519e-03  1.000000e-50  3.060380e-02  1.000000e-50  1.000000e-50  4.383788e-02  1.000000e-50  1.000000e-50  1.000000e-50  1.985112e-01  1.000000e-50  1.000000e-50  1.000000e-50  1.000000e-50  1.571547e-02  1.000000e-50  1.000000e-50  9.098428e-03  2.398677e-02  9.098428e-03  9.925558e-03  1.000000e-50  1.571547e-02  1.000000e-50 
7.293423e-02  2.782462e-02  1.770658e-02  2.403035e-02  1.306914e-02  1.096121e-02  8.642496e-02  1.000000e-50  1.000000e-50  2.445194e-02  2.740304e-02  6.408094e-02  1.000000e-50  1.096121e-02  1.264755e-02  1.264755e-02  1.000000e-50  2.403035e-02  1.000000e-50  3.836425e-02  1.000000e-50  1.000000e-50  1.644182e-02  6.323777e-02  1.686341e-03  1.000000e-50  5.480607e-03  1.000000e-50  1.256324e-01  1.000000e-50  1.096121e-02  8.853288e-03  1.000000e-50  1.000000e-50  6.323777e-03  4.047218e-02  1.096121e-02  6.323777e-03  3.794266e-02  1.854975e-02  5.902192e-02  3.119730e-02  1.602024e-02  7.335582e-02  1.000000e-50 
4.611650e-02  1.000000e-50  1.237864e-01  8.090615e-03  1.000000e-50  1.000000e-50  3.236246e-02  1.000000e-50  1.000000e-50  3.020496e-02  1.000000e-50  2.680690e-01  1.000000e-50  1.000000e-50  1.000000e-50  5.663430e-03  1.000000e-50  7.820928e-03  1.078749e-02  1.752967e-02  1.000000e-50  1.000000e-50  1.105717e-02  1.914779e-02  5.663430e-03  1.000000e-50  1.000000e-50  1.645092e-02  1.094930e-01  1.000000e-50  1.699029e-02  1.000000e-50  1.000000e-50  9.439051e-03  1.000000e-50  1.000000e-50  3.505933e-03  1.000000e-50  7.820928e-03  1.000000e-50  4.288026e-02  1.000000e-50  1.186624e-02  1.952535e-01  1.000000e-50 
1.000000e-50  1.000000e-50  8.536585e-03  3.170732e-02  5.634146e-02  6.951220e-02  2.512195e-02  1.000000e-50  1.000000e-50  1.268293e-02  2.768293e-02  1.000000e-50  1.000000e-50  7.378049e-02  1.975610e-02  2.731707e-02  8.536585e-04  7.073171e-03  2.695122e-02  2.658537e-02  1.000000e-50  1.000000e-50  9.878049e-03  7.341463e-02  1.000000e-50  1.000000e-50  1.012195e-02  1.000000e-50  1.000000e-50  1.000000e-50  2.987805e-02  1.000000e-50  1.000000e-50  1.000000e-50  1.121951e-02  5.926829e-02  1.731707e-02  3.780488e-03  1.292683e-02  6.353659e-02  1.369512e-01  1.578049e-01  1.000000e-50  1.000000e-50  1.000000e-50 
1.000000e-50  1.486394e-02  1.623599e-02  7.020352e-02  6.585868e-02  3.704551e-02  3.018523e-02  1.000000e-50  1.000000e-50  6.448662e-02  1.966613e-02  5.511091e-02  3.430139e-03  7.249028e-02  1.000000e-50  1.554997e-02  1.000000e-50  1.646467e-02  1.463526e-02  8.323805e-02  1.000000e-50  1.829408e-02  4.802195e-03  5.762634e-02  1.000000e-50  1.000000e-50  1.349188e-02  3.430139e-03  1.000000e-50  1.000000e-50  3.727418e-02  1.189115e-02  1.000000e-50  1.000000e-50  1.000000e-50  3.475875e-02  1.829408e-03  7.317631e-03  6.174251e-03  2.241024e-02  1.088498e-01  5.625429e-02  1.000000e-50  3.613080e-02  1.000000e-50 
1.000000e-50  1.000000e-50  7.297672e-05  1.000000e-50  1.000000e-50  1.000000e-50  1.000000e-50  1.000000e-50  5.108370e-04  1.000000e-50  1.000000e-50  1.000000e-50  1.000000e-50  1.000000e-50  1.000000e-50  1.000000e-50  1.000000e-50  1.000000e-50  1.000000e-50  1.000000e-50  1.000000e-50  1.000000e-50  1.000000e-50  1.000000e-50  3.210976e-02  1.000000e-50  1.000000e-50  1.000000e-50  1.000000e-50  7.297672e-05  1.000000e-50  1.000000e-50  1.000000e-50  6.836459e-01  1.000000e-50  1.000000e-50  1.000000e-50  1.000000e-50  1.000000e-50  1.000000e-50  1.000000e-50  1.000000e-50  2.152083e-01  1.000000e-50  6.837919e-02 
4.521186e-01  1.000000e-50  1.000000e-50  1.000000e-50  1.000000e-50  1.000000e-50  1.000000e-50  1.000000e-50  1.000000e-50  9.157225e-03  1.000000e-50  1.878007e-02  1.000000e-50  2.188422e-02  1.000000e-50  3.880180e-03  1.000000e-50  3.259351e-03  1.000000e-50  1.000000e-50  1.000000e-50  1.000000e-50  1.000000e-50  1.000000e-50  1.000000e-50  1.000000e-50  1.000000e-50  1.226137e-02  2.803042e-01  1.000000e-50  1.000000e-50  1.000000e-50  1.000000e-50  1.000000e-50  1.000000e-50  1.000000e-50  1.000000e-50  1.000000e-50  1.000000e-50  1.000000e-50  1.000000e-50  6.208288e-04  1.000000e-50  1.977340e-01  1.000000e-50 
1.000000e-50  1.000000e-50  1.000000e-50  1.000000e-50  5.217786e-03  1.000000e-50  1.769510e-02  1.451906e-02  1.000000e-50  1.000000e-50  3.629764e-03  1.000000e-50  2.518149e-02  1.000000e-50  1.000000e-50  3.629764e-03  1.000000e-50  1.406534e-02  1.000000e-50  3.017241e-02  1.000000e-50  1.000000e-50  4.764065e-02  1.000000e-50  6.102541e-02  1.000000e-50  1.000000e-50  1.000000e-50  1.000000e-50  3.334846e-02  1.000000e-50  1.000000e-50  4.843466e-01  6.510889e-02  1.000000e-50  1.315789e-02  2.495463e-03  1.000000e-50  4.990926e-03  6.578947e-03  1.000000e-50  1.000000e-50  1.000000e-50  1.000000e-50  1.671960e-01 


#DOUBLE_1x45_DISCRETE_HIDDEN_DOMINANT-EIGENVECTOR
2.510663e-02  3.304624e-02  9.832052e-03  7.119734e-02  1.258566e-02  1.445238e-02  3.668825e-02  9.324250e-03  8.332612e-02  1.796244e-02  1.408120e-02  3.458186e-02  1.682572e-02  1.735834e-02  2.365701e-02  5.933287e-03  7.649631e-03  1.114222e-02  9.939343e-03  2.713171e-02  6.228778e-03  1.155874e-02  1.083906e-02  3.714313e-02  1.650937e-02  1.590641e-03  2.759676e-02  5.074067e-03  2.334236e-02  2.367794e-02  4.453193e-02  1.319071e-02  1.400303e-02  5.115699e-02  3.372375e-03  2.388650e-02  7.120567e-03  5.373375e-03  1.061590e-02  1.645132e-02  3.698832e-02  1.936732e-02  5.996675e-02  2.887119e-02  1.972118e-02  

#DOUBLE_45x20_DISCRETE_AA_EMISSION
7.963029e-02  1.084252e-02  1.411305e-01  9.633843e-02  2.915037e-02  4.959118e-02  2.861713e-02  6.754355e-03  6.647707e-02  8.371845e-02  1.919659e-02  5.687878e-02  1.000000e-50  5.421258e-02  4.763598e-02  1.221116e-01  6.007821e-02  5.865624e-03  1.510843e-02  2.666193e-02 
1.453235e-01  2.379010e-02  2.623709e-02  7.137031e-02  8.564437e-02  2.909190e-02  3.534530e-02  3.221860e-02  5.097879e-02  4.812398e-02  3.249048e-02  2.079935e-02  1.000000e-50  4.146275e-02  6.661229e-02  9.651985e-02  4.989125e-02  5.845568e-02  1.876020e-02  6.688418e-02 
4.138852e-02  2.225189e-03  1.646640e-02  1.335113e-02  1.000000e-50  1.780151e-03  1.000000e-50  1.000000e-50  4.005340e-03  1.290610e-02  3.560303e-03  7.565643e-03  8.357810e-01  1.000000e-50  1.424121e-02  8.010681e-03  9.345794e-03  2.937250e-02  1.000000e-50  1.000000e-50 
3.413393e-02  1.297089e-02  8.626575e-03  4.300875e-02  4.871843e-02  6.764724e-03  1.762552e-02  1.729659e-01  4.195370e-02  1.343636e-01  1.855645e-02  1.340532e-02  1.000000e-50  2.494880e-02  4.356731e-02  1.706696e-02  7.900453e-02  2.232359e-01  1.421213e-02  4.487060e-02 
1.100529e-01  1.410935e-02  4.973545e-02  9.453263e-02  3.033510e-02  8.465608e-03  3.633157e-02  3.033510e-02  7.865961e-02  3.880071e-02  1.269841e-02  2.998236e-02  1.954145e-01  3.068783e-02  5.149912e-02  6.666667e-02  3.562610e-02  5.008818e-02  5.996473e-03  2.998236e-02 
1.570048e-02  1.388889e-02  1.361715e-01  2.415459e-02  1.000000e-50  1.271135e-01  1.721014e-02  1.000000e-50  1.902174e-02  1.871981e-02  1.811594e-03  7.125604e-02  1.000000e-50  1.600242e-02  2.506039e-02  2.823068e-01  2.252415e-01  1.000000e-50  1.000000e-50  6.340580e-03 
5.452144e-02  3.518674e-02  6.196709e-02  6.052600e-02  5.079861e-02  5.860454e-02  3.134382e-02  4.335295e-02  6.412874e-02  8.082142e-02  1.945479e-02  4.851687e-02  1.044794e-02  3.698811e-02  5.428125e-02  7.637805e-02  9.691365e-02  6.496938e-02  1.381050e-02  3.698811e-02 
1.355535e-01  1.172608e-02  2.392120e-02  6.238274e-02  3.564728e-02  2.673546e-02  3.470919e-02  2.016886e-02  6.988743e-02  1.622889e-01  3.752345e-02  8.489681e-02  1.000000e-50  4.878049e-02  7.317073e-02  5.487805e-02  4.174484e-02  2.861163e-02  9.849906e-03  3.752345e-02 
1.430843e-01  1.393747e-02  2.988871e-02  7.106518e-02  4.197138e-02  2.448331e-02  1.685215e-02  8.293588e-02  7.318495e-02  1.441441e-01  3.084261e-02  2.522523e-02  1.000000e-50  4.658188e-02  6.640170e-02  2.718601e-02  3.015368e-02  8.049815e-02  1.547430e-02  3.608903e-02 
1.476576e-01  1.349031e-02  6.058376e-02  1.096394e-01  2.992396e-02  3.507481e-02  2.133922e-02  4.905568e-02  8.682855e-02  1.066961e-01  2.526367e-02  1.545254e-02  1.000000e-50  4.267844e-02  6.107432e-02  4.635762e-02  3.752759e-02  6.156488e-02  1.864116e-02  3.115036e-02 
4.503647e-02  1.300349e-02  8.690136e-02  1.490644e-02  6.343165e-03  5.753251e-01  1.998097e-02  1.000000e-50  1.205201e-02  1.617507e-02  3.488741e-03  4.376784e-02  1.000000e-50  1.000000e-50  1.332065e-02  7.960672e-02  5.074532e-02  9.514748e-03  2.537266e-03  7.294640e-03 
8.435719e-02  1.139962e-02  5.357821e-02  8.397720e-02  3.293224e-02  3.787207e-02  2.406586e-02  4.686510e-02  5.357821e-02  6.865104e-02  2.621913e-02  2.381254e-02  1.877137e-01  2.989234e-02  3.736542e-02  6.105130e-02  3.191894e-02  5.446485e-02  2.355921e-02  2.672578e-02 
1.000000e-50  1.000000e-50  1.000000e-50  1.000000e-50  3.451022e-03  9.838067e-01  4.512875e-03  1.000000e-50  1.000000e-50  1.000000e-50  1.000000e-50  5.043801e-03  1.000000e-50  1.000000e-50  1.000000e-50  1.000000e-50  3.185559e-03  1.000000e-50  1.000000e-50  1.000000e-50 
5.980239e-02  7.020281e-03  1.315653e-01  8.762350e-02  2.340094e-02  2.106084e-02  2.600104e-02  2.912116e-02  1.323453e-01  6.448258e-02  7.800312e-03  3.562142e-02  1.000000e-50  5.564223e-02  7.306292e-02  8.034321e-02  1.019241e-01  4.030161e-02  3.900156e-03  1.898076e-02 
6.967523e-02  2.265861e-02  4.324018e-02  5.570242e-02  4.021903e-02  3.851964e-02  1.623867e-02  3.625378e-02  6.816465e-02  1.112160e-01  2.001511e-02  2.379154e-02  1.686178e-01  3.247734e-02  5.230363e-02  4.305136e-02  3.795317e-02  6.004532e-02  2.605740e-02  3.379909e-02 
8.577878e-02  9.029345e-03  1.422122e-01  5.267118e-02  1.000000e-50  4.740406e-02  2.859293e-02  1.354402e-02  5.267118e-02  5.643341e-02  1.881114e-02  1.226486e-01  2.024078e-01  2.784048e-02  4.815651e-02  3.386005e-02  1.279157e-02  1.354402e-02  7.524454e-03  2.407825e-02 
1.112347e-01  1.835373e-02  6.229143e-02  1.373749e-01  1.000000e-50  3.893215e-02  1.000000e-50  7.230256e-02  8.286986e-02  1.351502e-01  1.000000e-50  3.670745e-02  1.000000e-50  4.783092e-02  8.843159e-02  1.000000e-50  5.228031e-02  7.842047e-02  1.000000e-50  3.781980e-02 
3.543307e-02  1.496063e-02  5.196850e-02  4.645669e-02  1.377953e-02  5.440945e-01  1.000000e-50  1.417323e-02  3.818898e-02  3.779528e-02  1.023622e-02  4.881890e-02  1.000000e-50  1.889764e-02  2.637795e-02  3.897638e-02  2.322835e-02  1.614173e-02  6.299213e-03  1.417323e-02 
6.006006e-02  3.045903e-02  1.000000e-50  9.309309e-02  5.233805e-02  1.000000e-50  3.003003e-02  2.059202e-02  1.514372e-01  1.707422e-01  3.732304e-02  3.474903e-02  1.000000e-50  7.764908e-02  8.279708e-02  1.000000e-50  3.646504e-02  4.804805e-02  1.630202e-02  5.791506e-02 
1.678996e-01  2.138951e-02  6.400772e-02  6.175619e-02  4.374397e-02  3.409456e-02  2.138951e-02  2.653586e-02  4.020585e-02  1.400772e-01  3.280798e-02  2.669669e-02  1.000000e-50  4.020585e-02  4.889032e-02  7.719524e-02  5.484078e-02  3.747186e-02  2.203281e-02  3.875844e-02 
6.590258e-02  1.002865e-02  5.515759e-02  4.871060e-02  2.578797e-02  2.292264e-02  2.292264e-02  9.885387e-02  5.802292e-02  1.461318e-01  2.220630e-02  3.223496e-02  2.148997e-02  2.793696e-02  4.226361e-02  5.802292e-02  6.876791e-02  1.454155e-01  1.002865e-02  1.719198e-02 
4.536566e-02  1.134142e-02  1.055925e-01  4.927650e-02  3.206883e-02  1.763786e-01  3.832616e-02  1.000000e-50  1.040282e-01  2.620258e-02  1.994525e-02  2.143136e-01  1.000000e-50  4.380133e-02  6.022683e-02  3.441533e-02  2.346500e-03  1.000000e-50  1.407900e-02  2.229175e-02 
6.852688e-02  2.503078e-02  1.399261e-01  4.513746e-02  6.278211e-02  9.027493e-03  7.098892e-02  1.000000e-50  5.580632e-02  4.677883e-02  2.092737e-02  1.715224e-01  1.000000e-50  3.200657e-02  5.949938e-02  5.498564e-02  3.405827e-02  2.421009e-02  1.518260e-02  6.360279e-02 
6.894906e-02  2.218776e-02  4.282476e-02  5.344149e-02  5.451509e-02  4.055827e-03  4.008112e-02  3.173088e-02  5.427651e-02  3.363951e-02  1.610402e-02  5.403793e-02  1.000000e-50  4.330192e-02  5.642371e-02  1.435047e-01  1.477991e-01  6.799475e-02  1.598473e-02  4.914708e-02 
8.414410e-02  1.735472e-02  4.890876e-02  8.992900e-02  5.048646e-02  3.681304e-02  1.577702e-02  9.492506e-02  6.731528e-02  1.222719e-01  2.734683e-02  2.655798e-02  5.784907e-03  4.943466e-02  5.706022e-02  3.076519e-02  3.207994e-02  8.624770e-02  1.630292e-02  4.049435e-02 
1.331445e-01  1.000000e-50  1.000000e-50  5.949008e-02  3.116147e-02  8.781870e-02  1.000000e-50  1.000000e-50  1.558074e-01  1.331445e-01  3.116147e-02  1.303116e-01  1.000000e-50  6.515581e-02  8.215297e-02  5.382436e-02  3.682720e-02  1.000000e-50  1.000000e-50  1.000000e-50 
4.653766e-02  3.022549e-02  9.531425e-02  3.870142e-02  5.325444e-02  7.996162e-03  2.974572e-02  1.233008e-01  4.237966e-02  1.191428e-01  2.174956e-02  6.764753e-02  2.558772e-03  2.750680e-02  3.662242e-02  3.838158e-02  2.430833e-02  1.405725e-01  1.519271e-02  3.886135e-02 
8.641975e-02  1.000000e-50  6.349206e-02  1.860670e-01  1.000000e-50  4.585538e-02  1.000000e-50  6.701940e-02  8.112875e-02  9.700176e-02  1.000000e-50  4.673721e-02  3.615520e-02  1.000000e-50  5.908289e-02  8.906526e-02  5.202822e-02  1.000000e-50  2.910053e-02  6.084656e-02 
2.968037e-02  1.236682e-02  1.396499e-01  3.881279e-02  5.251142e-02  3.767123e-02  3.748097e-02  2.834855e-02  4.509132e-02  7.914764e-02  2.092846e-02  1.417428e-01  1.000000e-50  4.166667e-02  4.908676e-02  4.927702e-02  9.531963e-02  2.758752e-02  1.959665e-02  5.403349e-02 
1.705009e-01  1.038961e-02  4.230056e-02  8.738404e-02  2.319109e-02  2.411874e-02  1.076067e-02  3.747681e-02  9.536178e-02  1.411874e-01  3.450835e-02  4.044527e-02  1.000000e-50  5.769944e-02  8.237477e-02  6.122449e-02  2.133581e-02  3.283859e-02  8.905380e-03  1.799629e-02 
6.695851e-02  3.114118e-02  2.019700e-02  3.134017e-02  7.879813e-02  4.417471e-02  2.586807e-02  5.273107e-02  5.044274e-02  6.825192e-02  1.691374e-02  2.377873e-02  1.000000e-50  3.024575e-02  5.014426e-02  8.576261e-02  1.131231e-01  1.043677e-01  2.586807e-02  7.989255e-02 
1.103656e-01  1.000000e-50  2.549480e-02  6.776250e-02  5.467964e-02  4.763502e-02  1.643744e-02  8.654814e-02  6.038242e-02  1.848373e-01  1.000000e-50  1.744381e-02  1.000000e-50  3.824220e-02  6.373700e-02  3.220396e-02  4.729956e-02  7.782623e-02  1.777927e-02  5.132506e-02 
4.073124e-02  2.661963e-02  3.078897e-02  5.676716e-02  8.434894e-02  1.507377e-02  4.393842e-02  5.388069e-02  5.452213e-02  1.260423e-01  2.982681e-02  5.388069e-02  1.000000e-50  3.271328e-02  4.746632e-02  5.355997e-02  9.781911e-02  6.831302e-02  1.507377e-02  6.863374e-02 
9.496008e-02  9.873787e-03  5.117198e-02  9.676311e-02  5.100026e-02  3.305572e-02  2.550013e-02  7.899030e-02  5.426290e-02  1.135915e-01  2.687387e-02  2.077788e-02  1.000000e-50  4.996995e-02  4.593458e-02  3.855070e-02  6.130334e-02  8.843479e-02  1.442432e-02  4.456083e-02 
6.711409e-02  1.000000e-50  7.382550e-02  1.000000e-50  2.953020e-02  1.033557e-01  2.416107e-02  1.000000e-50  1.127517e-01  3.489933e-02  1.000000e-50  7.248322e-02  2.563758e-01  2.818792e-02  1.000000e-50  1.288591e-01  3.892617e-02  2.953020e-02  1.000000e-50  1.000000e-50 
9.225972e-02  2.842993e-02  3.301541e-02  6.474688e-02  3.760088e-02  7.960382e-02  2.109318e-02  2.714600e-02  7.281731e-02  8.107117e-02  2.292737e-02  3.044754e-02  1.093177e-01  3.760088e-02  6.034483e-02  7.887014e-02  3.650037e-02  3.539985e-02  1.412326e-02  3.668379e-02 
6.098320e-02  1.555694e-02  1.549471e-01  5.102676e-02  2.302427e-02  5.787181e-02  4.729309e-02  1.000000e-50  6.409459e-02  2.426882e-02  1.244555e-02  2.706907e-01  1.000000e-50  5.476042e-02  5.164904e-02  6.471686e-02  8.711886e-03  1.000000e-50  6.845053e-03  3.111388e-02 
1.000000e-50  1.000000e-50  1.255230e-02  1.000000e-50  1.000000e-50  9.874477e-01  1.000000e-50  1.000000e-50  1.000000e-50  1.000000e-50  1.000000e-50  1.000000e-50  1.000000e-50  1.000000e-50  1.000000e-50  1.000000e-50  1.000000e-50  1.000000e-50  1.000000e-50  1.000000e-50 
2.135678e-02  3.350084e-03  2.763819e-02  1.381910e-02  1.046901e-02  7.822446e-01  1.298157e-02  5.443886e-03  2.177554e-02  1.172529e-02  2.512563e-03  1.800670e-02  1.675042e-03  7.956449e-03  1.423786e-02  2.973199e-02  5.443886e-03  3.768844e-03  1.675042e-03  4.187605e-03 
1.616322e-02  4.398516e-02  3.971913e-01  4.186539e-02  1.430843e-02  1.000000e-50  2.543720e-02  1.642819e-02  2.543720e-02  1.695813e-02  3.179650e-03  2.164812e-01  5.299417e-04  1.854796e-02  3.153153e-02  8.108108e-02  1.006889e-02  1.086380e-02  1.112878e-02  1.881293e-02 
2.074539e-02  1.242311e-02  7.719214e-03  5.319021e-02  6.006513e-02  1.000000e-50  1.893620e-02  1.792305e-01  6.899047e-02  1.149439e-01  2.062477e-02  1.314679e-02  1.000000e-50  4.631528e-02  4.607406e-02  1.447353e-02  7.116150e-02  1.992522e-01  1.302617e-02  3.968158e-02 
4.602888e-02  1.000000e-50  1.195848e-02  1.985560e-02  1.000000e-50  1.000000e-50  1.000000e-50  1.000000e-50  3.068592e-02  9.025271e-04  5.866426e-03  1.579422e-03  8.779332e-01  1.000000e-50  5.189531e-03  1.000000e-50  1.000000e-50  1.000000e-50  1.000000e-50  1.000000e-50 
1.360192e-01  1.172956e-02  7.591432e-02  1.242168e-01  2.353198e-02  4.516975e-02  1.959784e-02  2.455195e-02  6.811890e-02  9.033950e-02  2.994317e-02  4.757395e-02  1.675652e-03  6.032347e-02  6.913886e-02  5.638933e-02  3.912283e-02  3.839429e-02  1.442518e-02  2.382340e-02 
1.104067e-01  1.345291e-02  6.788310e-02  9.324262e-02  2.334931e-02  4.561621e-02  2.535952e-02  3.169940e-02  7.546003e-02  5.211072e-02  1.438070e-02  3.154477e-02  1.009742e-01  3.742075e-02  4.948199e-02  1.165919e-01  3.757538e-02  3.401887e-02  1.747333e-02  2.195763e-02 
1.073523e-01  8.795670e-03  5.142084e-02  1.229138e-01  2.864231e-02  2.277853e-02  2.277853e-02  2.909337e-02  1.064502e-01  1.188543e-01  2.976996e-02  4.127199e-02  1.000000e-50  6.382499e-02  7.916103e-02  6.811006e-02  3.382950e-02  3.473162e-02  1.262968e-02  1.759134e-02 


#DOUBLE_45x3_DISCRETE_SS_EMISSION
1.764602e-03  5.293806e-04  9.977060e-01 
1.000000e-50  1.000000e+00  1.000000e-50 
1.000000e-50  2.690583e-03  9.973094e-01 
1.000000e-50  1.000000e+00  1.000000e-50 
1.000000e-50  1.000000e-50  1.000000e+00 
1.000000e-50  3.814464e-02  9.618554e-01 
7.627220e-03  1.000000e-50  9.923728e-01 
2.317189e-01  1.000000e-50  7.682811e-01 
1.000000e+00  1.000000e-50  1.000000e-50 
1.000000e-50  1.000000e-50  1.000000e+00 
1.000000e-50  5.955812e-02  9.404419e-01 
1.000000e+00  1.000000e-50  1.000000e-50 
1.000000e-50  3.445534e-03  9.965545e-01 
1.000000e-50  5.709836e-03  9.942902e-01 
1.000000e-50  1.000000e+00  1.000000e-50 
1.515152e-03  1.439394e-02  9.840909e-01 
1.000000e+00  1.000000e-50  1.000000e-50 
4.378981e-03  1.671975e-02  9.789013e-01 
1.000000e-50  1.000000e-50  1.000000e+00 
1.000000e-50  1.000000e-50  1.000000e+00 
1.000000e-50  1.000000e+00  1.000000e-50 
1.000000e-50  1.000000e-50  1.000000e+00 
3.696099e-03  1.067762e-02  9.856263e-01 
1.000000e-50  1.000000e-50  1.000000e+00 
1.000000e+00  1.000000e-50  1.000000e-50 
1.504178e-01  1.000000e-50  8.495822e-01 
1.000000e-50  1.000000e+00  1.000000e-50 
1.127493e-01  1.000000e-50  8.872507e-01 
1.000000e-50  5.164499e-03  9.948355e-01 
1.000000e+00  1.000000e-50  1.000000e-50 
1.000000e-50  1.000000e+00  1.000000e-50 
1.000000e+00  1.000000e-50  1.000000e-50 
1.000000e+00  1.000000e-50  1.000000e-50 
1.000000e+00  1.000000e-50  1.000000e-50 
1.000000e-50  1.358696e-03  9.986413e-01 
1.847746e-03  1.000000e-50  9.981523e-01 
5.541872e-03  9.236453e-02  9.020936e-01 
1.000000e-50  8.938640e-01  1.061360e-01 
3.540192e-02  1.790920e-02  9.466889e-01 
1.000000e-50  1.000000e-50  1.000000e+00 
1.000000e-50  1.000000e-50  1.000000e+00 
1.000000e-50  4.730795e-03  9.952692e-01 
1.000000e+00  1.000000e-50  1.000000e-50 
1.000000e-50  7.702973e-04  9.992297e-01 
1.000000e+00  1.000000e-50  1.000000e-50 


#DOUBLE_45x2_DISCRETE_CIS_EMISSION
1.000000e+00  1.000000e-50 
1.000000e+00  1.000000e-50 
9.413608e-01  5.863921e-02 
1.000000e+00  1.000000e-50 
1.000000e+00  1.000000e-50 
1.000000e+00  1.000000e-50 
9.955662e-01  4.433793e-03 
1.000000e+00  1.000000e-50 
1.000000e+00  1.000000e-50 
1.000000e+00  1.000000e-50 
1.000000e+00  1.000000e-50 
1.000000e+00  1.000000e-50 
1.000000e+00  1.000000e-50 
1.000000e+00  1.000000e-50 
1.000000e+00  1.000000e-50 
1.000000e+00  1.000000e-50 
1.000000e+00  1.000000e-50 
1.000000e+00  1.000000e-50 
1.000000e+00  1.000000e-50 
9.990344e-01  9.655616e-04 
9.992832e-01  7.168459e-04 
1.000000e+00  1.000000e-50 
1.000000e+00  1.000000e-50 
9.981099e-01  1.890136e-03 
1.000000e+00  1.000000e-50 
1.000000e+00  1.000000e-50 
9.988744e-01  1.125583e-03 
1.000000e+00  1.000000e-50 
1.000000e+00  1.000000e-50 
1.000000e+00  1.000000e-50 
1.000000e+00  1.000000e-50 
1.000000e+00  1.000000e-50 
1.000000e+00  1.000000e-50 
1.000000e+00  1.000000e-50 
1.000000e+00  1.000000e-50 
1.000000e+00  1.000000e-50 
1.000000e+00  1.000000e-50 
9.975390e-01  2.461034e-03 
9.983319e-01  1.668057e-03 
1.000000e+00  1.000000e-50 
1.000000e+00  1.000000e-50 
9.277463e-01  7.225368e-02 
1.000000e+00  1.000000e-50 
1.000000e+00  1.000000e-50 
1.000000e+00  1.000000e-50 


#DOUBLE_45x3_TORUS_TORUS_KAPPA
8.326087e+01  7.528629e+01  2.976975e+01 
3.410034e+01  2.456797e+01  8.162183e+00 
6.963938e+01  5.742929e+01  2.647088e+01 
2.333556e+01  4.047679e+01  4.315872e+00 
9.752233e+01  7.225920e+01  1.933773e+01 
3.641609e+01  4.135885e+01  1.243858e+01 
5.824649e+00  3.672770e+00  3.888932e-01 
8.433981e+01  8.378661e+01  3.324838e+01 
5.039496e+02  3.982032e+02  1.590777e+02 
5.598729e+01  5.659388e+01  1.587302e+01 
1.738737e+00  3.949862e+00  -1.052691e+00 
1.407395e+02  1.018026e+02  4.363666e+01 
4.652083e+01  3.685912e+01  1.464784e+01 
2.159776e+01  2.611032e+01  7.634736e+00 
2.422473e+01  2.090394e+01  1.341680e+00 
6.350046e+01  1.580250e+01  1.836630e+00 
5.754208e+01  5.005307e+01  1.798758e+01 
9.096145e+00  5.308440e+00  2.092781e+00 
1.338035e+01  2.713419e+01  1.916753e+00 
4.677226e+01  3.794961e+01  1.038353e+01 
1.387883e+01  1.282623e+01  3.181193e+00 
1.520775e+02  7.273633e+01  4.130020e+01 
1.567405e+01  1.024239e+01  1.694046e+00 
1.083349e+01  1.282960e+01  4.962012e-01 
5.259615e+01  6.179352e+01  1.968542e+01 
6.586433e+01  2.987262e+01  1.561739e+01 
5.739345e+00  1.202294e+01  -4.214826e+00 
5.849500e+00  8.110753e+00  7.475144e-01 
3.336573e+01  3.066351e+01  9.137105e+00 
2.346423e+02  1.412184e+02  6.459102e+01 
2.090434e+01  2.952333e+01  6.293757e+00 
8.672563e+01  9.697968e+01  2.413882e+01 
1.986107e+01  2.153120e+01  6.283893e+00 
3.811732e+02  3.294273e+02  1.322351e+02 
2.095422e+01  9.191847e+00  3.387372e+00 
1.415197e+01  7.984320e+00  2.194617e+00 
1.078550e+02  5.568315e+01  2.593781e+01 
5.673243e+00  1.323978e+01  1.891983e+00 
1.851811e+01  1.107387e+01  5.305862e+00 
5.319534e+00  8.601290e+00  -4.583353e+00 
6.458836e+00  1.082043e+01  -8.135607e-01 
6.278507e+01  4.303406e+01  1.589139e+01 
3.330426e+02  3.201797e+02  1.254162e+02 
2.404587e+02  1.484619e+02  7.699096e+01 
5.728156e+01  3.186183e+01  6.939892e+00 


#DOUBLE_45x2_TORUS_TORUS_MU
-1.451094e+00  -1.423717e-01 
-2.576930e+00  2.556627e+00 
-1.136975e+00  -3.727762e-01 
-2.023506e+00  2.240369e+00 
-1.005808e+00  2.334188e+00 
-1.407757e+00  2.886441e+00 
-1.834811e+00  -2.012877e-01 
-1.582258e+00  4.922087e-02 
-1.082127e+00  -7.540718e-01 
-1.046777e+00  -6.463724e-01 
-2.475340e+00  -3.069677e+00 
-1.006866e+00  -6.582522e-01 
1.511231e+00  5.987910e-02 
-1.551860e+00  -4.570080e-01 
-1.351414e+00  2.423582e+00 
-1.447234e+00  1.206250e+00 
-1.019107e+00  -5.535366e-01 
1.377257e+00  2.861405e-01 
-1.842288e+00  2.679020e+00 
-1.232132e+00  2.533747e+00 
-1.656916e+00  -5.060792e-01 
1.059101e+00  5.578033e-01 
-2.373068e+00  1.343099e+00 
-2.433540e+00  2.715708e+00 
-1.224299e+00  -8.760442e-01 
-1.278510e+00  1.000913e-01 
-1.795812e+00  1.962999e+00 
-1.213405e+00  -7.918871e-01 
-1.847042e+00  1.861183e-01 
-1.092505e+00  -5.505139e-01 
-2.197489e+00  2.690860e+00 
-9.723635e-01  -8.746929e-01 
-1.669086e+00  -3.993652e-01 
-1.165365e+00  -7.724955e-01 
-1.115119e+00  -7.271945e-01 
-1.282519e+00  2.505746e+00 
9.167490e-01  7.845468e-01 
2.847431e+00  -2.989278e+00 
1.338162e+00  -2.826002e+00 
-1.540740e+00  2.001753e+00 
-1.740884e+00  2.209327e+00 
-1.155880e+00  2.613067e+00 
-1.112366e+00  -6.645506e-01 
-1.094541e+00  -3.734650e-01 
-1.318143e+00  -5.329007e-01 


