#DOUBLE_1x25_DISCRETE_HIDDEN_START
1.000000e-50  1.042818e-01  1.588398e-02  9.668508e-03  1.754144e-01  5.732044e-02  9.668508e-03  1.243094e-01  1.000000e-50  1.864641e-02  8.977901e-03  3.176796e-02  1.000000e-50  1.000000e-50  1.000000e-50  3.176796e-02  6.560773e-02  2.693370e-02  4.005525e-02  1.795580e-02  6.629834e-02  9.254144e-02  4.903315e-02  2.348066e-02  3.038674e-02  

#DOUBLE_25x25_DISCRETE_HIDDEN_TRANSITION
3.395676e-02  6.234249e-03  1.000000e-50  1.000000e-50  1.000000e-50  1.000000e-50  1.000000e-50  1.000000e-50  1.000000e-50  1.000000e-50  1.000000e-50  1.000000e-50  2.863775e-01  1.193792e-01  1.000000e-50  1.000000e-50  3.239156e-01  1.000000e-50  1.000000e-50  1.000000e-50  1.000000e-50  1.000000e-50  1.000000e-50  2.301366e-01  1.000000e-50 
1.000000e-50  8.711817e-02  9.847267e-03  1.868971e-02  6.832797e-02  6.772508e-02  1.769494e-01  1.059084e-01  4.481511e-02  2.813505e-02  6.832797e-03  9.344855e-03  1.000000e-50  1.000000e-50  1.135450e-02  3.948955e-02  1.429863e-01  1.000000e-50  6.370579e-02  6.440916e-02  1.000000e-50  1.000000e-50  1.024920e-02  1.000000e-50  4.411174e-02 
1.000000e-50  4.594462e-02  1.700564e-01  1.000000e-50  7.081598e-02  3.810341e-02  6.040186e-02  4.312668e-02  3.062975e-02  1.384465e-02  1.445724e-02  9.115413e-02  1.000000e-50  1.000000e-50  1.000000e-50  2.107327e-02  1.703014e-02  7.228620e-02  3.234501e-02  1.408968e-02  1.000000e-50  1.000000e-50  6.738544e-02  1.000000e-50  1.972556e-01 
4.204530e-03  8.259867e-02  1.464804e-02  1.000000e-50  2.236539e-01  1.478367e-02  4.028211e-02  4.218093e-02  6.103350e-03  3.027262e-01  1.000000e-50  1.000000e-50  1.000000e-50  1.000000e-50  1.000000e-50  3.065238e-02  4.814865e-02  1.424115e-02  7.500339e-02  4.516479e-02  1.546182e-02  1.000000e-50  2.617659e-02  2.848230e-03  1.112166e-02 
1.542458e-03  1.067543e-01  2.727716e-02  1.000000e-50  7.468745e-02  7.290145e-02  2.735834e-02  1.015587e-01  5.715214e-02  3.101153e-02  9.579477e-03  2.679006e-02  1.000000e-50  1.000000e-50  1.000000e-50  1.550576e-02  2.451697e-02  3.458354e-02  7.062835e-02  5.690859e-02  2.305569e-02  1.699951e-01  4.903393e-02  1.000000e-50  1.915895e-02 
1.000000e-50  4.402272e-02  4.518461e-03  3.395301e-02  5.822360e-02  4.686290e-02  1.129615e-01  7.397366e-02  3.408211e-02  2.130132e-02  1.290989e-02  3.266202e-02  1.000000e-50  2.065582e-03  4.828298e-02  4.479731e-02  1.369739e-01  1.000000e-50  6.377485e-02  3.782597e-02  9.127292e-02  3.085463e-02  1.084431e-02  4.156984e-02  1.626646e-02 
1.000000e-50  2.853615e-02  1.000000e-50  3.723419e-01  1.000000e-50  1.000000e-50  1.337632e-01  1.000000e-50  1.000000e-50  1.783509e-03  1.000000e-50  1.000000e-50  4.527370e-03  1.000000e-50  2.487310e-01  3.841405e-03  1.467965e-02  1.000000e-50  4.760598e-02  1.000000e-50  1.441899e-01  1.000000e-50  1.000000e-50  1.000000e-50  1.000000e-50 
6.985679e-04  1.104611e-01  1.825009e-02  1.000000e-50  1.160496e-01  7.334963e-02  1.667831e-02  1.343870e-01  4.820119e-02  2.663290e-02  7.334963e-03  1.938526e-02  1.000000e-50  1.000000e-50  1.000000e-50  3.588893e-02  1.571778e-03  3.056235e-02  3.449179e-02  6.767377e-02  1.353475e-02  1.899232e-01  4.287461e-02  1.000000e-50  1.205030e-02 
1.000000e-50  1.000000e-50  1.000000e-50  1.000000e-50  6.629213e-02  1.991573e-01  1.000000e-50  3.008427e-01  1.000000e-50  3.174157e-02  5.758427e-02  7.808989e-02  1.000000e-50  1.000000e-50  1.000000e-50  3.286517e-02  8.146067e-03  1.320225e-02  6.432584e-02  2.556180e-02  1.033708e-01  1.000000e-50  1.376404e-02  1.000000e-50  5.056180e-03 
3.474416e-03  5.811750e-02  3.074331e-02  1.052853e-02  2.752158e-01  4.506212e-02  1.537166e-02  1.635081e-01  3.284902e-02  9.928406e-02  6.632975e-03  3.800800e-02  1.000000e-50  1.000000e-50  6.948831e-03  1.305538e-02  1.831965e-02  1.000000e-50  6.527690e-02  8.106970e-03  2.063592e-02  1.589808e-02  4.358812e-02  7.264687e-03  2.210992e-02 
1.000000e-50  1.186724e-02  9.419618e-02  1.000000e-50  1.000000e-50  3.022436e-02  4.635639e-03  1.872798e-02  1.019841e-02  1.483404e-02  1.691081e-01  3.793807e-01  1.000000e-50  1.000000e-50  1.000000e-50  2.948266e-02  1.000000e-50  5.451511e-02  1.984053e-02  5.562767e-03  1.613202e-02  1.075468e-02  1.216392e-01  1.000000e-50  8.900426e-03 
1.000000e-50  1.924409e-02  1.771226e-01  3.694866e-03  1.400970e-02  2.832730e-02  1.000000e-50  1.323994e-02  7.081826e-03  2.801940e-02  8.182588e-02  1.917481e-01  1.000000e-50  1.000000e-50  1.000000e-50  2.470941e-02  1.000000e-50  2.196906e-01  7.928566e-03  2.771149e-03  1.000000e-50  1.454853e-02  1.560311e-01  1.000000e-50  1.000693e-02 
3.863438e-01  6.682809e-03  1.000000e-50  1.846973e-01  1.000000e-50  1.000000e-50  1.026634e-02  1.000000e-50  1.000000e-50  4.648910e-03  1.000000e-50  1.000000e-50  5.288136e-02  3.034383e-01  4.958838e-02  1.452785e-03  1.000000e-50  1.000000e-50  1.000000e-50  1.000000e-50  1.000000e-50  1.000000e-50  1.000000e-50  1.000000e-50  1.000000e-50 
3.292474e-02  1.031927e-01  2.423033e-03  1.781642e-02  6.470924e-02  1.553592e-02  2.978905e-02  1.966933e-02  1.000000e-50  1.265678e-01  1.000000e-50  1.282782e-03  2.807868e-02  3.511973e-01  1.000000e-50  4.318700e-02  4.389966e-02  1.000000e-50  1.000000e-50  2.209236e-02  3.876853e-02  1.000000e-50  2.993158e-03  1.000000e-50  5.587229e-02 
1.000000e-50  3.032415e-02  1.000000e-50  5.151621e-01  2.370164e-02  1.000000e-50  1.000000e-50  1.000000e-50  1.000000e-50  1.951900e-02  1.000000e-50  1.000000e-50  1.000000e-50  1.000000e-50  1.000000e-50  9.062391e-03  2.405019e-02  1.000000e-50  3.781806e-01  1.000000e-50  1.000000e-50  1.000000e-50  1.000000e-50  1.000000e-50  1.000000e-50 
2.712477e-03  8.928571e-02  3.413201e-02  7.029837e-02  8.001808e-02  6.600362e-02  5.628391e-02  7.029837e-02  2.034358e-02  2.599458e-02  2.961121e-02  3.367993e-02  1.000000e-50  2.260398e-03  1.000000e-50  5.741410e-02  5.537975e-02  2.260398e-02  6.555154e-02  2.554250e-02  4.769439e-02  4.950271e-02  4.543400e-02  7.685353e-03  4.226944e-02 
1.696335e-01  1.000000e-50  1.000000e-50  1.000000e-50  3.490401e-04  1.000000e-50  1.000000e-50  1.000000e-50  1.000000e-50  1.000000e-50  1.000000e-50  1.000000e-50  1.675393e-01  1.858639e-02  1.000000e-50  1.000000e-50  2.571553e-01  1.000000e-50  1.000000e-50  1.000000e-50  1.000000e-50  1.000000e-50  1.000000e-50  3.867365e-01  1.000000e-50 
1.000000e-50  1.511286e-02  1.828263e-01  1.000000e-50  1.010795e-02  2.561335e-02  1.000000e-50  1.000000e-50  1.000000e-50  1.373896e-02  1.000000e-50  7.055937e-02  1.000000e-50  1.000000e-50  1.000000e-50  8.734053e-03  1.000000e-50  4.149166e-01  5.201178e-03  1.570167e-03  1.000000e-50  1.285574e-02  2.365064e-01  1.000000e-50  2.257115e-03 
2.605400e-03  9.450497e-02  4.381810e-03  7.342492e-03  1.297963e-01  1.346518e-01  3.979157e-02  1.660351e-01  8.289910e-03  9.675509e-02  1.729038e-02  4.784462e-02  1.000000e-50  1.000000e-50  1.000000e-50  4.843676e-02  4.571293e-02  1.184273e-02  4.642350e-02  3.008053e-02  3.979157e-02  1.000000e-50  1.065846e-02  4.618664e-03  1.314543e-02 
1.000000e-50  1.000000e-50  4.806592e-03  1.000000e-50  5.241474e-02  3.570611e-02  6.614786e-02  9.956512e-02  5.355917e-02  4.287022e-01  1.235981e-02  1.991302e-02  1.000000e-50  1.831083e-03  1.000000e-50  2.174411e-02  3.135729e-02  6.866560e-03  6.408789e-02  7.782101e-03  3.250172e-02  5.172808e-02  8.926528e-03  1.000000e-50  1.000000e-50 
1.000000e-50  1.932499e-01  5.988024e-03  5.588822e-02  5.008165e-02  1.324623e-02  4.754128e-02  5.625113e-02  1.000000e-50  4.100889e-02  1.000000e-50  1.000000e-50  1.000000e-50  1.000000e-50  7.258211e-04  3.538378e-02  1.705680e-02  1.000000e-50  2.504083e-01  5.806569e-03  1.939757e-01  1.000000e-50  1.000000e-50  1.000000e-50  3.338777e-02 
1.000000e-50  5.479907e-02  1.062770e-02  1.000000e-50  1.217204e-01  4.035204e-02  1.086018e-01  7.588841e-02  6.193955e-02  2.457655e-02  1.942876e-02  3.055463e-02  1.000000e-50  1.000000e-50  1.000000e-50  2.191963e-02  1.680505e-01  3.968781e-02  1.843241e-02  9.764198e-02  1.494520e-02  5.131186e-02  2.009299e-02  9.797409e-03  9.631352e-03 
1.000000e-50  1.460700e-02  7.975887e-02  1.000000e-50  6.260144e-03  4.034315e-02  1.000000e-50  2.376536e-02  1.228843e-02  1.286807e-02  1.205657e-01  4.998841e-01  1.000000e-50  1.000000e-50  1.000000e-50  6.723858e-03  1.000000e-50  9.888709e-02  8.810573e-03  6.028287e-03  1.000000e-50  1.402736e-02  3.431486e-02  1.000000e-50  2.086715e-02 
2.362267e-02  1.000000e-50  1.000000e-50  1.000000e-50  1.000000e-50  1.000000e-50  1.000000e-50  1.000000e-50  1.000000e-50  1.000000e-50  1.000000e-50  1.000000e-50  1.460959e-01  8.297001e-03  1.000000e-50  1.000000e-50  1.000000e-50  1.000000e-50  1.000000e-50  1.000000e-50  1.083366e-03  1.000000e-50  1.000000e-50  8.209010e-01  1.000000e-50 
1.727192e-02  8.547387e-02  2.236492e-02  1.000000e-50  3.631532e-02  7.041630e-02  1.550044e-02  3.410097e-02  1.000000e-50  2.856510e-02  2.555359e-01  6.687334e-02  1.000000e-50  1.085031e-02  1.000000e-50  8.370239e-02  4.273694e-02  3.542958e-03  2.302923e-02  5.093003e-03  8.569531e-02  5.535872e-03  3.100089e-02  1.000000e-50  7.639504e-02 


#DOUBLE_1x25_DISCRETE_HIDDEN_DOMINANT-EIGENVECTOR
3.341357e-02  4.478399e-02  3.663685e-02  3.351317e-02  5.449567e-02  3.475130e-02  3.252546e-02  5.082936e-02  1.598481e-02  4.276854e-02  2.380201e-02  5.733169e-02  4.591693e-02  3.178662e-02  1.286850e-02  1.984652e-02  5.097530e-02  4.535865e-02  3.750536e-02  1.941963e-02  2.463061e-02  2.632153e-02  3.770569e-02  1.666011e-01  2.022714e-02  

#DOUBLE_25x20_DISCRETE_AA_EMISSION
7.263312e-02  1.115390e-02  4.527951e-02  9.414420e-02  4.926305e-02  3.093879e-02  2.695525e-02  9.082459e-02  6.971186e-02  1.232240e-01  2.469792e-02  2.363564e-02  1.195060e-03  5.205152e-02  5.271544e-02  2.934537e-02  4.488116e-02  9.786217e-02  1.473908e-02  4.474837e-02 
4.815836e-02  2.324207e-02  2.033681e-01  4.510538e-02  3.860548e-02  2.491629e-02  3.722671e-02  3.141619e-02  4.697656e-02  5.426433e-02  1.595430e-02  1.511720e-01  5.416585e-02  2.708292e-02  4.284026e-02  5.367343e-02  2.570416e-02  2.984046e-02  1.142407e-02  3.486311e-02 
5.833131e-02  2.583071e-02  8.573854e-02  4.559787e-02  4.086830e-02  1.418870e-02  2.243512e-02  7.773466e-02  5.226777e-02  1.042930e-01  1.976716e-02  5.141887e-02  1.064759e-01  2.849867e-02  4.511278e-02  4.001940e-02  2.704341e-02  1.053844e-01  1.746301e-02  3.153044e-02 
8.200456e-02  1.071955e-02  1.311805e-01  7.128501e-02  3.979633e-02  4.529010e-02  3.055072e-02  1.246148e-02  5.694761e-02  9.942382e-02  2.358301e-02  1.011658e-01  1.000000e-50  5.198982e-02  4.944392e-02  7.945866e-02  4.703202e-02  1.420340e-02  1.406941e-02  3.939435e-02 
1.063094e-01  2.494769e-02  4.096250e-02  6.550781e-02  4.788347e-02  2.663770e-02  1.690005e-02  6.438114e-02  6.236923e-02  1.405923e-01  3.074199e-02  2.583293e-02  1.384194e-02  4.474489e-02  5.037824e-02  5.729921e-02  5.271206e-02  7.202640e-02  1.754386e-02  3.838725e-02 
3.390695e-02  2.319949e-02  1.170172e-01  1.708094e-02  5.481198e-03  2.166985e-01  2.498407e-02  1.000000e-50  1.695347e-02  9.815169e-03  5.991077e-03  8.285532e-02  1.000000e-50  1.198215e-02  2.065010e-02  1.993627e-01  1.932441e-01  2.676864e-03  2.549395e-03  1.555131e-02 
1.148306e-01  1.083825e-02  4.088352e-02  7.243792e-02  2.469475e-02  3.237756e-02  1.673755e-02  3.635615e-02  6.406915e-02  6.448072e-02  1.564001e-02  1.906983e-02  2.273289e-01  2.785019e-02  4.554809e-02  6.736178e-02  2.922212e-02  4.870353e-02  1.687474e-02  2.469475e-02 
5.451095e-02  1.828532e-02  4.485078e-03  6.917371e-02  6.675867e-02  1.000000e-50  3.484561e-02  9.780921e-02  8.418147e-02  8.159393e-02  2.216664e-02  1.897533e-02  1.000000e-50  5.502846e-02  6.736243e-02  3.562187e-02  6.986372e-02  1.440400e-01  1.863033e-02  5.666724e-02 
8.842975e-02  7.713499e-03  1.000000e-01  5.344353e-02  1.542700e-02  2.506887e-02  1.983471e-02  2.506887e-02  8.264463e-02  6.776860e-02  9.366391e-03  2.314050e-02  2.336088e-01  3.415978e-02  4.132231e-02  7.438017e-02  4.683196e-02  3.388430e-02  4.958678e-03  1.294766e-02 
2.748459e-02  8.569338e-03  6.238896e-02  3.020169e-02  1.682516e-02  5.403908e-01  1.996029e-02  1.881074e-03  4.462326e-02  1.672066e-02  8.778347e-03  1.146410e-01  1.000000e-50  2.382694e-02  2.915665e-02  2.560351e-02  6.479256e-03  2.612603e-03  6.165744e-03  1.369004e-02 
1.627646e-01  2.697134e-02  3.989511e-02  4.476494e-02  8.990448e-02  1.775613e-01  3.240307e-02  1.000000e-50  3.633639e-02  2.547294e-02  1.723169e-02  2.378723e-02  1.000000e-50  2.528563e-02  4.214272e-02  1.168758e-01  4.813636e-02  1.000000e-50  2.341262e-02  6.705376e-02 
5.549618e-02  2.328244e-02  1.106870e-02  5.297710e-02  5.946565e-02  2.213740e-03  2.564885e-02  1.093893e-01  5.007634e-02  6.496183e-02  2.717557e-02  1.702290e-02  1.000000e-50  3.755725e-02  6.244275e-02  5.519084e-02  8.824427e-02  1.835878e-01  1.396947e-02  6.022901e-02 
1.477262e-01  1.110360e-02  5.735252e-02  1.105532e-01  2.153133e-02  3.224872e-02  1.332432e-02  3.504876e-02  9.027711e-02  1.169258e-01  3.080042e-02  4.335232e-02  1.000000e-50  5.802839e-02  8.042870e-02  6.266293e-02  2.713141e-02  3.176596e-02  9.558753e-03  2.017959e-02 
8.521690e-02  1.951425e-02  3.692264e-02  7.819739e-02  5.727924e-02  1.881230e-02  2.976274e-02  4.674996e-02  7.847817e-02  1.347747e-01  2.723572e-02  5.040011e-02  1.000000e-50  4.211709e-02  6.303524e-02  5.685807e-02  6.443914e-02  5.208480e-02  1.305630e-02  4.506528e-02 
1.155172e-01  8.620690e-03  1.017241e-01  1.258621e-01  2.068966e-02  5.206897e-02  3.482759e-02  1.068966e-02  7.482759e-02  4.689655e-02  1.551724e-02  4.827586e-02  1.000000e-50  5.310345e-02  5.655172e-02  1.458621e-01  5.827586e-02  1.000000e-50  1.241379e-02  1.827586e-02 
2.297056e-02  4.237288e-03  2.854594e-02  1.694915e-02  7.359500e-03  7.725245e-01  8.474576e-03  6.690455e-03  2.074041e-02  1.516503e-02  4.460303e-03  1.471900e-02  1.115076e-03  9.812667e-03  1.360393e-02  2.966102e-02  9.143622e-03  6.913470e-03  2.007136e-03  4.906334e-03 
9.290805e-02  9.907874e-03  5.075613e-02  8.838867e-02  3.320007e-02  4.197810e-02  1.981575e-02  5.249435e-02  5.440640e-02  9.508083e-02  1.738224e-02  2.268382e-02  1.321050e-01  3.780636e-02  4.614983e-02  4.867026e-02  3.554667e-02  6.170694e-02  2.346602e-02  3.554667e-02 
2.556098e-02  9.756098e-03  1.102439e-02  3.531707e-02  4.331707e-02  6.439024e-03  1.892683e-02  2.033171e-01  3.492683e-02  1.549268e-01  1.726829e-02  1.570732e-02  1.000000e-50  1.990244e-02  3.326829e-02  1.151220e-02  6.956098e-02  2.397073e-01  1.287805e-02  3.668293e-02 
3.421115e-02  2.539384e-02  8.629203e-02  5.290383e-02  4.667294e-02  3.362332e-02  3.197743e-02  3.009640e-02  7.994357e-02  7.194921e-02  1.728192e-02  7.253703e-02  1.000000e-50  4.632024e-02  6.195627e-02  7.277216e-02  1.369621e-01  4.079473e-02  1.528333e-02  4.302845e-02 
1.188321e-01  1.335446e-02  5.771842e-02  7.537347e-02  2.489814e-02  1.448619e-02  2.897239e-02  1.539158e-02  7.401539e-02  3.915799e-02  1.131734e-02  2.535084e-02  2.605251e-01  2.602988e-02  4.798551e-02  6.201901e-02  2.761431e-02  3.870530e-02  1.086464e-02  2.738796e-02 
7.864762e-02  1.789911e-02  7.937082e-02  1.182426e-01  2.603508e-02  5.984451e-02  2.187669e-02  3.471343e-02  8.461399e-02  7.575484e-02  1.500633e-02  3.561743e-02  4.339179e-02  3.543663e-02  5.966371e-02  8.389080e-02  4.845417e-02  4.321099e-02  1.428313e-02  2.404628e-02 
4.527559e-02  6.069554e-03  5.101706e-02  2.903543e-02  3.116798e-03  3.346457e-02  9.186352e-03  1.000000e-50  2.493438e-02  4.101050e-03  2.952756e-03  2.066929e-02  5.733268e-01  9.842520e-03  2.099738e-02  1.118766e-01  5.413386e-02  1.000000e-50  1.000000e-50  1.000000e-50 
7.166162e-02  2.808203e-02  2.120718e-02  4.614309e-02  8.319739e-02  5.045444e-02  2.178979e-02  4.183174e-02  6.327196e-02  1.281753e-01  1.887672e-02  2.563505e-02  1.000000e-50  3.379166e-02  5.185271e-02  5.732929e-02  8.447914e-02  6.303892e-02  3.216034e-02  7.702167e-02 
1.334919e-01  1.231338e-02  4.711322e-02  9.094993e-02  3.902761e-02  3.263311e-02  1.894570e-02  6.537191e-02  6.671951e-02  1.243229e-01  3.046638e-02  3.025499e-02  1.000000e-50  5.028405e-02  6.286167e-02  3.791782e-02  4.079799e-02  6.915048e-02  1.432157e-02  3.305589e-02 
6.895037e-02  1.602986e-02  5.533597e-02  5.928854e-02  3.205973e-02  4.962670e-02  2.678964e-02  7.356170e-02  6.587615e-02  1.091348e-01  1.866491e-02  3.842776e-02  2.349583e-02  2.898551e-02  4.589372e-02  6.170400e-02  7.356170e-02  1.095740e-01  1.493193e-02  2.810716e-02 


#DOUBLE_25x3_DISCRETE_SS_EMISSION
1.000000e+00  1.000000e-50  1.000000e-50 
1.000000e-50  1.000000e-50  1.000000e+00 
1.000000e-50  1.000000e+00  1.000000e-50 
1.000000e-50  1.000000e-50  1.000000e+00 
7.242295e-04  1.000000e-50  9.992758e-01 
1.000000e-50  4.576923e-02  9.542308e-01 
1.000000e-50  1.000000e-50  1.000000e+00 
1.000000e-50  1.000000e-50  1.000000e+00 
1.000000e-50  1.000000e-50  1.000000e+00 
1.881861e-03  1.902771e-02  9.790904e-01 
1.000000e-50  1.000000e+00  1.000000e-50 
1.000000e-50  1.000000e+00  1.000000e-50 
1.000000e+00  1.000000e-50  1.000000e-50 
9.987311e-01  1.000000e-50  1.268857e-03 
1.000000e-50  1.000000e-50  1.000000e+00 
2.049911e-02  1.261141e-01  8.533868e-01 
1.000000e+00  1.000000e-50  1.000000e-50 
1.000000e-50  1.000000e+00  1.000000e-50 
1.000000e-50  1.000000e-50  1.000000e+00 
4.581901e-04  1.000000e-50  9.995418e-01 
1.000000e-50  1.000000e-50  1.000000e+00 
1.000000e-50  1.234568e-02  9.876543e-01 
1.000000e-50  1.000000e+00  1.000000e-50 
1.000000e+00  1.000000e-50  1.000000e-50 
1.523395e-02  3.305767e-01  6.541893e-01 


#DOUBLE_25x2_DISCRETE_CIS_EMISSION
1.000000e+00  1.000000e-50 
9.975352e-01  2.464754e-03 
9.989095e-01  1.090513e-03 
1.000000e+00  1.000000e-50 
1.000000e+00  1.000000e-50 
9.985964e-01  1.403598e-03 
1.000000e+00  1.000000e-50 
9.989650e-01  1.035018e-03 
9.630769e-01  3.692308e-02 
1.000000e+00  1.000000e-50 
1.000000e+00  1.000000e-50 
1.000000e+00  1.000000e-50 
1.000000e+00  1.000000e-50 
1.000000e+00  1.000000e-50 
1.000000e+00  1.000000e-50 
1.000000e+00  1.000000e-50 
1.000000e+00  1.000000e-50 
1.000000e+00  1.000000e-50 
9.991783e-01  8.216927e-04 
1.000000e+00  1.000000e-50 
1.000000e+00  1.000000e-50 
9.493360e-01  5.066404e-02 
1.000000e+00  1.000000e-50 
1.000000e+00  1.000000e-50 
9.958379e-01  4.162103e-03 


#DOUBLE_25x3_TORUS_TORUS_KAPPA
1.674562e+02  1.316863e+02  5.709399e+01 
3.399222e+00  3.207750e+00  -1.581212e+00 
7.207874e+00  5.580445e+00  -8.523549e+00 
7.946251e+01  7.032725e+01  2.971101e+01 
2.276573e+01  1.748200e+01  2.722425e+00 
3.048378e+00  7.284408e+00  -9.429576e-01 
1.696930e+02  1.043379e+02  5.290310e+01 
1.076765e+01  1.129373e+01  2.535195e+00 
5.359246e+01  3.406202e+01  1.545628e+01 
4.569889e+01  3.529332e+01  1.759704e+01 
2.601287e+01  1.926955e+01  5.289431e+00 
3.101693e+01  1.499105e+01  2.809195e+00 
1.484322e+02  1.098916e+02  4.225289e+01 
1.709602e+01  1.762282e+01  4.878744e+00 
2.164981e+02  1.357419e+02  6.522287e+01 
4.076763e+00  3.578993e+00  6.139932e-01 
1.121777e+02  8.105016e+01  3.439973e+01 
3.189433e+01  4.519146e+01  4.628833e+00 
1.811698e+01  1.123824e+01  3.394595e+00 
9.126688e+01  6.101371e+01  2.040309e+01 
1.952128e+01  1.241219e+01  3.511881e+00 
6.136926e+01  4.132108e+01  1.591645e+01 
1.871181e+01  2.862924e+01  6.018908e+00 
3.417799e+02  2.785251e+02  1.038226e+02 
4.783725e+00  4.274014e+00  -1.513867e-01 


#DOUBLE_25x2_TORUS_TORUS_MU
-1.225000e+00  -8.040641e-01 
-1.756856e+00  1.599905e+00 
-1.506768e+00  2.153395e+00 
-1.580365e+00  2.684887e-02 
-1.323277e+00  2.492180e+00 
-2.100600e+00  2.981753e+00 
-1.031950e+00  -4.855084e-01 
-2.185572e+00  2.476874e+00 
-1.294915e+00  -4.500860e-01 
1.249568e+00  3.652219e-01 
-2.710556e+00  2.773476e+00 
-2.325167e+00  2.427485e+00 
-1.112890e+00  -5.551696e-01 
-1.486647e+00  -4.569700e-01 
-1.179586e+00  -2.749929e-01 
1.644795e+00  -2.837409e+00 
-9.978973e-01  -7.082808e-01 
-1.960597e+00  2.179394e+00 
-1.886365e+00  -3.186873e-02 
-1.021662e+00  2.377615e+00 
-1.217013e+00  -5.371403e-01 
-1.198489e+00  2.672355e+00 
-1.882203e+00  2.545755e+00 
-1.103067e+00  -7.389500e-01 
-1.785074e+00  -6.555028e-01 


