#DOUBLE_1x45_DISCRETE_HIDDEN_START
1.726519e-02  3.453039e-03  1.000000e-50  1.795580e-02  2.348066e-02  1.000000e-50  1.174033e-02  5.939227e-02  6.906077e-03  1.000000e-50  3.314917e-02  9.668508e-03  1.000000e-50  1.000000e-50  1.000000e-50  3.038674e-02  3.038674e-02  1.000000e-50  1.000000e-50  1.000000e-50  8.977901e-03  1.000000e-50  3.936464e-02  1.000000e-50  1.000000e-50  1.795580e-02  1.000000e-50  3.936464e-02  2.071823e-02  4.972376e-02  1.450276e-01  5.386740e-02  3.038674e-02  8.977901e-03  8.011050e-02  1.000000e-50  1.000000e-50  4.419890e-02  1.000000e-50  2.279006e-02  1.000000e-50  3.038674e-02  1.000000e-50  2.279006e-02  1.415746e-01  

#DOUBLE_45x45_DISCRETE_HIDDEN_TRANSITION
7.122999e-01  1.000000e-50  1.000000e-50  1.000000e-50  2.106150e-03  1.000000e-50  1.000000e-50  1.000000e-50  1.000000e-50  1.000000e-50  5.054760e-03  1.000000e-50  1.000000e-50  3.285594e-02  1.000000e-50  8.213985e-03  1.000000e-50  3.980623e-02  1.000000e-50  1.000000e-50  4.422915e-03  1.000000e-50  9.056445e-03  1.000000e-50  1.000000e-50  4.212300e-04  6.402696e-02  2.211457e-02  1.000000e-50  7.076664e-02  1.000000e-50  1.000000e-50  1.000000e-50  1.000000e-50  8.003370e-03  1.000000e-50  1.179444e-02  1.000000e-50  1.000000e-50  1.000000e-50  1.000000e-50  1.000000e-50  9.056445e-03  1.000000e-50  1.000000e-50 
1.000000e-50  5.257239e-02  4.217037e-03  1.000000e-50  2.811358e-03  1.000000e-50  1.124543e-02  7.646893e-02  6.494237e-02  5.060444e-03  1.405679e-02  1.265111e-02  2.136632e-02  1.000000e-50  1.000000e-50  1.236997e-02  3.598538e-02  1.000000e-50  3.964015e-02  8.152938e-03  1.000000e-50  2.698904e-02  2.389654e-02  1.000000e-50  3.654765e-03  3.036267e-02  1.000000e-50  1.293225e-02  4.582513e-02  2.811358e-02  1.152657e-01  2.811358e-02  2.642676e-02  2.530222e-03  1.967951e-03  8.996345e-03  1.000000e-50  2.164746e-02  1.967951e-03  3.654765e-03  1.000000e-50  1.799269e-02  1.000000e-50  2.277200e-02  2.153500e-01 
2.247191e-03  2.568218e-02  1.000000e-50  3.595506e-02  1.000000e-50  1.000000e-50  4.333868e-02  7.961477e-02  1.000000e-50  1.000000e-50  8.667737e-03  3.113965e-02  1.000000e-50  1.000000e-50  1.000000e-50  1.000000e-50  9.085072e-02  1.000000e-50  1.000000e-50  1.000000e-50  1.000000e-50  1.000000e-50  3.049759e-02  6.645265e-02  1.284109e-02  2.311396e-02  1.000000e-50  1.000000e-50  1.000000e-50  7.865169e-02  1.736758e-01  4.558587e-02  2.086677e-02  1.059390e-02  6.773676e-02  1.000000e-50  1.000000e-50  1.000000e-50  1.000000e-50  1.000000e-50  1.000000e-50  1.000000e-50  1.000000e-50  3.531300e-02  1.171750e-01 
1.000000e-50  1.000000e-50  1.000000e-50  1.000000e-50  1.000000e-50  1.000000e-50  1.000000e-50  1.411220e-01  9.658762e-02  1.000000e-50  3.528051e-02  2.197802e-02  1.735107e-02  1.000000e-50  4.626952e-03  1.000000e-50  2.544824e-02  1.000000e-50  2.544824e-02  1.000000e-50  1.000000e-50  1.000000e-50  1.000000e-50  1.000000e-50  4.800463e-02  1.000000e-50  1.000000e-50  1.000000e-50  4.684789e-02  1.000000e-50  9.138230e-02  2.677848e-01  7.345286e-02  1.735107e-02  1.000000e-50  1.000000e-50  1.000000e-50  1.000000e-50  1.000000e-50  1.000000e-50  7.518797e-03  4.279931e-02  1.000000e-50  1.000000e-50  3.701562e-02 
3.802939e-02  2.506482e-02  3.716508e-02  1.000000e-50  7.173725e-02  1.000000e-50  1.555748e-02  1.000000e-50  7.778738e-03  1.000000e-50  6.828003e-02  1.000000e-50  1.000000e-50  1.000000e-50  1.000000e-50  6.222990e-02  1.000000e-50  1.000000e-50  1.000000e-50  1.000000e-50  9.939499e-02  1.000000e-50  4.148660e-02  9.507347e-03  3.284356e-02  4.753673e-02  1.000000e-50  1.089023e-01  1.296456e-02  1.642178e-02  1.000000e-50  2.852204e-02  5.531547e-02  3.457217e-03  8.643042e-02  1.000000e-50  1.000000e-50  2.852204e-02  1.728608e-03  1.000000e-50  1.000000e-50  9.507347e-03  1.000000e-50  1.000000e-50  9.161625e-02 
1.000000e-50  3.007673e-01  1.000000e-50  1.000000e-50  1.000000e-50  1.000000e-50  1.000000e-50  1.000000e-50  3.631714e-02  3.432225e-01  2.148338e-02  3.069054e-03  1.000000e-50  1.000000e-50  1.000000e-50  2.455243e-02  4.092072e-03  1.000000e-50  2.352941e-02  1.636829e-02  9.718670e-03  3.631714e-02  1.000000e-50  2.455243e-02  1.000000e-50  5.115090e-03  1.000000e-50  1.000000e-50  3.324808e-02  1.534527e-02  5.524297e-02  1.000000e-50  1.000000e-50  1.000000e-50  1.000000e-50  1.000000e-50  1.000000e-50  1.000000e-50  1.000000e-50  1.000000e-50  1.000000e-50  1.278772e-02  1.000000e-50  2.710997e-02  7.161125e-03 
1.000000e-50  1.000000e-50  1.000000e-50  2.068252e-02  1.000000e-50  2.817994e-02  6.980352e-03  1.000000e-50  1.000000e-50  1.000000e-50  5.429162e-03  1.000000e-50  2.774043e-01  1.000000e-50  1.000000e-50  1.000000e-50  1.000000e-50  1.000000e-50  2.171665e-02  1.000000e-50  1.000000e-50  8.273009e-03  1.000000e-50  1.000000e-50  1.000000e-50  1.000000e-50  1.000000e-50  1.018614e-01  1.199586e-01  1.577042e-02  1.000000e-50  1.000000e-50  1.000000e-50  1.292658e-03  1.000000e-50  1.000000e-50  1.000000e-50  1.000000e-50  1.000000e-50  1.000000e-50  3.717684e-01  1.000000e-50  2.326784e-03  1.000000e-50  1.835574e-02 
1.000000e-50  1.420780e-02  5.723520e-03  8.282271e-03  3.501448e-03  1.000000e-50  1.000000e-50  2.944583e-01  1.414046e-03  1.414046e-03  8.214935e-03  6.538280e-02  1.000000e-50  1.000000e-50  1.000000e-50  1.000000e-50  1.000000e-50  1.000000e-50  1.000000e-50  1.000000e-50  8.753619e-04  8.349606e-03  5.992862e-03  1.000000e-50  8.996027e-02  1.401926e-01  1.000000e-50  5.588849e-03  3.164770e-03  1.000000e-50  6.800889e-03  1.198572e-02  1.104303e-02  1.346711e-02  9.426975e-03  2.626086e-03  1.000000e-50  2.549323e-01  1.000000e-50  1.000000e-50  6.060198e-04  1.939263e-02  1.000000e-50  1.000000e-50  1.299576e-02 
1.000000e-50  9.249743e-03  1.000000e-50  1.000000e-50  1.000000e-50  1.000000e-50  1.000000e-50  7.810894e-02  3.768414e-03  1.712915e-03  7.879411e-03  4.350805e-02  1.199041e-02  1.000000e-50  1.000000e-50  2.398082e-02  3.288798e-02  1.000000e-50  4.008222e-02  1.000000e-50  1.000000e-50  1.336074e-02  1.404591e-02  8.221994e-03  1.370332e-03  3.871189e-02  7.536828e-03  1.000000e-50  3.186023e-02  8.907160e-03  3.042138e-01  2.329565e-02  1.000000e-50  1.644399e-02  1.000000e-50  1.000000e-50  1.000000e-50  1.000000e-50  1.000000e-50  1.575882e-02  1.000000e-50  4.110997e-02  1.000000e-50  3.151764e-02  1.904762e-01 
1.000000e-50  6.009615e-03  1.000000e-50  1.000000e-50  1.000000e-50  1.000000e-50  1.000000e-50  1.682692e-02  6.009615e-03  1.000000e-50  2.043269e-02  1.000000e-50  2.163462e-02  1.000000e-50  1.000000e-50  1.000000e-50  5.588942e-02  1.000000e-50  5.168269e-02  1.000000e-50  1.000000e-50  1.322115e-02  1.000000e-50  1.000000e-50  1.000000e-50  1.000000e-50  1.141827e-02  1.000000e-50  6.490385e-02  1.000000e-50  2.181490e-01  2.103365e-02  1.000000e-50  1.000000e-50  1.000000e-50  1.000000e-50  1.000000e-50  1.262019e-02  1.000000e-50  1.000000e-50  1.000000e-50  1.742788e-02  1.000000e-50  1.000000e-50  4.627404e-01 
9.637753e-03  1.000000e-50  1.246261e-01  1.000000e-50  1.329345e-02  1.000000e-50  2.077102e-01  1.000000e-50  1.000000e-50  1.000000e-50  1.395813e-02  4.652709e-03  1.000000e-50  1.000000e-50  1.000000e-50  2.160186e-02  4.386839e-02  1.000000e-50  1.000000e-50  2.126952e-02  3.655700e-02  1.000000e-50  3.522765e-02  7.311399e-03  4.320372e-03  1.794616e-02  1.000000e-50  4.918578e-02  1.595214e-02  1.026919e-01  2.658691e-02  2.991027e-02  2.160186e-02  1.296112e-02  8.873380e-02  1.661682e-02  1.000000e-50  3.655700e-03  1.000000e-50  1.000000e-50  1.030243e-02  1.000000e-50  1.000000e-50  1.262878e-02  4.719176e-02 
1.000000e-50  9.989841e-03  7.280731e-03  7.280731e-03  7.788689e-03  1.000000e-50  1.490010e-02  2.218083e-02  1.000000e-50  2.201151e-03  1.269895e-02  1.970877e-01  1.693193e-03  1.000000e-50  6.095496e-03  4.232983e-03  1.591602e-02  1.000000e-50  5.926177e-03  1.000000e-50  1.000000e-50  6.603454e-03  1.947172e-02  1.625466e-02  5.926177e-03  2.372164e-01  1.000000e-50  4.808669e-02  4.419235e-02  4.571622e-03  1.252963e-02  7.111412e-03  1.997968e-02  3.826617e-02  3.962072e-02  1.000000e-50  1.000000e-50  5.299695e-02  9.888249e-02  1.000000e-50  1.000000e-50  7.958009e-03  1.000000e-50  1.000000e-50  2.505926e-02 
6.883605e-03  8.760951e-03  1.000000e-50  1.000000e-50  8.343763e-04  1.000000e-50  1.000000e-50  1.000000e-50  8.343763e-03  9.595327e-03  5.423446e-03  1.877347e-03  1.458073e-01  1.000000e-50  1.000000e-50  3.754693e-03  1.000000e-50  1.000000e-50  6.695870e-02  4.171882e-04  3.337505e-03  5.840634e-03  1.063830e-02  1.752190e-02  1.000000e-50  1.000000e-50  1.000000e-50  1.418440e-02  3.652482e-01  1.689612e-02  1.877347e-03  1.000000e-50  1.000000e-50  6.257822e-03  1.460159e-03  1.000000e-50  1.000000e-50  1.000000e-50  1.000000e-50  1.000000e-50  2.670004e-01  1.000000e-50  1.000000e-50  1.627034e-02  1.481018e-02 
2.098836e-02  1.000000e-50  1.000000e-50  1.000000e-50  1.000000e-50  4.197672e-03  1.000000e-50  1.000000e-50  1.000000e-50  1.000000e-50  2.862049e-02  1.000000e-50  1.000000e-50  1.001717e-01  1.000000e-50  1.000000e-50  1.000000e-50  7.613051e-02  1.000000e-50  1.000000e-50  2.098836e-03  7.632131e-04  5.724098e-03  6.678115e-03  1.000000e-50  1.000000e-50  1.039878e-01  3.243656e-03  1.000000e-50  1.000000e-50  1.000000e-50  1.000000e-50  1.000000e-50  1.000000e-50  2.289639e-03  1.000000e-50  1.402404e-01  1.000000e-50  1.000000e-50  2.877313e-01  1.000000e-50  1.000000e-50  2.171341e-01  1.000000e-50  1.000000e-50 
5.347594e-03  1.791444e-01  1.000000e-50  1.000000e-50  1.000000e-50  1.000000e-50  1.000000e-50  1.000000e-50  6.711230e-01  1.000000e-50  1.000000e-50  1.000000e-50  1.000000e-50  1.000000e-50  1.000000e-50  1.000000e-50  1.000000e-50  1.000000e-50  1.000000e-50  1.000000e-50  1.604278e-02  1.000000e-50  1.000000e-50  1.000000e-50  1.000000e-50  1.000000e-50  1.000000e-50  1.000000e-50  2.406417e-02  1.000000e-50  1.000000e-50  7.486631e-02  1.000000e-50  1.000000e-50  2.941176e-02  1.000000e-50  1.000000e-50  1.000000e-50  1.000000e-50  1.000000e-50  1.000000e-50  1.000000e-50  1.000000e-50  1.000000e-50  1.000000e-50 
7.853403e-02  1.332699e-02  1.000000e-50  1.808663e-02  5.140409e-02  1.000000e-50  1.000000e-50  9.995240e-03  1.000000e-50  1.000000e-50  1.951452e-02  8.567349e-03  2.237030e-02  1.000000e-50  1.000000e-50  1.000000e-50  3.379343e-02  4.759638e-03  1.000000e-50  1.000000e-50  8.186578e-02  1.000000e-50  3.855307e-02  1.000000e-50  1.237506e-02  1.142313e-02  3.807711e-02  1.418372e-01  4.474060e-02  4.521656e-02  2.665397e-02  5.378391e-02  1.000000e-50  1.000000e-50  1.061399e-01  2.617801e-02  1.000000e-50  1.000000e-50  1.000000e-50  1.000000e-50  1.000000e-50  2.141837e-02  1.000000e-50  3.331747e-03  8.805331e-02 
1.000000e-50  3.677597e-02  6.129329e-04  1.041986e-02  1.000000e-50  1.000000e-50  1.000000e-50  8.397181e-02  1.000000e-50  1.900092e-02  4.443763e-02  3.677597e-03  1.000000e-50  1.000000e-50  1.000000e-50  1.000000e-50  1.000000e-50  1.000000e-50  1.777505e-02  9.193993e-03  1.000000e-50  6.619675e-02  1.961385e-02  1.900092e-02  3.371131e-02  1.000000e-50  1.000000e-50  3.861477e-02  1.000000e-50  1.000000e-50  3.892124e-02  2.635611e-01  2.850138e-02  3.003371e-02  1.000000e-50  1.000000e-50  1.000000e-50  2.880785e-02  1.000000e-50  1.000000e-50  1.000000e-50  7.661661e-03  1.000000e-50  1.000000e-50  1.995097e-01 
1.000000e-50  3.959355e-02  1.000000e-50  1.000000e-50  5.606167e-03  1.000000e-50  3.854240e-03  1.000000e-50  1.000000e-50  9.355291e-02  3.293623e-02  1.000000e-50  2.943238e-02  4.134548e-02  1.000000e-50  2.768045e-02  1.000000e-50  1.000000e-50  1.000000e-50  1.541696e-02  2.172390e-02  2.838122e-02  1.000000e-50  1.000000e-50  1.000000e-50  1.000000e-50  1.000000e-50  1.000000e-50  6.797477e-02  1.000000e-50  4.905396e-02  1.000000e-50  1.000000e-50  1.296426e-02  2.172390e-02  1.000000e-50  4.558514e-01  1.000000e-50  1.000000e-50  1.000000e-50  3.398739e-02  1.016118e-02  1.000000e-50  8.759636e-03  1.000000e-50 
1.000000e-50  1.092896e-02  1.000000e-50  1.000000e-50  1.000000e-50  1.000000e-50  1.000000e-50  1.351548e-01  1.821494e-03  4.371585e-03  5.063752e-02  4.371585e-03  1.000000e-50  1.000000e-50  1.000000e-50  1.020036e-02  3.278689e-03  1.000000e-50  1.785064e-02  1.275046e-02  4.371585e-03  6.812386e-02  1.530055e-02  1.457195e-02  4.480874e-02  7.650273e-03  1.821494e-03  1.000000e-50  1.530055e-02  1.748634e-02  6.739526e-02  1.788707e-01  4.262295e-02  1.000000e-50  1.000000e-50  1.000000e-50  1.000000e-50  4.590164e-02  1.000000e-50  1.000000e-50  1.000000e-50  2.914390e-03  1.000000e-50  1.675774e-02  2.047359e-01 
1.976285e-02  1.177866e-01  1.000000e-50  1.000000e-50  1.000000e-50  1.000000e-50  1.000000e-50  1.000000e-50  7.913043e-01  1.000000e-50  1.000000e-50  1.000000e-50  1.000000e-50  1.000000e-50  1.000000e-50  1.000000e-50  1.000000e-50  1.000000e-50  1.000000e-50  1.000000e-50  1.000000e-50  1.000000e-50  1.000000e-50  1.185771e-02  1.000000e-50  1.000000e-50  1.000000e-50  3.399209e-02  1.000000e-50  1.000000e-50  1.000000e-50  1.000000e-50  1.000000e-50  1.000000e-50  1.000000e-50  1.000000e-50  1.000000e-50  1.000000e-50  1.000000e-50  1.000000e-50  1.000000e-50  1.000000e-50  1.000000e-50  1.000000e-50  2.529644e-02 
1.000000e-50  9.181331e-03  1.000000e-50  1.000000e-50  6.197399e-02  1.000000e-50  1.000000e-50  1.000000e-50  1.071155e-02  1.000000e-50  1.912777e-02  2.371844e-02  1.989288e-02  1.147666e-02  1.000000e-50  6.273910e-02  1.759755e-02  1.000000e-50  1.000000e-50  1.000000e-50  2.524866e-02  1.000000e-50  5.202754e-02  8.416220e-03  1.000000e-50  1.000000e-50  1.000000e-50  9.028309e-02  3.442999e-02  3.749044e-02  7.574598e-02  7.957154e-02  1.009946e-01  1.000000e-50  8.339709e-02  6.579954e-02  1.000000e-50  1.000000e-50  1.000000e-50  8.416220e-03  1.000000e-50  1.000000e-50  1.000000e-50  1.000000e-50  1.017598e-01 
1.314348e-02  1.095290e-02  1.000000e-50  1.000000e-50  1.000000e-50  1.000000e-50  3.190946e-01  1.423877e-02  1.000000e-50  1.000000e-50  9.492516e-03  1.000000e-50  2.665206e-02  1.000000e-50  1.000000e-50  1.000000e-50  1.606426e-02  1.000000e-50  1.000000e-50  1.000000e-50  5.476451e-03  1.000000e-50  1.000000e-50  1.000000e-50  1.000000e-50  1.000000e-50  6.206645e-03  7.484483e-02  1.299744e-01  2.928076e-01  1.000000e-50  4.746258e-03  1.000000e-50  6.571742e-03  1.000000e-50  1.000000e-50  1.000000e-50  1.000000e-50  1.000000e-50  5.841548e-03  2.738226e-02  1.000000e-50  1.000000e-50  1.000000e-50  3.650968e-02 
1.236218e-02  4.343468e-03  1.000000e-50  1.000000e-50  2.973605e-02  1.000000e-50  3.675242e-03  2.405613e-02  1.000000e-50  1.000000e-50  2.839960e-02  1.000000e-50  2.839960e-02  1.000000e-50  3.341129e-03  7.216839e-02  1.603742e-02  1.000000e-50  1.000000e-50  1.000000e-50  3.508186e-02  8.018710e-03  3.508186e-02  2.572670e-02  7.016372e-03  1.570331e-02  5.679920e-03  5.713331e-02  4.911460e-02  6.749081e-02  5.278984e-02  1.556966e-01  3.374541e-02  1.000000e-50  5.379218e-02  1.000000e-50  1.000000e-50  7.016372e-03  1.000000e-50  1.503508e-02  1.000000e-50  1.637153e-02  1.000000e-50  1.000000e-50  1.369863e-01 
1.000000e-50  1.000000e-50  1.000000e-50  1.000000e-50  1.000000e-50  1.000000e-50  1.469009e-01  1.000000e-50  1.000000e-50  1.000000e-50  6.344558e-03  1.000000e-50  5.163494e-01  1.000000e-50  1.000000e-50  1.000000e-50  1.000000e-50  1.000000e-50  3.904344e-03  1.000000e-50  1.000000e-50  1.000000e-50  1.171303e-02  2.635432e-02  1.000000e-50  1.000000e-50  1.000000e-50  1.000000e-50  1.054173e-01  1.000000e-50  1.000000e-50  1.000000e-50  1.000000e-50  1.000000e-50  1.000000e-50  1.000000e-50  1.000000e-50  1.000000e-50  1.000000e-50  1.000000e-50  1.566618e-01  1.000000e-50  2.928258e-03  1.000000e-50  2.342606e-02 
1.000000e-50  6.772009e-03  1.000000e-50  1.504891e-02  1.000000e-50  1.000000e-50  2.031603e-02  4.552295e-01  1.000000e-50  1.000000e-50  8.026085e-03  2.207173e-02  8.778530e-03  1.000000e-50  1.000000e-50  5.016303e-03  3.085026e-02  1.000000e-50  5.517933e-03  1.000000e-50  1.000000e-50  1.254076e-03  1.000000e-50  1.000000e-50  9.505894e-02  8.427389e-02  1.000000e-50  8.527715e-03  1.000000e-50  1.254076e-03  5.768748e-03  1.153750e-02  1.254076e-02  1.605217e-02  1.028342e-02  1.000000e-50  1.000000e-50  1.178831e-01  1.680461e-02  1.000000e-50  6.270379e-03  1.304239e-02  1.000000e-50  1.000000e-50  2.182092e-02 
1.385681e-03  1.123941e-02  1.000000e-50  1.046959e-02  2.001540e-03  1.000000e-50  3.202463e-02  2.934565e-01  4.618938e-03  1.000000e-50  1.123941e-02  7.082371e-02  1.000000e-50  1.000000e-50  1.000000e-50  1.000000e-50  2.247883e-02  1.000000e-50  1.909161e-02  1.000000e-50  9.237875e-04  1.354888e-02  1.277906e-02  1.000000e-50  3.464203e-02  2.386451e-02  1.000000e-50  1.478060e-02  2.463433e-03  1.570439e-02  2.909931e-02  1.401078e-02  2.032333e-02  2.925327e-03  2.247883e-02  5.542725e-03  1.000000e-50  1.265589e-01  9.130100e-02  1.000000e-50  1.000000e-50  1.770593e-02  1.000000e-50  1.524249e-02  5.727483e-02 
4.288586e-02  1.000000e-50  1.000000e-50  1.000000e-50  1.000000e-50  1.000000e-50  2.010275e-03  1.000000e-50  1.000000e-50  1.000000e-50  6.700916e-04  1.000000e-50  1.000000e-50  1.000000e-50  1.000000e-50  1.000000e-50  1.000000e-50  1.965602e-02  1.000000e-50  1.000000e-50  1.000000e-50  1.000000e-50  7.817735e-03  1.340183e-03  1.000000e-50  1.000000e-50  3.439803e-02  1.000000e-50  1.000000e-50  7.379942e-01  1.000000e-50  1.000000e-50  1.000000e-50  2.457002e-03  1.000000e-50  1.000000e-50  1.000000e-50  1.000000e-50  1.000000e-50  1.000000e-50  1.000000e-50  1.000000e-50  1.507706e-01  1.000000e-50  1.000000e-50 
3.302510e-02  1.000000e-50  1.000000e-50  4.699000e-02  2.792980e-02  2.207964e-02  1.000000e-50  1.000000e-50  1.000000e-50  1.000000e-50  5.567088e-02  3.963012e-03  7.926024e-03  1.000000e-50  2.830723e-03  8.435554e-02  9.058313e-03  1.000000e-50  1.000000e-50  1.000000e-50  3.057181e-02  1.000000e-50  4.227213e-02  2.283450e-02  1.000000e-50  1.000000e-50  1.000000e-50  2.628798e-01  1.141725e-01  1.000000e-50  1.000000e-50  2.000377e-02  3.453482e-02  2.170221e-02  5.793546e-02  6.095490e-02  1.000000e-50  1.000000e-50  1.000000e-50  1.000000e-50  1.000000e-50  1.000000e-50  1.000000e-50  2.075863e-03  3.623325e-02 
1.000000e-50  9.692548e-02  1.000000e-50  1.000000e-50  5.384749e-03  1.000000e-50  1.000000e-50  1.459093e-02  2.657634e-02  5.680042e-02  1.389613e-02  1.563314e-03  3.943026e-02  1.000000e-50  1.000000e-50  3.699844e-02  1.580684e-02  1.000000e-50  2.084419e-03  2.188640e-02  1.000000e-50  4.151468e-02  1.181171e-02  7.121765e-02  1.000000e-50  3.821435e-03  8.858781e-03  2.014938e-02  2.362341e-02  6.965433e-02  1.151641e-01  1.754386e-02  3.213479e-02  4.307799e-02  9.379885e-03  1.000000e-50  1.000000e-50  1.250651e-02  1.000000e-50  9.032482e-03  8.511377e-03  2.709745e-02  1.000000e-50  4.012507e-02  1.028313e-01 
1.634655e-03  1.000000e-50  1.000000e-50  1.000000e-50  1.000000e-50  2.043318e-03  1.000000e-50  1.000000e-50  1.000000e-50  1.000000e-50  1.000000e-50  1.000000e-50  1.430323e-03  6.559052e-02  1.000000e-50  1.000000e-50  1.000000e-50  2.921945e-02  1.000000e-50  1.000000e-50  1.000000e-50  1.000000e-50  1.000000e-50  1.000000e-50  1.000000e-50  1.000000e-50  1.124847e-01  1.000000e-50  1.000000e-50  1.211688e-01  1.000000e-50  1.000000e-50  1.000000e-50  1.000000e-50  1.000000e-50  1.000000e-50  1.000000e-50  1.000000e-50  1.000000e-50  5.022477e-01  1.000000e-50  1.000000e-50  1.641806e-01  1.000000e-50  1.000000e-50 
1.000000e-50  2.393317e-02  9.437796e-02  3.240009e-02  1.000000e-50  1.000000e-50  4.414089e-02  4.617295e-02  2.032061e-02  1.000000e-50  1.027320e-02  1.625649e-02  1.000000e-50  1.000000e-50  1.693385e-03  1.000000e-50  6.638067e-02  1.000000e-50  5.034997e-02  1.524046e-02  1.000000e-50  3.612554e-02  2.190111e-02  1.219237e-02  1.377286e-02  3.748024e-02  1.000000e-50  1.000000e-50  1.000000e-50  3.781892e-02  9.324904e-02  5.170467e-02  1.016031e-02  1.016031e-02  1.000000e-50  1.000000e-50  1.000000e-50  6.841273e-02  1.000000e-50  1.000000e-50  1.000000e-50  5.836532e-02  1.000000e-50  1.817566e-02  1.089411e-01 
1.200626e-02  1.392031e-02  3.393075e-02  1.096224e-02  5.568122e-03  1.000000e-50  8.160780e-02  3.932487e-02  8.352184e-03  1.000000e-50  2.105446e-02  4.350096e-03  1.000000e-50  1.000000e-50  1.000000e-50  1.000000e-50  4.889508e-02  1.000000e-50  2.244649e-02  1.792239e-02  1.000000e-50  2.035845e-02  2.644858e-02  2.175048e-02  6.438142e-03  1.183226e-02  5.220115e-03  4.054289e-02  4.002088e-02  7.899774e-02  6.925352e-02  5.411519e-02  2.557856e-02  3.375674e-02  3.967287e-02  1.000000e-50  1.000000e-50  2.731860e-02  1.000000e-50  2.001044e-02  2.349052e-02  1.653036e-02  1.000000e-50  1.218027e-02  1.061423e-01 
5.130084e-03  4.763650e-03  2.235251e-02  1.000000e-50  2.125321e-02  1.000000e-50  1.795529e-02  5.862953e-02  1.000000e-50  1.000000e-50  1.172591e-02  1.502382e-02  2.418468e-02  1.000000e-50  1.000000e-50  4.287285e-02  4.543789e-02  1.000000e-50  1.429095e-02  1.000000e-50  2.674973e-02  1.612312e-02  2.821546e-02  1.000000e-50  2.125321e-02  3.444485e-02  1.000000e-50  7.145475e-02  2.711616e-02  2.748259e-02  5.862953e-02  7.658483e-02  1.000000e-50  3.297911e-02  9.967021e-02  4.287285e-02  1.000000e-50  2.125321e-02  1.000000e-50  1.000000e-50  1.355808e-02  3.481129e-02  1.000000e-50  1.000000e-50  8.318065e-02 
1.000000e-50  1.399753e-02  2.675998e-02  7.986826e-02  5.351997e-03  4.116921e-03  3.746398e-02  3.746398e-02  5.351997e-03  1.000000e-50  2.181968e-02  1.317415e-02  5.393166e-02  1.000000e-50  1.000000e-50  1.687937e-02  1.523261e-02  1.000000e-50  1.000000e-50  1.000000e-50  3.293536e-03  1.729107e-02  3.622890e-02  1.000000e-50  2.428983e-02  5.063812e-02  4.528613e-03  3.499382e-02  1.000000e-50  7.698641e-02  5.475504e-02  4.816797e-02  1.729107e-02  2.840675e-02  3.664059e-02  1.000000e-50  1.000000e-50  3.211198e-02  1.000000e-50  1.000000e-50  1.136270e-01  1.564430e-02  1.000000e-50  1.358584e-02  6.010704e-02 
3.042999e-02  5.490628e-02  1.000000e-50  1.000000e-50  3.020948e-02  1.000000e-50  1.000000e-50  3.395810e-02  6.063947e-02  1.080485e-02  3.109151e-02  4.851158e-03  1.000000e-50  1.000000e-50  1.000000e-50  3.594267e-02  2.050717e-02  1.000000e-50  1.852260e-02  5.380375e-02  5.887541e-02  1.000000e-50  5.380375e-02  2.138920e-02  4.410143e-03  1.000000e-50  1.000000e-50  8.842337e-02  9.261301e-03  1.000000e-50  1.278942e-02  4.807056e-02  4.674752e-02  9.481808e-03  1.424476e-01  1.962514e-02  1.000000e-50  1.000000e-50  1.000000e-50  1.000000e-50  1.000000e-50  2.094818e-02  1.000000e-50  1.000000e-50  7.805954e-02 
3.541913e-02  5.548996e-02  1.000000e-50  1.000000e-50  7.910272e-02  1.000000e-50  1.000000e-50  3.069658e-02  1.000000e-50  1.000000e-50  4.486423e-02  1.000000e-50  1.000000e-50  1.000000e-50  1.000000e-50  1.000000e-50  1.000000e-50  1.000000e-50  1.000000e-50  1.000000e-50  1.000000e-50  3.305785e-02  1.298701e-02  1.000000e-50  2.833530e-02  1.000000e-50  1.000000e-50  1.109799e-01  1.000000e-50  1.000000e-50  4.132231e-02  7.674144e-02  7.910272e-02  6.375443e-02  8.854782e-02  1.000000e-50  1.000000e-50  2.951594e-02  1.000000e-50  1.000000e-50  1.000000e-50  5.430933e-02  1.000000e-50  1.000000e-50  1.357733e-01 
3.735435e-02  5.380398e-02  1.000000e-50  1.000000e-50  8.910212e-03  1.000000e-50  2.673064e-02  1.000000e-50  2.364633e-02  4.318026e-02  6.614119e-02  1.000000e-50  1.000000e-50  7.539411e-03  1.000000e-50  6.648389e-02  1.000000e-50  2.433173e-02  1.000000e-50  1.000000e-50  1.000000e-50  1.000000e-50  2.261823e-02  1.000000e-50  1.000000e-50  1.000000e-50  2.604524e-02  5.243317e-02  2.364633e-02  4.694997e-02  7.333790e-02  2.090473e-02  1.000000e-50  6.785469e-02  1.000000e-50  1.000000e-50  1.610692e-01  1.062371e-02  1.000000e-50  1.000000e-50  1.000000e-50  1.233722e-02  3.872515e-02  6.168609e-03  7.916381e-02 
1.000000e-50  1.000000e-50  1.398015e-03  6.291067e-04  1.000000e-50  1.000000e-50  1.000000e-50  1.813225e-01  1.000000e-50  1.000000e-50  5.032853e-03  1.637774e-01  1.000000e-50  1.000000e-50  1.684608e-02  1.258213e-03  2.865930e-03  1.000000e-50  2.516427e-03  1.000000e-50  1.677618e-03  1.000000e-50  1.048511e-03  1.000000e-50  3.355236e-02  5.564099e-02  1.000000e-50  1.000000e-50  1.000000e-50  1.000000e-50  8.737593e-03  6.011464e-03  8.527890e-03  1.258213e-03  2.656228e-03  1.000000e-50  1.000000e-50  4.662379e-01  4.403747e-03  1.000000e-50  1.000000e-50  1.901300e-02  1.000000e-50  1.607717e-03  1.398015e-02 
1.000000e-50  7.418398e-03  1.000000e-50  1.000000e-50  1.000000e-50  1.000000e-50  1.000000e-50  4.124629e-01  1.000000e-50  1.000000e-50  4.451039e-03  1.000000e-50  1.000000e-50  1.000000e-50  1.000000e-50  1.000000e-50  1.000000e-50  1.000000e-50  1.000000e-50  1.000000e-50  1.000000e-50  1.000000e-50  1.000000e-50  1.000000e-50  4.821958e-01  2.448071e-02  1.000000e-50  1.000000e-50  1.000000e-50  1.000000e-50  1.000000e-50  1.000000e-50  1.000000e-50  3.338279e-02  1.000000e-50  1.000000e-50  1.000000e-50  1.261128e-02  2.299703e-02  1.000000e-50  1.000000e-50  1.000000e-50  1.000000e-50  1.000000e-50  1.000000e-50 
1.000000e-50  1.000000e-50  1.000000e-50  1.000000e-50  1.000000e-50  1.713370e-03  1.000000e-50  1.000000e-50  1.000000e-50  1.000000e-50  1.000000e-50  1.000000e-50  1.000000e-50  1.207649e-02  1.000000e-50  1.000000e-50  1.000000e-50  1.680208e-02  1.000000e-50  1.000000e-50  1.000000e-50  1.000000e-50  1.000000e-50  1.000000e-50  1.000000e-50  1.000000e-50  4.490687e-02  1.000000e-50  1.000000e-50  1.000000e-50  1.000000e-50  1.000000e-50  1.000000e-50  1.000000e-50  1.000000e-50  1.000000e-50  6.908749e-04  1.000000e-50  1.000000e-50  8.094843e-01  1.000000e-50  1.000000e-50  1.143260e-01  1.000000e-50  1.000000e-50 
7.989691e-03  2.525773e-02  1.000000e-50  1.000000e-50  1.000000e-50  5.154639e-04  1.000000e-50  1.000000e-50  8.195876e-02  1.000000e-50  5.103093e-02  1.829897e-02  1.000000e-50  1.000000e-50  1.000000e-50  1.000000e-50  1.000000e-50  1.000000e-50  9.510309e-02  6.701031e-03  5.154639e-03  6.314433e-02  2.345361e-02  6.443299e-03  1.000000e-50  3.118557e-02  2.010309e-02  1.000000e-50  3.530928e-02  1.984536e-02  2.368557e-01  1.000000e-50  1.000000e-50  3.041237e-02  1.000000e-50  1.288660e-02  1.000000e-50  4.587629e-02  1.000000e-50  1.000000e-50  1.000000e-50  1.108247e-02  1.000000e-50  1.000000e-50  1.713918e-01 
1.728763e-02  1.341282e-02  1.281669e-02  1.000000e-50  1.000000e-50  1.000000e-50  1.099851e-01  3.785395e-02  1.000000e-50  2.384501e-03  7.451565e-03  1.000000e-50  9.448584e-02  1.000000e-50  1.000000e-50  3.278689e-03  2.980626e-03  1.000000e-50  7.749627e-03  1.000000e-50  1.000000e-50  1.000000e-50  6.855440e-03  4.321908e-02  1.000000e-50  1.000000e-50  7.451565e-03  4.262295e-02  1.698957e-02  3.242921e-01  4.798808e-02  2.682563e-02  1.043219e-02  8.345753e-03  3.994039e-02  5.663189e-03  1.000000e-50  7.451565e-03  1.000000e-50  5.186289e-02  3.755589e-02  1.000000e-50  1.000000e-50  1.000000e-50  1.281669e-02 
1.000000e-50  1.000000e-50  1.000000e-50  1.000000e-50  1.000000e-50  2.087785e-01  1.000000e-50  1.000000e-50  1.000000e-50  1.544600e-03  1.000000e-50  1.000000e-50  8.186382e-02  4.292702e-01  1.000000e-50  1.000000e-50  1.000000e-50  1.593513e-01  1.000000e-50  1.000000e-50  1.000000e-50  1.000000e-50  3.732784e-03  1.000000e-50  1.000000e-50  1.000000e-50  4.221908e-02  1.000000e-50  2.394131e-02  1.000000e-50  1.000000e-50  1.000000e-50  1.000000e-50  1.000000e-50  1.287167e-04  1.000000e-50  4.916978e-02  1.000000e-50  1.000000e-50  1.000000e-50  1.000000e-50  1.000000e-50  1.000000e-50  1.000000e-50  1.000000e-50 
1.000000e-50  1.000000e-50  1.638456e-01  3.656060e-02  1.000000e-50  1.000000e-50  1.000000e-50  1.000000e-50  1.000000e-50  1.000000e-50  1.760325e-02  1.000000e-50  1.000000e-50  1.000000e-50  1.000000e-50  1.000000e-50  2.708192e-03  1.000000e-50  1.130670e-01  3.791469e-02  1.000000e-50  8.327691e-02  5.619499e-02  4.062288e-03  1.150982e-02  1.000000e-50  1.000000e-50  1.000000e-50  1.000000e-50  4.062288e-03  4.739336e-03  5.416385e-02  1.286391e-02  1.000000e-50  9.614083e-02  1.000000e-50  1.000000e-50  3.791469e-02  1.000000e-50  1.000000e-50  1.000000e-50  3.182126e-02  1.000000e-50  2.843602e-02  2.031144e-01 
1.920000e-03  1.400000e-02  9.072000e-02  2.352000e-02  6.800000e-03  1.000000e-50  1.000000e-50  3.040000e-02  1.120000e-03  2.720000e-03  1.520000e-02  1.168000e-02  1.000000e-50  1.000000e-50  4.240000e-03  8.800000e-03  4.376000e-02  1.000000e-50  2.784000e-02  2.792000e-02  5.200000e-03  4.560000e-02  3.864000e-02  1.840000e-02  6.720000e-03  3.560000e-02  1.000000e-50  1.040000e-02  1.000000e-50  1.000000e-50  1.047200e-01  4.168000e-02  1.976000e-02  1.944000e-02  5.824000e-02  1.000000e-50  1.000000e-50  3.736000e-02  1.000000e-50  1.000000e-50  1.000000e-50  7.064000e-02  1.000000e-50  2.240000e-02  1.545600e-01 


#DOUBLE_1x45_DISCRETE_HIDDEN_DOMINANT-EIGENVECTOR
2.105214e-02  1.592520e-02  1.399385e-02  7.582851e-03  5.145657e-03  8.723267e-03  1.728685e-02  6.549718e-02  1.306469e-02  7.470806e-03  1.344677e-02  2.620931e-02  2.140141e-02  2.333706e-02  1.661073e-03  9.483496e-03  1.423702e-02  1.285610e-02  1.241434e-02  5.659456e-03  5.951616e-03  1.238771e-02  1.359321e-02  9.164591e-03  1.766242e-02  2.879973e-02  2.001231e-02  2.368332e-02  2.571400e-02  4.364911e-02  3.886341e-02  2.569845e-02  1.189030e-02  1.079961e-02  1.994669e-02  3.990936e-03  1.333579e-02  6.252140e-02  5.970769e-03  1.613199e-01  1.745932e-02  1.463638e-02  3.446808e-02  6.673955e-03  5.535851e-02  

#DOUBLE_45x20_DISCRETE_AA_EMISSION
9.195402e-02  1.713689e-02  4.764890e-02  1.115987e-01  3.197492e-02  4.075235e-02  2.298851e-02  6.374086e-02  6.854754e-02  1.230930e-01  2.633229e-02  2.528736e-02  2.382445e-02  4.723093e-02  7.126437e-02  4.618600e-02  3.991641e-02  5.475444e-02  1.462905e-02  3.113898e-02 
5.117450e-02  1.398210e-02  1.146532e-01  5.397092e-02  2.768456e-02  1.129754e-01  4.418345e-02  8.389262e-04  9.899329e-02  3.020134e-02  1.733781e-02  2.321029e-01  1.000000e-50  4.949664e-02  6.208054e-02  4.586130e-02  3.635347e-03  1.957494e-03  1.146532e-02  2.740492e-02 
1.000000e-50  1.000000e-50  1.000000e-50  1.000000e-50  1.000000e-50  1.000000e-50  1.000000e-50  1.000000e-50  1.000000e-50  1.000000e-50  1.000000e-50  1.000000e-50  1.000000e+00  1.000000e-50  1.000000e-50  1.000000e-50  1.000000e-50  1.000000e-50  1.000000e-50  1.000000e-50 
2.855511e-02  1.000000e-50  1.696174e-01  3.712164e-02  2.741291e-02  5.082810e-02  2.627070e-02  2.227299e-02  5.825243e-02  1.000000e-50  1.000000e-50  1.307824e-01  1.000000e-50  2.455740e-02  4.283267e-02  1.045117e-01  2.318675e-01  2.512850e-02  1.000000e-50  1.998858e-02 
6.852792e-02  2.622673e-02  1.082910e-01  7.021997e-02  2.284264e-02  1.827411e-01  2.453469e-02  2.876481e-02  6.260575e-02  6.260575e-02  1.607445e-02  6.937394e-02  5.922166e-03  2.876481e-02  5.076142e-02  6.768190e-02  5.245347e-02  2.791878e-02  7.614213e-03  1.607445e-02 
1.388606e-01  1.678535e-02  3.713123e-02  6.714140e-02  3.001017e-02  3.051882e-02  3.001017e-02  1.475076e-02  7.171923e-02  1.627670e-01  3.611394e-02  7.782299e-02  1.000000e-50  5.493388e-02  6.714140e-02  6.612411e-02  2.746694e-02  2.441506e-02  8.646999e-03  3.763988e-02 
7.652534e-02  7.238883e-03  3.490176e-02  5.920372e-02  1.809721e-02  2.016546e-02  1.421923e-02  2.766287e-02  5.429162e-02  3.309204e-02  9.048604e-03  2.300931e-02  4.118407e-01  1.783868e-02  3.154085e-02  6.644261e-02  2.094105e-02  4.498449e-02  1.008273e-02  1.887280e-02 
8.152866e-02  2.400268e-02  1.287295e-02  6.429769e-02  7.153872e-02  3.352330e-04  2.782434e-02  6.718069e-02  5.719075e-02  6.349313e-02  2.876299e-02  1.696279e-02  1.000000e-50  4.109956e-02  6.604090e-02  7.160577e-02  8.863560e-02  1.234328e-01  1.937647e-02  7.381830e-02 
2.706360e-03  3.721245e-03  1.150203e-02  5.074425e-03  8.119080e-03  9.133965e-01  5.074425e-03  1.000000e-50  6.089310e-03  3.382950e-03  2.706360e-03  1.894452e-02  1.000000e-50  1.000000e-50  2.368065e-03  5.412720e-03  6.427605e-03  1.000000e-50  2.706360e-03  2.368065e-03 
1.000000e-50  1.000000e-50  1.000000e-50  1.000000e-50  1.000000e-50  9.958184e-01  1.000000e-50  1.000000e-50  4.181601e-03  1.000000e-50  1.000000e-50  1.000000e-50  1.000000e-50  1.000000e-50  1.000000e-50  1.000000e-50  1.000000e-50  1.000000e-50  1.000000e-50  1.000000e-50 
6.499020e-02  2.580013e-02  1.463096e-01  4.833442e-02  5.649902e-02  8.491182e-03  6.303070e-02  2.384063e-02  4.898759e-02  5.127368e-02  2.286088e-02  1.420640e-01  1.000000e-50  3.298498e-02  6.172436e-02  5.715219e-02  3.951666e-02  2.775963e-02  1.567603e-02  6.270411e-02 
4.248422e-02  2.559290e-02  9.759427e-02  4.214298e-02  5.118580e-02  6.312916e-03  3.156458e-02  1.347893e-01  4.299608e-02  1.093670e-01  2.320423e-02  6.910084e-02  2.388671e-03  3.037024e-02  3.378263e-02  3.207644e-02  2.200990e-02  1.501450e-01  1.364955e-02  3.924245e-02 
1.198502e-01  1.310861e-02  8.406159e-02  1.117353e-01  2.476072e-02  5.576363e-02  3.183521e-02  2.080732e-02  7.573866e-02  6.242197e-02  1.914274e-02  4.015814e-02  2.496879e-03  4.827299e-02  5.826051e-02  1.296296e-01  4.619226e-02  1.831045e-02  1.560549e-02  2.184769e-02 
8.277704e-02  8.392142e-03  5.588404e-02  1.090978e-01  3.127980e-02  2.651154e-02  2.307839e-02  6.294106e-02  8.621019e-02  1.102422e-01  3.185199e-02  3.280565e-02  1.000000e-50  6.275033e-02  6.542056e-02  3.509441e-02  4.844555e-02  7.648293e-02  1.583063e-02  3.490368e-02 
5.600000e-02  1.000000e-50  1.893333e-01  3.733333e-02  3.466667e-02  8.000000e-02  1.000000e-50  1.000000e-50  3.200000e-02  1.866667e-02  1.066667e-02  3.653333e-01  1.000000e-50  5.866667e-02  4.533333e-02  4.533333e-02  1.000000e-50  1.000000e-50  1.000000e-50  2.666667e-02 
5.702168e-02  3.958530e-02  4.806786e-02  7.540057e-02  4.429783e-02  4.194156e-02  2.686145e-02  6.456173e-02  6.267672e-02  8.482564e-02  1.932139e-02  4.665410e-02  1.000000e-50  2.026390e-02  4.618285e-02  7.917059e-02  8.388313e-02  8.765316e-02  2.214892e-02  4.948162e-02 
9.687403e-02  1.485608e-02  8.480347e-02  6.530486e-02  1.857010e-02  2.878366e-02  1.887960e-02  2.445063e-02  8.047044e-02  6.809037e-02  1.238007e-02  2.506964e-02  1.829155e-01  3.249768e-02  4.797276e-02  8.294646e-02  6.159084e-02  3.621170e-02  5.880532e-03  1.145156e-02 
1.329158e-01  1.217815e-02  4.627697e-02  9.707724e-02  2.226862e-02  2.887961e-02  2.087683e-02  2.331246e-02  8.733473e-02  1.520529e-01  2.261656e-02  5.462770e-02  2.435630e-03  4.453723e-02  7.446068e-02  8.420320e-02  4.244955e-02  2.957550e-02  8.002784e-03  1.391788e-02 
2.824455e-02  8.938148e-03  8.080086e-02  8.723632e-02  3.503754e-02  1.000000e-50  3.289238e-02  5.219878e-02  1.333572e-01  8.008581e-02  1.644619e-02  2.359671e-02  1.000000e-50  6.149446e-02  8.580622e-02  5.577404e-02  1.015374e-01  6.471219e-02  1.179836e-02  4.004290e-02 
1.117231e-01  6.294256e-03  5.507474e-02  9.992132e-02  2.439024e-02  7.867821e-03  2.753737e-02  2.675059e-02  8.261212e-02  1.000000e-50  1.101495e-02  2.675059e-02  2.549174e-01  3.068450e-02  5.114083e-02  6.058222e-02  3.225806e-02  5.743509e-02  3.933910e-03  2.911094e-02 
3.461249e-02  5.267118e-03  3.686983e-02  3.686983e-02  1.580135e-02  5.936795e-01  1.956358e-02  1.354402e-02  3.762227e-02  2.407825e-02  3.009782e-03  3.085026e-02  6.772009e-03  2.332581e-02  2.031603e-02  5.191874e-02  1.730625e-02  1.203913e-02  6.772009e-03  9.781791e-03 
9.292352e-03  5.110793e-02  4.403145e-01  3.323803e-02  6.790565e-03  1.000000e-50  2.787706e-02  8.934954e-03  1.608292e-02  1.250893e-02  4.646176e-03  2.276626e-01  1.000000e-50  1.143674e-02  1.965690e-02  9.220872e-02  1.000000e-50  1.286633e-02  9.292352e-03  1.608292e-02 
6.755440e-02  1.364079e-02  1.351088e-01  5.618707e-02  3.442676e-02  4.514453e-02  2.533290e-02  1.721338e-02  4.904190e-02  6.495615e-02  1.883728e-02  1.078272e-01  1.656382e-01  3.410198e-02  4.287106e-02  5.423839e-02  2.240987e-02  1.558948e-02  1.071777e-02  1.916207e-02 
1.520076e-01  1.099426e-02  5.592734e-02  8.747610e-02  3.441683e-02  2.868069e-02  1.051625e-02  4.827916e-02  7.170172e-02  1.161568e-01  2.437859e-02  1.481836e-02  3.967495e-02  4.110899e-02  6.500956e-02  5.066922e-02  3.393881e-02  5.210325e-02  3.059273e-02  3.154876e-02 
1.454228e-01  2.619107e-02  5.238214e-02  1.000000e-50  7.982040e-02  3.155400e-01  2.619107e-02  1.000000e-50  1.346969e-02  9.977551e-03  6.485408e-03  2.594163e-02  1.000000e-50  9.977551e-03  2.569219e-02  1.274632e-01  6.585183e-02  1.000000e-50  2.319780e-02  4.639561e-02 
6.765425e-02  2.626756e-02  3.970678e-02  5.452046e-02  4.917532e-02  3.772144e-02  1.863164e-02  3.741600e-02  6.704337e-02  1.160660e-01  1.786805e-02  2.932193e-02  1.353085e-01  3.252902e-02  5.390959e-02  4.856445e-02  4.337202e-02  5.849114e-02  2.550397e-02  4.092853e-02 
7.006082e-02  1.216490e-02  3.334084e-02  5.812120e-02  8.875873e-02  3.581888e-02  2.275287e-02  1.173688e-01  5.113764e-02  1.293084e-01  1.869790e-02  1.959901e-02  1.000000e-50  3.581888e-02  4.257716e-02  2.815950e-02  3.491777e-02  1.166929e-01  1.576932e-02  6.893444e-02 
8.445190e-02  1.565996e-02  7.028337e-02  9.787472e-02  2.348993e-02  6.114840e-02  2.255779e-02  3.709918e-02  8.706189e-02  8.351976e-02  1.267711e-02  3.523490e-02  7.829978e-02  3.243848e-02  4.865772e-02  7.084265e-02  5.164057e-02  5.164057e-02  1.118568e-02  2.423565e-02 
4.035178e-02  2.603897e-02  8.104846e-02  4.466287e-02  7.018451e-02  3.586825e-02  3.948957e-02  3.138472e-02  4.983618e-02  1.088119e-01  2.638386e-02  9.329195e-02  1.000000e-50  4.328332e-02  5.207794e-02  4.880152e-02  9.432661e-02  3.345404e-02  2.155544e-02  5.914813e-02 
9.753112e-02  8.161600e-03  4.978576e-02  8.794124e-02  3.234034e-02  3.458478e-02  2.336258e-02  4.733728e-02  5.784534e-02  9.171598e-02  1.724138e-02  2.366864e-02  1.439502e-01  3.560498e-02  4.499082e-02  4.774536e-02  3.835952e-02  6.121200e-02  2.254642e-02  3.407468e-02 
1.655072e-01  1.728007e-02  6.149013e-02  6.676391e-02  4.174147e-02  2.995961e-02  2.446140e-02  1.694345e-02  5.509425e-02  1.168088e-01  2.962298e-02  2.704219e-02  5.352334e-02  3.691652e-02  5.610413e-02  8.202424e-02  4.297576e-02  2.659336e-02  1.638241e-02  3.276481e-02 
7.816250e-02  2.365444e-02  6.239287e-02  5.210833e-02  4.508056e-02  1.439835e-02  4.405211e-02  5.999314e-03  4.062393e-02  9.941721e-03  1.611244e-02  6.273569e-02  1.000000e-50  2.879671e-02  5.467947e-02  1.906068e-01  1.780939e-01  2.742544e-02  1.662667e-02  4.850874e-02 
5.005402e-02  1.800504e-02  6.769896e-02  1.440403e-02  1.116313e-02  6.092906e-01  1.332373e-02  3.240907e-03  2.052575e-02  1.000000e-50  1.080302e-02  3.240907e-02  1.000000e-50  1.800504e-02  2.304645e-02  5.509543e-02  2.700756e-02  1.512423e-02  1.000000e-50  1.080302e-02 
1.435014e-02  1.230012e-03  1.722017e-02  7.790078e-03  5.330053e-03  8.909389e-01  3.280033e-03  1.000000e-50  8.200082e-03  4.510045e-03  2.460025e-03  1.189012e-02  1.000000e-50  4.100041e-03  4.920049e-03  1.968020e-02  1.000000e-50  1.000000e-50  1.230012e-03  2.870029e-03 
8.019888e-02  2.702118e-02  3.588413e-02  6.809339e-02  2.442715e-02  4.798962e-02  1.794207e-02  2.464332e-02  8.625162e-02  7.479464e-02  1.275400e-02  3.199308e-02  2.124946e-01  3.242542e-02  4.863813e-02  5.188067e-02  3.999135e-02  3.999135e-02  1.145698e-02  3.112840e-02 
7.457627e-02  4.293785e-02  1.254237e-01  4.858757e-02  2.259887e-02  1.378531e-01  3.728814e-02  1.000000e-50  5.649718e-02  6.327684e-02  1.694915e-02  1.491525e-01  1.000000e-50  3.389831e-02  1.807910e-02  8.587571e-02  5.310734e-02  2.259887e-02  1.000000e-50  1.129944e-02 
3.834511e-02  2.657249e-02  2.690885e-02  6.088126e-02  9.249916e-02  1.547259e-02  4.608140e-02  5.449041e-02  6.659939e-02  1.120081e-01  2.791793e-02  5.415405e-02  1.000000e-50  3.868147e-02  4.406324e-02  5.381769e-02  8.947191e-02  6.693576e-02  1.547259e-02  6.962664e-02 
3.183872e-02  1.508516e-02  8.967675e-03  3.510601e-02  5.158151e-02  1.209593e-02  1.737921e-02  1.722628e-01  4.025026e-02  1.493222e-01  1.640598e-02  1.362530e-02  1.000000e-50  2.134168e-02  3.879041e-02  1.626694e-02  7.820647e-02  2.199513e-01  1.605839e-02  4.546403e-02 
6.458797e-02  1.039347e-02  4.899777e-02  4.677060e-02  2.746845e-02  2.227171e-02  2.449889e-02  1.009651e-01  5.864885e-02  1.536748e-01  2.152932e-02  2.895323e-02  1.633259e-02  2.895323e-02  4.454343e-02  5.419451e-02  6.681514e-02  1.529324e-01  8.908686e-03  1.855976e-02 
1.359841e-01  1.226199e-02  4.811110e-02  9.291560e-02  3.628999e-02  3.383759e-02  2.008763e-02  6.367970e-02  6.737208e-02  1.247692e-01  2.984211e-02  2.984211e-02  1.000000e-50  5.133504e-02  6.334904e-02  3.799840e-02  4.086413e-02  6.671075e-02  1.421840e-02  3.053099e-02 
6.848269e-02  4.073320e-03  1.967923e-01  8.553971e-02  2.138493e-02  5.422607e-02  2.443992e-02  3.309572e-03  6.008147e-02  5.600815e-02  1.298371e-02  9.215886e-02  5.346232e-03  5.626273e-02  5.066191e-02  1.104888e-01  5.320774e-02  4.582485e-03  1.552953e-02  2.443992e-02 
7.436050e-03  1.368233e-02  1.415824e-01  1.427722e-02  1.000000e-50  1.719215e-01  1.695419e-02  1.000000e-50  1.279001e-02  1.070791e-02  1.000000e-50  7.971446e-02  1.000000e-50  1.160024e-02  1.249256e-02  2.766211e-01  2.272457e-01  1.000000e-50  1.000000e-50  2.974420e-03 
1.564354e-01  1.173588e-02  5.700284e-02  1.042043e-01  2.127934e-02  2.979108e-02  1.000000e-50  3.791591e-02  8.988909e-02  1.171009e-01  3.417591e-02  4.668558e-02  1.000000e-50  5.867939e-02  7.957183e-02  6.216147e-02  2.321383e-02  3.494970e-02  1.122002e-02  2.398762e-02 
1.643655e-02  1.249178e-02  1.000000e-50  4.010519e-02  3.944773e-02  1.000000e-50  2.629849e-03  2.432610e-01  5.851414e-02  1.005917e-01  3.353057e-02  1.000000e-50  1.000000e-50  4.339250e-02  1.709402e-02  1.000000e-50  1.045365e-01  2.274819e-01  1.380671e-02  4.667982e-02 
3.735495e-02  1.851852e-02  1.049118e-02  6.477508e-02  6.064219e-02  5.960897e-03  2.503577e-02  1.153235e-01  8.512160e-02  1.172310e-01  2.169766e-02  2.591003e-02  1.000000e-50  5.460181e-02  5.921157e-02  2.479733e-02  6.390081e-02  1.483071e-01  1.533937e-02  4.577969e-02 


#DOUBLE_45x3_DISCRETE_SS_EMISSION
1.000000e+00  1.000000e-50  1.000000e-50 
1.000000e-50  3.877266e-02  9.612273e-01 
1.000000e-50  7.923930e-03  9.920761e-01 
1.000000e-50  2.413793e-02  9.758621e-01 
2.109705e-02  3.544304e-02  9.434599e-01 
9.482759e-02  1.000000e-50  9.051724e-01 
1.000000e-50  6.185567e-03  9.938144e-01 
1.000000e-50  1.000000e+00  1.000000e-50 
1.000000e-50  8.828523e-03  9.911715e-01 
1.000000e-50  1.000000e-50  1.000000e+00 
4.241436e-03  2.185971e-02  9.738989e-01 
1.000000e-50  1.000000e+00  1.000000e-50 
1.000000e-50  1.000000e-50  1.000000e+00 
1.000000e+00  1.000000e-50  1.000000e-50 
1.000000e-50  1.000000e-50  1.000000e+00 
2.444758e-02  1.000000e-50  9.755524e-01 
1.000000e-50  1.837672e-03  9.981623e-01 
1.000000e+00  1.000000e-50  1.000000e-50 
3.585515e-04  1.000000e-50  9.996414e-01 
1.000000e-50  1.000000e-50  1.000000e+00 
4.454343e-03  1.000000e-50  9.955457e-01 
1.000000e-50  1.000000e-50  1.000000e+00 
8.043758e-03  9.652510e-03  9.823037e-01 
1.000000e-50  1.000000e-50  1.000000e+00 
1.000000e-50  1.000000e+00  1.000000e-50 
1.000000e-50  1.000000e+00  1.000000e-50 
1.000000e+00  1.000000e-50  1.000000e-50 
1.000000e-50  1.000000e-50  1.000000e+00 
1.000000e-50  1.000000e-50  1.000000e+00 
1.000000e+00  1.000000e-50  1.000000e-50 
1.000000e-50  1.903482e-03  9.980965e-01 
1.000000e-50  1.000000e-50  1.000000e+00 
1.000000e-50  9.659913e-02  9.034009e-01 
3.112203e-02  1.167076e-01  8.521704e-01 
1.732352e-03  1.000000e-50  9.982676e-01 
1.000000e-50  1.268743e-02  9.873126e-01 
9.915995e-01  1.000000e-50  8.400538e-03 
1.000000e-50  1.000000e+00  1.000000e-50 
1.000000e-50  1.000000e+00  1.000000e-50 
1.000000e+00  1.000000e-50  1.000000e-50 
1.545993e-03  6.956970e-03  9.914970e-01 
1.000000e-50  4.831933e-02  9.516807e-01 
9.994825e-01  1.000000e-50  5.175314e-04 
1.000000e-50  1.000000e-50  1.000000e+00 
1.000000e-50  1.000000e-50  1.000000e+00 


#DOUBLE_45x2_DISCRETE_CIS_EMISSION
1.000000e+00  1.000000e-50 
1.000000e+00  1.000000e-50 
9.105330e-01  8.946701e-02 
9.942363e-01  5.763689e-03 
9.982921e-01  1.707942e-03 
1.000000e+00  1.000000e-50 
1.000000e+00  1.000000e-50 
1.000000e+00  1.000000e-50 
1.000000e+00  1.000000e-50 
1.000000e+00  1.000000e-50 
1.000000e+00  1.000000e-50 
9.994945e-01  5.054760e-04 
1.000000e+00  1.000000e-50 
1.000000e+00  1.000000e-50 
1.000000e+00  1.000000e-50 
1.000000e+00  1.000000e-50 
9.800184e-01  1.998156e-02 
1.000000e+00  1.000000e-50 
1.000000e+00  1.000000e-50 
1.000000e+00  1.000000e-50 
1.000000e+00  1.000000e-50 
1.000000e+00  1.000000e-50 
9.665584e-01  3.344156e-02 
1.000000e+00  1.000000e-50 
1.000000e+00  1.000000e-50 
1.000000e+00  1.000000e-50 
1.000000e+00  1.000000e-50 
9.964638e-01  3.536200e-03 
1.000000e+00  1.000000e-50 
1.000000e+00  1.000000e-50 
9.978825e-01  2.117464e-03 
9.977782e-01  2.221842e-03 
9.996338e-01  3.661662e-04 
9.983573e-01  1.642710e-03 
1.000000e+00  1.000000e-50 
1.000000e+00  1.000000e-50 
1.000000e+00  1.000000e-50 
1.000000e+00  1.000000e-50 
1.000000e+00  1.000000e-50 
1.000000e+00  1.000000e-50 
9.992349e-01  7.651109e-04 
1.000000e+00  1.000000e-50 
1.000000e+00  1.000000e-50 
1.000000e+00  1.000000e-50 
1.000000e+00  1.000000e-50 


#DOUBLE_45x3_TORUS_TORUS_KAPPA
2.227629e+01  1.930233e+01  4.148747e+00 
1.205973e+02  6.099154e+01  3.259802e+01 
7.385406e+01  5.087985e+01  2.101743e+01 
2.120614e+01  1.704051e+01  5.311115e+00 
7.158520e+00  2.536012e+00  -3.804282e-01 
8.638210e+01  8.457543e+01  3.104595e+01 
1.865980e+02  1.229919e+02  6.187728e+01 
1.678826e+01  1.584045e+01  8.863252e-01 
6.000789e+01  5.430192e+01  2.201922e+01 
5.579716e+01  6.545531e+01  2.473871e+01 
1.472707e+01  8.909706e+00  1.512819e+00 
6.677111e+00  1.366957e+01  -3.746516e+00 
1.795930e+02  1.079352e+02  5.108128e+01 
1.141209e+02  6.977234e+01  1.359045e+01 
2.493007e+02  1.586540e+02  7.520752e+01 
6.232458e+00  5.042371e+00  6.845213e-01 
7.652270e+01  5.215703e+01  2.396893e+01 
4.265396e+01  4.632471e+01  1.120804e+01 
1.875386e+01  1.651481e+01  4.539969e+00 
1.141230e+02  9.448219e+01  1.970384e+01 
2.370410e+00  1.884598e+00  -8.697833e-01 
4.150511e+00  1.446937e+01  -6.011162e+00 
3.331421e+01  4.160785e+00  -8.616134e-01 
1.483802e+02  1.171335e+02  4.763180e+01 
1.569957e+01  2.068790e+01  5.320690e+00 
2.009441e+01  2.236167e+01  3.065720e+00 
1.680912e+02  2.138574e+02  6.371256e+01 
1.474530e+01  1.046686e+01  2.745791e+00 
3.626208e+01  3.059919e+01  1.141799e+01 
1.976296e+02  1.460472e+02  6.563153e+01 
5.006160e+01  4.411565e+01  1.422682e+01 
1.152562e+01  1.439631e+01  3.056685e-01 
1.621933e+00  4.287258e+00  -1.025202e+00 
1.458651e+01  1.154560e+01  4.812627e+00 
2.202634e+01  1.292468e+01  4.502547e+00 
7.328067e+00  1.004543e+01  1.279960e+00 
2.340571e+01  2.063541e+01  6.950598e+00 
2.331024e+01  3.487922e+01  2.803967e+00 
1.404872e+01  1.358735e+01  3.155136e+00 
3.546723e+02  2.939176e+02  1.069130e+02 
1.053615e+02  8.243615e+01  3.655242e+01 
2.879149e+01  3.423034e+01  9.524079e+00 
2.067538e+02  1.419769e+02  5.841967e+01 
1.569788e+01  3.595339e+01  -1.762526e+01 
9.099276e+00  9.631657e+00  1.240753e+00 


#DOUBLE_45x2_TORUS_TORUS_MU
-1.055168e+00  -7.529072e-01 
1.009593e+00  6.446178e-01 
-1.151071e+00  2.621488e+00 
-1.910751e+00  1.162870e-02 
1.015825e+00  1.328919e+00 
-1.540264e+00  4.635022e-02 
-1.044535e+00  -4.296821e-01 
-2.340397e+00  2.552049e+00 
1.499497e+00  -3.746043e-02 
1.458121e+00  3.072319e-01 
-2.352291e+00  1.379002e+00 
-1.792685e+00  1.954963e+00 
-1.152678e+00  -3.245165e-01 
-1.290914e+00  -6.878840e-01 
9.113816e-01  7.241696e-01 
-2.088150e+00  -7.856645e-01 
-1.266799e+00  -4.899304e-01 
-1.327673e+00  -3.632391e-01 
-1.788012e+00  -4.303936e-01 
-9.826471e-01  2.311131e+00 
1.735303e+00  -5.060679e-01 
-1.507044e+00  2.033963e+00 
-1.473240e+00  1.243102e+00 
-9.765011e-01  -6.433713e-01 
-2.688436e+00  2.880107e+00 
-1.416438e+00  2.442201e+00 
-1.106975e+00  -8.893253e-01 
-1.223370e+00  -5.591515e-01 
-1.809724e+00  1.331692e-01 
-1.008519e+00  -6.844354e-01 
-1.210427e+00  2.538794e+00 
-2.509531e+00  2.769442e+00 
-2.490980e+00  -2.975087e+00 
1.469207e+00  -2.854309e+00 
-1.158315e+00  2.509930e+00 
-2.167544e+00  5.024416e-01 
-1.708126e+00  -4.107973e-01 
-2.000784e+00  2.244148e+00 
-1.658585e+00  -5.302168e-01 
-1.106753e+00  -7.362904e-01 
-1.521175e+00  -6.442253e-02 
-1.453818e+00  2.931595e+00 
-1.101054e+00  -5.612255e-01 
-1.330989e+00  2.218766e+00 
-1.912946e+00  2.407507e+00 


