#DOUBLE_1x40_DISCRETE_HIDDEN_START
1.726519e-02  1.588398e-02  1.588398e-02  3.798343e-02  2.279006e-02  4.627072e-02  1.000000e-50  1.000000e-50  1.864641e-02  1.000000e-50  1.243094e-02  9.668508e-03  1.000000e-50  1.000000e-50  1.319061e-01  7.596685e-02  1.000000e-50  6.215470e-03  5.110497e-02  6.975138e-02  1.000000e-50  6.906077e-04  4.281768e-02  8.425414e-02  1.000000e-50  1.000000e-50  1.000000e-50  1.381215e-02  2.624309e-02  5.317680e-02  4.350829e-02  4.834254e-03  1.000000e-50  1.588398e-02  5.801105e-02  9.806630e-02  2.693370e-02  1.000000e-50  1.000000e-50  1.000000e-50  

#DOUBLE_40x40_DISCRETE_HIDDEN_TRANSITION
4.541441e-03  8.704428e-03  1.000000e-50  5.866028e-02  1.892267e-02  2.977167e-02  7.569068e-04  1.000000e-50  4.617131e-02  1.000000e-50  3.948530e-02  5.676801e-03  1.000000e-50  1.000000e-50  1.488583e-01  1.000000e-50  1.000000e-50  1.015517e-01  1.000000e-50  1.000000e-50  1.000000e-50  6.723855e-02  6.660780e-02  1.000000e-50  1.000000e-50  1.000000e-50  1.879652e-02  3.027627e-03  5.487574e-02  4.667592e-03  3.052857e-02  1.000000e-50  1.000000e-50  4.932509e-02  3.998991e-02  1.624827e-01  1.000000e-50  1.000000e-50  1.892267e-02  2.043648e-02 
1.682905e-02  3.060230e-01  1.000000e-50  7.528787e-03  1.731621e-01  2.059345e-02  1.000000e-50  1.000000e-50  3.576174e-02  2.214349e-04  4.694420e-02  1.000000e-50  9.078831e-03  4.417626e-02  4.340124e-02  1.000000e-50  1.000000e-50  2.657219e-03  4.118689e-02  2.125775e-02  1.000000e-50  3.952613e-02  3.144376e-02  2.579717e-02  1.000000e-50  1.000000e-50  1.627547e-02  4.982285e-03  1.937555e-02  1.000000e-50  3.974756e-02  1.000000e-50  1.000000e-50  1.000000e-50  2.192205e-02  1.782551e-02  3.542958e-03  1.000000e-50  4.317981e-03  6.421612e-03 
1.000000e-50  1.000000e-50  7.945351e-01  1.000000e-50  1.000000e-50  1.000000e-50  1.000000e-50  1.622770e-01  1.000000e-50  4.151803e-02  1.000000e-50  1.000000e-50  1.000000e-50  1.000000e-50  1.000000e-50  1.000000e-50  1.000000e-50  1.000000e-50  1.000000e-50  1.000000e-50  1.000000e-50  1.000000e-50  1.000000e-50  1.000000e-50  1.000000e-50  1.000000e-50  1.000000e-50  1.000000e-50  1.000000e-50  1.000000e-50  1.000000e-50  4.174573e-04  1.252372e-03  1.000000e-50  1.000000e-50  1.000000e-50  1.000000e-50  1.000000e-50  1.000000e-50  1.000000e-50 
9.941676e-02  1.000000e-50  1.405090e-02  1.000000e-50  1.000000e-50  1.000000e-50  1.000000e-50  1.000000e-50  1.527041e-01  1.000000e-50  9.013786e-03  1.935313e-01  1.590668e-03  1.000000e-50  6.998940e-02  7.423118e-03  2.067869e-02  1.000000e-50  1.590668e-02  1.000000e-50  1.000000e-50  6.892895e-03  7.264051e-02  1.299046e-02  1.000000e-50  1.000000e-50  1.000000e-50  1.007423e-02  1.000000e-50  1.959173e-01  9.013786e-03  1.000000e-50  1.000000e-50  5.805938e-02  2.598091e-02  1.000000e-50  1.000000e-50  1.000000e-50  1.325557e-02  1.086957e-02 
1.000000e-50  1.000000e-01  1.000000e-50  1.523810e-02  3.063492e-02  2.444444e-02  1.000000e-50  1.000000e-50  4.079365e-02  1.000000e-50  3.333333e-03  1.777778e-02  1.142857e-02  1.361905e-01  6.619048e-02  1.698413e-02  1.000000e-50  4.285714e-03  2.169841e-01  1.000000e-50  1.000000e-50  4.444444e-03  1.523810e-02  1.507937e-02  1.000000e-50  1.000000e-50  9.841270e-03  1.000000e-50  3.904762e-02  1.142857e-02  1.693651e-01  1.000000e-50  1.000000e-50  8.730159e-03  1.000000e-50  3.095238e-02  1.904762e-03  1.000000e-50  6.825397e-03  2.857143e-03 
4.531524e-02  1.050788e-02  3.984238e-02  2.626970e-03  3.064799e-03  2.189142e-02  1.000000e-50  1.000000e-50  1.155867e-01  1.000000e-50  1.795096e-02  1.254378e-01  2.189142e-03  1.000000e-50  3.042907e-02  1.269702e-02  6.567426e-03  3.940455e-03  4.684764e-02  3.940455e-02  1.000000e-50  1.335377e-02  2.845884e-02  3.612084e-02  1.000000e-50  1.000000e-50  1.000000e-50  1.000000e-50  1.729422e-02  1.985552e-01  1.000000e-50  5.691769e-03  1.000000e-50  5.888792e-02  1.860771e-02  5.604203e-02  1.000000e-50  1.000000e-50  4.268827e-02  1.000000e-50 
1.000000e-50  1.000000e-50  4.678959e-01  1.000000e-50  1.000000e-50  1.000000e-50  3.141101e-01  6.786975e-02  1.000000e-50  6.276971e-03  1.000000e-50  1.000000e-50  1.000000e-50  1.000000e-50  1.000000e-50  1.000000e-50  1.000000e-50  1.000000e-50  1.000000e-50  1.000000e-50  1.000000e-50  1.000000e-50  1.000000e-50  1.000000e-50  1.000000e-50  1.000000e-50  1.046162e-03  1.000000e-50  1.000000e-50  1.000000e-50  1.000000e-50  3.007715e-03  2.942330e-02  1.000000e-50  1.000000e-50  1.000000e-50  1.000000e-50  1.103701e-01  1.000000e-50  1.000000e-50 
1.000000e-50  1.000000e-50  5.769675e-03  1.000000e-50  1.000000e-50  1.000000e-50  8.654512e-03  3.996077e-01  1.000000e-50  4.286868e-01  2.307870e-03  5.192707e-03  1.000000e-50  1.000000e-50  1.000000e-50  1.000000e-50  1.000000e-50  1.000000e-50  1.000000e-50  1.000000e-50  6.808216e-03  1.000000e-50  1.000000e-50  1.000000e-50  2.411724e-02  1.000000e-50  2.423263e-03  1.000000e-50  1.000000e-50  1.000000e-50  1.000000e-50  1.153935e-03  9.000692e-02  2.180937e-02  1.000000e-50  1.000000e-50  1.000000e-50  1.000000e-50  1.000000e-50  3.461805e-03 
2.112186e-01  1.000000e-50  1.000000e-50  1.859692e-02  1.360750e-03  1.000000e-50  1.000000e-50  4.535833e-04  1.248866e-01  1.000000e-50  1.315392e-02  2.815240e-01  3.628666e-03  1.000000e-50  4.263683e-02  1.315392e-02  1.000000e-50  3.931055e-03  1.179317e-02  1.000000e-50  1.000000e-50  3.628666e-03  1.073480e-01  2.842455e-02  1.000000e-50  1.000000e-50  1.118839e-02  3.175083e-03  1.375869e-02  5.443000e-03  6.350166e-03  1.000000e-50  1.000000e-50  1.000000e-50  7.499244e-02  1.000000e-50  4.082250e-03  1.000000e-50  9.071666e-04  1.436347e-02 
1.380729e-02  1.000000e-50  1.000000e-50  1.000000e-50  1.000000e-50  1.000000e-50  9.283196e-02  1.000000e-50  1.000000e-50  1.792009e-02  1.000000e-50  7.961222e-02  1.000000e-50  1.000000e-50  1.000000e-50  4.994125e-03  1.000000e-50  3.231492e-03  1.000000e-50  1.000000e-50  3.174207e-01  2.643948e-03  1.968273e-02  1.000000e-50  1.880141e-02  1.000000e-50  1.000000e-50  5.581669e-03  1.000000e-50  1.000000e-50  1.000000e-50  1.000000e-50  2.715922e-01  1.000000e-50  1.468860e-03  1.000000e-50  1.000000e-50  1.504113e-01  1.000000e-50  1.000000e-50 
9.815774e-02  1.813472e-02  1.122625e-02  2.446747e-02  5.469200e-02  3.108808e-02  1.000000e-50  1.000000e-50  4.001151e-02  1.000000e-50  3.483017e-02  4.375360e-02  1.000000e-50  8.635579e-04  6.678181e-02  4.375360e-02  1.000000e-50  1.000000e-50  8.894646e-02  4.548071e-02  1.000000e-50  1.065055e-02  6.476684e-02  5.958549e-02  1.000000e-50  1.266552e-02  1.468048e-02  1.065055e-02  2.734600e-02  3.367876e-02  6.476684e-02  1.000000e-50  1.000000e-50  2.043754e-02  2.187680e-02  4.519286e-02  5.757052e-03  1.000000e-50  1.000000e-50  5.757052e-03 
7.268452e-01  1.000000e-50  1.000000e-50  1.000000e-50  1.000000e-50  1.000000e-50  1.000000e-50  1.000000e-50  7.054993e-03  1.000000e-50  7.778582e-03  9.822721e-02  1.000000e-50  1.000000e-50  1.000000e-50  1.000000e-50  2.098408e-02  1.000000e-50  1.000000e-50  1.000000e-50  1.000000e-50  1.000000e-50  1.000000e-50  1.000000e-50  1.000000e-50  1.000000e-50  1.000000e-50  1.000000e-50  9.171491e-02  6.874096e-03  1.000000e-50  1.000000e-50  1.000000e-50  1.000000e-50  4.052098e-02  1.000000e-50  1.000000e-50  1.000000e-50  1.000000e-50  1.000000e-50 
1.000000e-50  1.000000e-50  1.750000e-02  1.750000e-02  1.025000e-01  1.000000e-50  1.000000e-50  1.000000e-50  1.275000e-01  1.000000e-50  1.000000e-50  1.000000e-50  1.000000e-50  5.000000e-03  3.250000e-02  2.875000e-01  1.000000e-50  1.000000e-50  1.000000e-50  1.000000e-50  1.000000e-50  1.000000e-50  1.000000e-50  1.750000e-01  1.000000e-50  1.000000e-50  1.000000e-50  1.000000e-50  1.775000e-01  1.000000e-50  1.000000e-50  1.000000e-50  1.000000e-50  1.000000e-50  1.000000e-50  1.000000e-50  4.250000e-02  1.000000e-50  1.000000e-50  1.500000e-02 
1.000000e-50  7.988788e-02  1.000000e-50  1.000000e-50  1.000000e-50  2.102313e-03  1.000000e-50  1.000000e-50  1.000000e-50  1.000000e-50  8.619481e-02  1.000000e-50  1.000000e-50  3.293623e-02  1.000000e-50  1.000000e-50  1.000000e-50  2.803083e-03  7.911703e-01  1.000000e-50  1.000000e-50  4.905396e-03  1.000000e-50  1.000000e-50  1.000000e-50  1.000000e-50  1.000000e-50  1.000000e-50  1.000000e-50  1.000000e-50  1.000000e-50  1.000000e-50  1.000000e-50  1.000000e-50  1.000000e-50  1.000000e-50  1.000000e-50  1.000000e-50  1.000000e-50  1.000000e-50 
1.000000e-50  1.429964e-02  1.000000e-50  6.158596e-02  3.461163e-02  8.726032e-02  1.000000e-50  1.000000e-50  2.039324e-02  1.000000e-50  2.063698e-02  1.000000e-50  2.762431e-03  1.000000e-50  1.646896e-01  3.802405e-02  1.000000e-50  3.737407e-03  2.461813e-02  1.851641e-01  1.000000e-50  1.689958e-02  1.000000e-50  6.077348e-02  1.000000e-50  1.470588e-02  2.746181e-02  2.681183e-03  8.799155e-02  1.000000e-50  4.395515e-02  1.000000e-50  1.000000e-50  1.000000e-50  1.048099e-02  6.402340e-02  4.712382e-03  1.000000e-50  1.000000e-50  8.531037e-03 
1.000000e-50  8.809578e-03  1.000000e-50  9.035464e-03  6.776598e-03  1.084256e-02  4.969505e-03  1.000000e-50  9.487237e-03  1.000000e-50  2.981703e-02  1.000000e-50  1.400497e-02  1.000000e-50  3.749718e-02  2.261125e-01  4.743619e-03  1.000000e-50  3.094646e-02  5.873052e-03  1.000000e-50  2.733228e-02  5.985995e-02  1.077479e-01  1.000000e-50  3.523831e-02  2.462164e-02  9.600181e-02  2.010391e-02  1.000000e-50  2.326632e-02  1.852270e-02  1.000000e-50  8.583691e-03  1.253671e-01  2.349221e-02  3.094646e-02  1.000000e-50  1.000000e-50  1.000000e-50 
1.000000e-50  1.000000e-50  1.000000e-50  1.000000e-50  1.000000e-50  1.000000e-50  8.066759e-02  1.000000e-50  1.000000e-50  7.162726e-02  1.000000e-50  1.000000e-50  1.000000e-50  1.000000e-50  1.000000e-50  1.000000e-50  1.000000e-50  1.000000e-50  1.000000e-50  1.000000e-50  1.000000e-50  1.000000e-50  2.712100e-02  4.172462e-03  8.623088e-02  1.000000e-50  1.000000e-50  1.000000e-50  1.000000e-50  1.000000e-50  1.000000e-50  1.000000e-50  3.331015e-01  1.000000e-50  1.000000e-50  1.000000e-50  1.000000e-50  3.970793e-01  1.000000e-50  1.000000e-50 
1.853506e-02  2.836088e-02  1.630192e-02  1.831175e-02  2.277803e-02  4.622599e-02  1.000000e-50  1.000000e-50  8.932559e-03  1.000000e-50  1.071907e-02  1.004913e-02  1.000000e-50  4.466280e-04  3.041536e-01  1.000000e-50  1.000000e-50  5.136222e-03  3.684681e-02  1.000000e-50  1.000000e-50  8.932559e-03  2.233140e-02  2.590442e-02  1.000000e-50  1.000000e-50  1.429209e-02  1.000000e-50  8.351943e-02  1.000000e-50  3.126396e-02  1.000000e-50  1.000000e-50  7.592675e-03  2.434122e-02  2.550246e-01  1.000000e-50  1.000000e-50  1.000000e-50  1.000000e-50 
2.795582e-03  7.861721e-02  1.000000e-50  8.454930e-03  1.151643e-01  2.386472e-02  1.000000e-50  1.000000e-50  4.704759e-03  1.000000e-50  2.700123e-02  5.932088e-03  1.000000e-50  7.023047e-03  1.738715e-02  1.000000e-50  1.000000e-50  1.000000e-50  3.704487e-01  6.682122e-03  1.000000e-50  1.568253e-02  9.954998e-03  1.929633e-02  1.000000e-50  1.159144e-03  1.000000e-50  2.591027e-03  1.684167e-02  1.000000e-50  2.527615e-01  1.000000e-50  1.000000e-50  1.000000e-50  4.022910e-03  1.000000e-50  2.659212e-03  1.000000e-50  4.227465e-03  2.727397e-03 
1.000000e-50  8.905186e-03  1.000000e-50  2.147721e-02  1.292125e-02  3.125546e-02  1.000000e-50  1.000000e-50  9.341715e-02  1.000000e-50  1.658809e-02  1.798498e-02  1.000000e-50  1.000000e-50  1.169897e-01  1.606426e-02  6.286014e-03  8.067051e-02  3.370002e-02  8.206740e-02  1.000000e-50  3.876375e-02  1.000000e-50  5.151039e-02  1.000000e-50  1.344508e-02  1.606426e-02  8.555963e-03  7.141610e-02  3.108085e-02  6.059019e-02  1.000000e-50  1.000000e-50  3.684302e-02  9.603632e-03  1.175135e-01  8.730574e-04  1.000000e-50  1.000000e-50  5.412956e-03 
1.000000e-50  1.000000e-50  1.000000e-50  5.038237e-02  1.000000e-50  2.069276e-02  1.000000e-50  1.000000e-50  2.699055e-02  1.000000e-50  1.000000e-50  7.647323e-03  1.000000e-50  1.000000e-50  4.048583e-02  1.000000e-50  1.000000e-50  3.360324e-01  1.000000e-50  1.000000e-50  1.000000e-50  2.694557e-01  6.342780e-02  1.000000e-50  1.000000e-50  1.000000e-50  1.000000e-50  9.446694e-03  1.709402e-02  5.398111e-03  1.000000e-50  1.000000e-50  1.000000e-50  1.439496e-02  2.339181e-02  8.591993e-02  1.000000e-50  1.000000e-50  2.474134e-02  4.498426e-03 
2.982411e-02  1.223553e-02  1.000000e-50  2.421616e-02  3.160846e-02  3.007902e-02  1.000000e-50  1.000000e-50  2.141218e-02  1.000000e-50  8.157023e-03  1.656895e-02  4.333418e-03  2.039256e-03  1.970431e-01  1.000000e-50  1.000000e-50  1.317869e-01  5.429518e-02  2.064746e-02  1.000000e-50  5.990314e-02  3.390263e-02  5.327555e-02  1.000000e-50  1.000000e-50  1.529442e-02  5.098139e-03  5.760897e-02  1.988274e-02  3.186337e-02  1.000000e-50  1.000000e-50  1.070609e-02  1.937293e-02  9.023706e-02  1.019628e-03  1.000000e-50  9.176651e-03  8.411930e-03 
2.373480e-02  9.807768e-03  1.000000e-50  2.961946e-02  8.630836e-03  6.590820e-02  1.000000e-50  1.000000e-50  7.296979e-02  1.000000e-50  4.805806e-02  2.726559e-02  1.000000e-50  1.000000e-50  7.493135e-02  5.708121e-02  1.000000e-50  4.393880e-02  4.335033e-02  1.000000e-50  1.000000e-50  4.923499e-02  4.295802e-02  1.020008e-01  1.000000e-50  3.923107e-04  1.000000e-50  3.825029e-02  1.000000e-50  4.197725e-02  1.000000e-50  4.315418e-03  1.000000e-50  2.922715e-02  7.375441e-02  8.081601e-02  1.922322e-02  1.000000e-50  1.255394e-02  1.000000e-50 
3.418587e-02  9.496075e-03  8.483160e-03  2.393011e-02  1.126868e-02  3.051405e-02  4.684730e-03  1.000000e-50  7.141048e-02  1.000000e-50  4.418840e-02  4.076982e-02  4.304887e-03  1.000000e-50  9.242846e-02  5.824259e-02  1.000000e-50  5.317802e-03  3.342618e-02  6.432008e-02  1.000000e-50  1.076222e-02  4.342872e-02  7.698151e-02  1.000000e-50  1.582679e-02  1.342112e-02  1.215498e-02  4.621423e-02  5.343125e-02  3.608508e-02  5.317802e-03  1.000000e-50  2.241074e-02  3.557863e-02  4.963282e-02  1.000253e-02  1.000000e-50  2.570271e-02  6.077488e-03 
1.000000e-50  2.088305e-03  1.000000e-50  2.655131e-02  5.071599e-03  1.581146e-02  3.281623e-03  1.000000e-50  6.026253e-02  3.311456e-02  6.772076e-02  1.044153e-02  4.176611e-03  1.000000e-50  7.756563e-02  1.000000e-50  6.563246e-03  6.533413e-02  1.000000e-50  1.000000e-50  1.282816e-02  5.608592e-02  4.445107e-02  1.521480e-02  1.238067e-01  1.000000e-50  1.640811e-02  1.670644e-02  1.000000e-50  1.000000e-50  6.861575e-03  2.744630e-02  1.000000e-50  6.980907e-02  1.079952e-01  6.563246e-02  7.458234e-03  1.000000e-50  1.000000e-50  5.131265e-02 
3.467583e-01  1.000000e-50  1.000000e-50  5.009823e-02  1.473477e-02  1.000000e-50  1.000000e-50  1.000000e-50  1.168959e-01  1.000000e-50  1.000000e-50  1.000000e-50  1.000000e-50  4.911591e-03  9.135560e-02  1.000000e-50  1.000000e-50  2.946955e-03  1.000000e-50  1.000000e-50  1.000000e-50  1.964637e-02  9.233792e-02  1.640472e-01  1.964637e-03  1.000000e-50  1.964637e-02  1.000000e-50  1.000000e-50  1.571709e-02  1.000000e-50  1.000000e-50  1.000000e-50  1.473477e-02  1.000000e-50  4.420432e-02  1.000000e-50  1.000000e-50  1.000000e-50  1.000000e-50 
1.127820e-02  1.000000e-50  2.192982e-02  1.754386e-02  2.067669e-02  3.195489e-02  1.000000e-50  1.000000e-50  5.012531e-02  1.000000e-50  9.398496e-03  3.822055e-02  1.000000e-50  1.000000e-50  1.710526e-01  1.000000e-50  1.000000e-50  1.000000e-50  3.822055e-02  1.000000e-50  1.000000e-50  1.000000e-50  5.576441e-02  2.525063e-01  1.879699e-03  1.000000e-50  1.000000e-50  2.380952e-02  2.882206e-02  5.263158e-02  1.127820e-02  1.000000e-50  1.000000e-50  3.508772e-02  5.827068e-02  5.764411e-02  1.190476e-02  1.000000e-50  1.000000e-50  1.000000e-50 
1.060268e-02  1.000000e-50  1.000000e-50  6.138393e-03  1.450893e-02  5.580357e-03  1.000000e-50  3.906250e-03  2.845982e-02  1.000000e-50  2.232143e-02  1.000000e-50  2.455357e-02  1.000000e-50  6.752232e-02  1.713170e-01  1.618304e-02  1.395089e-02  2.287946e-02  1.000000e-50  1.000000e-50  1.227679e-02  7.421875e-02  1.093750e-01  5.022321e-03  1.000000e-50  1.000000e-50  5.357143e-02  2.343750e-02  1.000000e-50  1.171875e-02  2.120536e-02  1.000000e-50  3.069196e-02  1.316964e-01  7.421875e-02  4.464286e-02  1.000000e-50  1.000000e-50  1.000000e-50 
1.000000e-50  2.554061e-03  3.745956e-03  6.759748e-02  1.191895e-03  2.639196e-02  1.702707e-03  1.000000e-50  1.413247e-02  1.000000e-50  4.103525e-02  2.213519e-03  1.000000e-50  1.000000e-50  1.469436e-01  1.000000e-50  1.000000e-50  2.094330e-02  1.333220e-01  1.000000e-50  1.000000e-50  2.060276e-02  2.690278e-02  2.894602e-01  1.000000e-50  1.000000e-50  1.549464e-02  8.513537e-04  3.490550e-02  5.108122e-04  5.789205e-02  1.000000e-50  1.000000e-50  1.000000e-50  1.000000e-50  4.035416e-02  1.000000e-50  1.000000e-50  1.430274e-02  3.694875e-02 
1.000000e-50  1.000000e-50  1.209468e-01  1.000000e-50  1.000000e-50  1.000000e-50  6.857977e-01  1.000000e-50  1.000000e-50  5.706874e-02  1.000000e-50  1.000000e-50  1.000000e-50  1.000000e-50  1.000000e-50  1.000000e-50  1.000000e-50  1.000000e-50  1.000000e-50  1.000000e-50  1.000000e-50  1.000000e-50  1.000000e-50  1.000000e-50  1.000000e-50  1.000000e-50  1.000000e-50  1.000000e-50  1.000000e-50  2.707523e-02  1.000000e-50  3.891051e-03  3.469520e-02  1.000000e-50  1.000000e-50  1.000000e-50  1.000000e-50  7.052529e-02  1.000000e-50  1.000000e-50 
1.000000e-50  2.293835e-01  1.000000e-50  5.918314e-03  7.368626e-02  1.996618e-02  1.000000e-50  6.503642e-05  1.000000e-50  1.000000e-50  1.000000e-50  1.000000e-50  1.000000e-50  1.000000e-50  1.000000e-50  9.495317e-03  1.000000e-50  7.804370e-04  1.840531e-01  1.000000e-50  1.000000e-50  3.511967e-03  1.000000e-50  7.219043e-03  1.000000e-50  1.000000e-50  1.000000e-50  1.000000e-50  1.000000e-50  1.000000e-50  4.635146e-01  1.000000e-50  1.000000e-50  1.000000e-50  1.000000e-50  1.000000e-50  1.000000e-50  1.000000e-50  1.000000e-50  2.406348e-03 
1.000000e-50  1.000000e-50  1.000000e-50  1.000000e-50  1.000000e-50  1.000000e-50  1.000000e-50  1.000000e-50  1.000000e-50  1.000000e-50  1.000000e-50  1.000000e-50  1.000000e-50  1.000000e-50  1.000000e-50  2.331606e-02  2.051813e-01  1.000000e-50  1.000000e-50  1.000000e-50  1.000000e-50  5.181347e-04  1.000000e-50  1.000000e-50  1.000000e-50  1.000000e-50  1.000000e-50  1.000000e-50  1.000000e-50  1.000000e-50  1.000000e-50  6.419689e-01  2.849741e-02  7.098446e-02  2.953368e-02  1.000000e-50  1.000000e-50  1.000000e-50  1.000000e-50  1.000000e-50 
1.000000e-50  1.000000e-50  1.000000e-50  1.818654e-02  1.000000e-50  5.455963e-03  2.442193e-02  1.000000e-50  6.495194e-03  2.961808e-02  2.078462e-03  1.000000e-50  1.000000e-50  1.000000e-50  1.000000e-50  1.558846e-02  1.000000e-50  2.753962e-02  1.000000e-50  1.000000e-50  1.000000e-50  3.377501e-03  1.506885e-02  1.000000e-50  6.401663e-01  1.000000e-50  1.000000e-50  2.000520e-02  1.000000e-50  1.000000e-50  1.000000e-50  9.353079e-03  6.910886e-02  1.000000e-50  1.091193e-02  3.351520e-02  1.000000e-50  4.208885e-02  1.000000e-50  2.702001e-02 
1.000000e-50  1.000000e-50  1.181537e-01  1.000000e-50  1.000000e-50  1.000000e-50  1.000000e-50  1.000000e-50  1.000000e-50  1.000000e-50  1.000000e-50  1.000000e-50  1.000000e-50  1.000000e-50  1.000000e-50  1.000000e-50  1.024735e-01  1.000000e-50  1.000000e-50  1.000000e-50  1.000000e-50  1.000000e-50  1.000000e-50  1.000000e-50  1.000000e-50  1.000000e-50  1.000000e-50  1.000000e-50  1.000000e-50  5.039753e-01  1.000000e-50  3.091873e-02  1.000000e-50  2.444788e-01  1.000000e-50  1.000000e-50  1.000000e-50  1.000000e-50  1.000000e-50  1.000000e-50 
5.582107e-02  1.032307e-02  1.000000e-50  1.663162e-02  5.735041e-03  6.117377e-03  1.000000e-50  1.000000e-50  6.060027e-02  4.588033e-03  1.000000e-50  5.352705e-03  1.000000e-50  1.000000e-50  6.595297e-02  1.208182e-01  1.000000e-50  1.000000e-50  1.319059e-02  1.000000e-50  1.000000e-50  1.223475e-02  1.013191e-01  6.920283e-02  1.338176e-03  1.000000e-50  1.000000e-50  6.690881e-02  4.186580e-02  8.411394e-03  1.000000e-50  2.963105e-02  1.000000e-50  4.645383e-02  2.009176e-01  2.179316e-02  3.479258e-02  1.000000e-50  1.000000e-50  1.000000e-50 
1.000000e-50  1.000000e-50  1.000000e-50  5.514806e-02  4.373811e-02  7.239880e-02  1.000000e-50  1.000000e-50  5.474056e-02  1.000000e-50  1.344743e-02  1.000000e-50  1.000000e-50  1.000000e-50  1.242869e-01  4.482478e-03  1.000000e-50  4.862809e-02  4.237979e-02  1.581092e-01  1.000000e-50  2.866069e-02  1.820158e-02  6.682967e-02  1.000000e-50  1.000000e-50  2.146156e-02  1.000000e-50  1.121978e-01  1.127411e-02  7.783211e-02  1.000000e-50  1.000000e-50  7.063298e-03  6.927465e-03  3.219234e-02  1.000000e-50  1.000000e-50  1.000000e-50  1.000000e-50 
1.000000e-50  1.000000e-50  1.000000e-50  3.344867e-02  3.575548e-02  1.153403e-02  1.000000e-50  1.000000e-50  3.690888e-02  1.000000e-50  1.960784e-02  1.730104e-02  4.613610e-03  1.000000e-50  5.882353e-02  1.453287e-01  4.613610e-03  1.000000e-50  5.190311e-02  4.959631e-02  1.000000e-50  1.730104e-02  4.844291e-02  9.688581e-02  1.000000e-50  1.000000e-50  1.000000e-50  1.199539e-01  1.000000e-50  2.998847e-02  2.422145e-02  1.000000e-50  1.000000e-50  1.000000e-50  1.384083e-01  1.000000e-50  5.536332e-02  1.000000e-50  1.000000e-50  1.000000e-50 
1.000000e-50  1.000000e-50  1.000000e-50  1.000000e-50  1.000000e-50  1.000000e-50  1.000000e-50  1.207522e-01  1.000000e-50  3.939294e-01  1.000000e-50  2.639393e-03  1.000000e-50  1.000000e-50  1.000000e-50  1.000000e-50  8.677004e-02  1.000000e-50  1.000000e-50  1.000000e-50  1.000000e-50  1.000000e-50  1.000000e-50  1.000000e-50  8.578027e-03  1.000000e-50  1.000000e-50  1.000000e-50  1.000000e-50  1.431871e-01  1.000000e-50  1.000000e-50  1.000000e-50  2.441438e-01  1.000000e-50  1.000000e-50  1.000000e-50  1.000000e-50  1.000000e-50  1.000000e-50 
1.000000e-50  1.020408e-02  1.000000e-50  1.000000e-50  1.000000e-50  1.000000e-50  1.000000e-50  1.000000e-50  1.000000e-50  4.081633e-03  1.000000e-50  1.000000e-50  1.000000e-50  1.000000e-50  1.000000e-50  1.000000e-50  1.000000e-50  6.540816e-01  1.000000e-50  1.836735e-02  1.000000e-50  1.500000e-01  1.000000e-50  1.000000e-50  1.000000e-50  1.142857e-01  1.000000e-50  2.244898e-02  1.000000e-50  1.000000e-50  1.000000e-50  1.000000e-50  1.000000e-50  1.000000e-50  2.653061e-02  1.000000e-50  1.000000e-50  1.000000e-50  1.000000e-50  1.000000e-50 
1.000000e-50  1.000000e-50  1.000000e-50  1.000000e-50  2.827141e-02  1.000000e-50  1.000000e-50  1.000000e-50  1.187399e-01  1.000000e-50  1.000000e-50  1.373183e-02  1.000000e-50  1.000000e-50  1.534733e-02  1.042003e-01  1.000000e-50  1.000000e-50  1.000000e-50  3.513732e-01  1.000000e-50  1.000000e-50  1.000000e-50  2.907916e-02  1.000000e-50  2.552504e-01  1.000000e-50  1.000000e-50  1.000000e-50  8.400646e-02  1.000000e-50  1.000000e-50  1.000000e-50  1.000000e-50  1.000000e-50  1.000000e-50  1.000000e-50  1.000000e-50  1.000000e-50  1.000000e-50 


#DOUBLE_1x40_DISCRETE_HIDDEN_DOMINANT-EIGENVECTOR
3.548201e-02  4.002593e-02  1.157563e-01  1.692720e-02  2.836823e-02  2.033551e-02  3.368967e-02  3.789748e-02  2.937053e-02  3.030480e-02  1.546296e-02  2.478506e-02  1.801023e-03  6.387558e-03  5.501659e-02  1.951019e-02  6.541083e-03  2.006586e-02  6.489563e-02  2.515933e-02  1.007304e-02  1.762389e-02  2.303664e-02  3.512167e-02  1.525231e-02  4.575512e-03  7.151635e-03  8.174035e-03  2.617634e-02  2.716819e-02  6.806383e-02  8.754609e-03  1.734762e-02  2.016802e-02  2.342950e-02  3.273484e-02  3.948574e-03  1.352003e-02  4.408590e-03  5.488179e-03  

#DOUBLE_40x20_DISCRETE_AA_EMISSION
6.495129e-02  1.174119e-02  1.487634e-01  7.219585e-02  4.096927e-02  4.821384e-02  2.935299e-02  1.261554e-02  5.620784e-02  8.581064e-02  1.848614e-02  8.331252e-02  1.124157e-02  4.983762e-02  4.621534e-02  8.705971e-02  6.595054e-02  1.061704e-02  1.586310e-02  4.059455e-02 
3.951701e-02  2.590560e-02  7.541164e-02  4.676180e-02  5.971460e-02  1.646542e-02  3.347969e-02  1.176729e-01  4.412733e-02  1.212953e-01  1.800220e-02  5.653128e-02  7.683864e-04  3.029638e-02  3.819978e-02  3.776070e-02  3.139407e-02  1.411636e-01  1.613611e-02  4.939627e-02 
1.533151e-01  1.156881e-02  4.198908e-02  8.090578e-02  3.614778e-02  3.796844e-02  1.566530e-02  6.725080e-02  6.592323e-02  1.210742e-01  3.106509e-02  3.045820e-02  1.000000e-50  5.431649e-02  6.429222e-02  3.698225e-02  3.994083e-02  7.055075e-02  1.282051e-02  2.776513e-02 
1.703354e-02  4.559748e-02  4.035639e-01  3.747379e-02  1.257862e-02  1.000000e-50  2.935010e-02  1.415094e-02  2.201258e-02  1.493711e-02  6.289308e-03  2.156709e-01  1.000000e-50  1.808176e-02  2.463312e-02  8.254717e-02  9.958071e-03  1.493711e-02  1.126834e-02  1.991614e-02 
6.806036e-02  2.420622e-02  4.715498e-02  5.171330e-02  4.464005e-02  3.379440e-02  1.681861e-02  5.202766e-02  6.743163e-02  1.097139e-01  2.059101e-02  2.562087e-02  1.439799e-01  2.813581e-02  4.951273e-02  4.464005e-02  3.740962e-02  7.277586e-02  2.467777e-02  3.709525e-02 
2.734711e-02  1.399655e-02  1.173557e-01  2.196382e-02  1.000000e-50  2.101637e-01  1.894918e-02  1.000000e-50  2.282515e-02  2.002584e-02  4.306632e-03  6.503015e-02  8.613264e-03  1.787252e-02  2.304048e-02  2.344961e-01  1.862618e-01  1.000000e-50  1.000000e-50  7.751938e-03 
8.544552e-02  7.839038e-03  9.955579e-02  1.582179e-01  2.822054e-02  4.481317e-02  2.991900e-02  3.409982e-02  4.873269e-02  7.238045e-02  2.168801e-02  3.710478e-02  1.000000e-50  5.343611e-02  5.043115e-02  5.787823e-02  5.591847e-02  6.885289e-02  1.188921e-02  3.357721e-02 
8.584927e-02  1.636322e-02  2.362295e-02  7.294307e-02  5.657986e-02  4.609357e-03  2.604287e-02  8.538834e-02  9.091957e-02  1.698548e-01  3.007605e-02  2.189445e-02  1.000000e-50  3.768149e-02  7.052316e-02  2.800184e-02  2.834755e-02  7.340401e-02  2.154874e-02  5.634939e-02 
1.321666e-01  8.901629e-03  5.340978e-02  9.248642e-02  2.579964e-02  3.334339e-02  1.719976e-02  3.560652e-02  7.362704e-02  7.845504e-02  1.704888e-02  1.523838e-02  1.495172e-01  3.273989e-02  5.024140e-02  5.974653e-02  3.258902e-02  4.767652e-02  1.719976e-02  2.700664e-02 
1.635220e-01  1.140851e-02  4.724294e-02  9.024426e-02  2.237824e-02  2.852128e-02  9.799620e-03  3.217786e-02  8.658768e-02  1.298815e-01  3.700453e-02  4.958315e-02  1.462630e-04  6.069914e-02  8.293111e-02  6.069914e-02  2.866754e-02  3.071523e-02  9.507094e-03  1.828287e-02 
1.168424e-02  1.994870e-03  1.567398e-02  5.414648e-03  3.419778e-03  9.102308e-01  1.709889e-03  1.000000e-50  6.554574e-03  4.559704e-03  1.709889e-03  8.549444e-03  8.549444e-04  3.704759e-03  3.419778e-03  1.624394e-02  1.000000e-50  2.849815e-04  1.139926e-03  2.849815e-03 
1.034421e-01  1.261489e-02  7.496846e-02  9.659398e-02  2.252658e-02  4.775635e-02  2.486935e-02  2.631105e-02  7.334655e-02  5.208146e-02  1.297531e-02  3.676338e-02  9.695441e-02  4.126870e-02  5.172103e-02  1.230852e-01  4.253019e-02  2.793296e-02  1.441701e-02  1.784105e-02 
4.600484e-02  1.000000e-50  2.905569e-02  2.905569e-02  1.000000e-50  7.167070e-01  2.179177e-02  1.000000e-50  3.874092e-02  3.389831e-02  1.000000e-50  1.694915e-02  1.210654e-02  1.000000e-50  1.000000e-50  1.000000e-50  1.000000e-50  5.084746e-02  4.842615e-03  1.000000e-50 
6.377015e-02  1.051156e-02  5.746321e-02  4.975473e-02  2.452698e-02  2.312544e-02  2.242467e-02  9.740715e-02  5.746321e-02  1.464611e-01  2.312544e-02  3.013315e-02  1.611773e-02  3.013315e-02  4.555011e-02  5.746321e-02  6.937631e-02  1.464611e-01  1.121233e-02  1.751927e-02 
3.579704e-02  1.606073e-02  5.753096e-03  6.088694e-02  5.737115e-02  1.198562e-03  2.253296e-02  1.308829e-01  8.461846e-02  1.245705e-01  2.317219e-02  1.773871e-02  1.000000e-50  5.401518e-02  5.537355e-02  1.821814e-02  6.568118e-02  1.586896e-01  2.341191e-02  4.402717e-02 
6.743824e-02  3.271756e-02  5.208101e-02  6.343201e-02  2.848876e-02  6.966392e-02  2.626308e-02  3.383040e-02  6.699310e-02  6.565769e-02  2.003116e-02  5.052304e-02  1.655909e-01  2.381482e-02  5.141331e-02  6.610283e-02  2.960160e-02  3.138215e-02  2.003116e-02  3.494325e-02 
1.237254e-01  1.000000e-50  5.506458e-02  1.346023e-01  1.000000e-50  5.506458e-02  1.000000e-50  6.050306e-02  8.973487e-02  8.225697e-02  1.000000e-50  1.000000e-50  8.293678e-02  4.826649e-02  7.002039e-02  5.846363e-02  3.127124e-02  5.506458e-02  1.767505e-02  3.535010e-02 
1.000000e-50  2.450434e-03  6.683003e-03  5.569169e-03  7.128536e-03  9.407440e-01  2.895968e-03  1.000000e-50  6.014703e-03  3.787035e-03  3.564268e-03  1.358877e-02  1.000000e-50  1.000000e-50  1.000000e-50  2.895968e-03  3.118735e-03  1.000000e-50  1.000000e-50  1.559367e-03 
1.116129e-01  2.846780e-02  2.579895e-02  4.899747e-02  7.944980e-02  7.335934e-02  2.867310e-02  3.531102e-02  4.831315e-02  3.811675e-02  2.306166e-02  1.868200e-02  1.000000e-50  3.490043e-02  5.700404e-02  9.614727e-02  8.827756e-02  7.123794e-02  2.169301e-02  7.089578e-02 
5.603898e-02  1.000000e-50  2.714932e-02  3.811347e-02  7.657501e-03  2.610512e-03  9.397842e-03  1.000000e-50  3.637313e-02  1.000000e-50  4.002785e-03  2.088409e-03  7.427776e-01  5.743126e-03  1.966585e-02  3.097807e-02  1.000000e-50  8.701706e-03  8.701706e-03  1.000000e-50 
1.394528e-01  1.368049e-02  2.780229e-02  6.487202e-02  3.133274e-02  3.265666e-02  3.089144e-02  1.588703e-02  7.325684e-02  1.663725e-01  3.751103e-02  7.369815e-02  1.000000e-50  5.383936e-02  6.928508e-02  6.840247e-02  3.309797e-02  2.427184e-02  8.826125e-03  3.486320e-02 
5.404720e-02  1.243339e-02  1.253489e-01  5.201725e-02  2.588176e-02  1.149454e-01  3.780766e-02  1.014971e-03  8.957117e-02  2.512053e-02  1.446333e-02  2.420705e-01  1.000000e-50  5.024106e-02  6.165948e-02  4.668866e-02  4.313626e-03  2.029942e-03  1.243339e-02  2.791170e-02 
4.483958e-02  2.841129e-02  1.090066e-01  3.962118e-02  5.063780e-02  5.334364e-02  4.503286e-02  2.783147e-02  4.754542e-02  6.803247e-02  2.145342e-02  1.354851e-01  1.000000e-50  3.498261e-02  5.315037e-02  5.759567e-02  9.141863e-02  3.285659e-02  1.913413e-02  3.962118e-02 
7.428714e-02  2.326163e-02  6.703352e-02  5.065033e-02  4.502251e-02  5.640320e-02  4.064532e-02  1.125563e-02  4.277139e-02  1.850925e-02  1.525763e-02  6.703352e-02  1.000000e-50  3.339170e-02  5.277639e-02  1.617059e-01  1.485743e-01  3.451726e-02  1.313157e-02  4.377189e-02 
4.861520e-02  2.504420e-02  2.563347e-02  5.922216e-02  7.866824e-02  1.856217e-02  4.036535e-02  6.216853e-02  6.069534e-02  1.311137e-01  2.769593e-02  5.362404e-02  1.000000e-50  3.241014e-02  4.301709e-02  5.244549e-02  9.045374e-02  6.953447e-02  1.384797e-02  6.688273e-02 
1.000000e-50  1.000000e-50  1.000000e-50  1.000000e-50  1.000000e-50  1.000000e-50  1.000000e-50  1.000000e-50  1.000000e-50  1.000000e-50  1.000000e-50  1.000000e-50  1.000000e+00  1.000000e-50  1.000000e-50  1.000000e-50  1.000000e-50  1.000000e-50  1.000000e-50  1.000000e-50 
7.584098e-02  9.174312e-03  1.437309e-01  4.770642e-02  4.587156e-02  4.159021e-02  2.629969e-02  1.590214e-02  4.709480e-02  6.116208e-02  1.834862e-02  1.180428e-01  1.602446e-01  3.730887e-02  4.831804e-02  3.608563e-02  1.712538e-02  1.651376e-02  9.785933e-03  2.385321e-02 
3.972088e-02  5.904455e-03  3.972088e-02  4.240472e-02  1.556629e-02  5.673645e-01  2.039721e-02  1.234568e-02  4.562534e-02  2.361782e-02  2.147075e-03  3.811057e-02  2.147075e-03  1.717660e-02  2.415459e-02  5.045625e-02  2.469136e-02  9.661836e-03  8.588298e-03  1.019860e-02 
5.155164e-02  9.326776e-03  1.002205e-01  7.274886e-02  2.713244e-02  1.865355e-02  2.831948e-02  3.323724e-02  1.134475e-01  7.512294e-02  1.254875e-02  3.900288e-02  1.000000e-50  5.172121e-02  6.935730e-02  9.241987e-02  1.231134e-01  5.104290e-02  6.443955e-03  2.458877e-02 
8.387516e-02  1.137841e-02  6.940832e-02  1.030559e-01  2.568270e-02  3.250975e-02  1.950585e-02  4.014954e-02  5.347854e-02  5.461638e-02  1.495449e-02  3.283485e-02  2.077373e-01  3.185956e-02  3.689857e-02  5.949285e-02  3.381014e-02  4.713914e-02  1.999350e-02  2.161899e-02 
3.412107e-02  1.275494e-02  1.000000e-50  3.923600e-02  4.959534e-02  1.000000e-50  1.599223e-02  1.680803e-01  4.189058e-02  1.410165e-01  2.065393e-02  1.314341e-02  1.000000e-50  2.499191e-02  4.577533e-02  1.942376e-02  8.565879e-02  2.255099e-01  1.540952e-02  4.674652e-02 
8.231707e-02  1.000000e-50  4.623984e-02  1.250000e-01  2.591463e-02  3.607724e-02  2.032520e-02  6.554878e-02  6.961382e-02  1.397358e-01  2.997967e-02  2.845528e-02  1.000000e-50  5.132114e-02  8.587398e-02  4.268293e-02  4.928862e-02  5.741870e-02  1.930894e-02  2.489837e-02 
1.152648e-01  1.531672e-02  5.737279e-02  1.212357e-01  3.374870e-02  2.128764e-02  2.076843e-02  2.647975e-02  1.012461e-01  1.113707e-01  3.011423e-02  3.946002e-02  1.000000e-50  6.178609e-02  8.151610e-02  6.697819e-02  3.842160e-02  3.063344e-02  1.038422e-02  1.661475e-02 
1.029216e-01  1.637893e-02  2.788845e-02  6.662240e-02  5.467021e-02  5.223550e-02  2.722444e-02  6.839309e-02  5.976096e-02  1.447543e-01  2.146968e-02  1.660027e-02  2.855246e-02  3.895529e-02  5.112882e-02  3.165117e-02  3.519256e-02  7.901726e-02  2.324037e-02  5.334219e-02 
6.380970e-02  3.228242e-02  5.757976e-02  8.797433e-02  3.624693e-02  5.682462e-02  2.605248e-02  5.380404e-02  8.174438e-02  8.193317e-02  1.699075e-02  4.115537e-02  2.473098e-02  2.831792e-02  4.889560e-02  6.588635e-02  6.985086e-02  7.287144e-02  1.661318e-02  3.643572e-02 
1.656317e-01  2.429806e-02  5.480562e-02  6.250000e-02  5.467063e-02  2.483801e-02  1.781857e-02  3.496220e-02  5.251080e-02  1.430886e-01  3.199244e-02  2.834773e-02  1.000000e-50  4.360151e-02  5.359071e-02  6.142009e-02  5.224082e-02  5.048596e-02  1.000000e-50  4.319654e-02 
7.228916e-02  2.847755e-02  1.139102e-01  6.352683e-02  2.738226e-02  9.529025e-02  3.943045e-02  3.285871e-02  6.790800e-02  7.667032e-02  2.409639e-02  8.324206e-02  1.000000e-50  3.614458e-02  5.805038e-02  7.886090e-02  4.928806e-02  3.504929e-02  1.000000e-50  1.752464e-02 
8.377135e-02  1.116951e-02  4.172142e-02  6.898817e-02  6.011827e-02  3.120894e-02  1.478318e-02  1.222076e-01  5.978975e-02  1.356767e-01  2.529566e-02  2.792378e-02  1.000000e-50  4.500657e-02  3.777924e-02  1.971091e-02  4.303548e-02  1.087385e-01  1.675427e-02  4.632063e-02 
1.088710e-01  1.000000e-50  5.745968e-02  1.219758e-01  1.000000e-50  1.612903e-02  4.233871e-02  3.931452e-02  1.108871e-01  3.931452e-02  1.915323e-02  3.830645e-02  5.544355e-02  5.040323e-02  5.645161e-02  7.358871e-02  5.342742e-02  7.157258e-02  1.000000e-50  4.536290e-02 
7.941653e-02  2.755267e-02  6.726094e-02  5.186386e-02  7.779579e-02  1.000000e-50  6.482982e-02  3.241491e-02  5.105348e-02  4.943274e-02  2.836305e-02  1.345219e-01  1.000000e-50  2.755267e-02  7.050243e-02  5.672609e-02  4.700162e-02  3.970827e-02  1.000000e-50  9.400324e-02 


#DOUBLE_40x3_DISCRETE_SS_EMISSION
1.000000e-50  8.755472e-04  9.991245e-01 
1.000000e-50  1.000000e+00  1.000000e-50 
1.000000e+00  1.000000e-50  1.000000e-50 
1.000000e-50  6.259781e-03  9.937402e-01 
1.000000e-50  9.992095e-01  7.905138e-04 
1.000000e-50  3.560573e-02  9.643943e-01 
1.000000e+00  1.000000e-50  1.000000e-50 
1.000000e+00  1.000000e-50  1.000000e-50 
1.000000e-50  1.964637e-03  9.980354e-01 
1.000000e+00  1.000000e-50  1.000000e-50 
2.203778e-02  2.052089e-01  7.727533e-01 
1.000000e-50  1.000000e-50  1.000000e+00 
1.000000e-50  1.421569e-01  8.578431e-01 
1.000000e-50  9.845614e-01  1.543860e-02 
1.000000e-50  1.000000e-50  1.000000e+00 
3.319318e-03  1.000000e-50  9.966807e-01 
1.000000e+00  1.000000e-50  1.000000e-50 
1.000000e-50  6.660746e-03  9.933393e-01 
1.000000e-50  1.000000e+00  1.000000e-50 
1.000000e-50  1.000000e-50  1.000000e+00 
2.027385e-01  1.000000e-50  7.972615e-01 
2.034588e-03  3.636826e-02  9.615972e-01 
3.482298e-03  6.964597e-03  9.895531e-01 
1.000000e-50  1.119542e-03  9.988805e-01 
9.923910e-01  1.000000e-50  7.609014e-03 
2.926829e-03  6.829268e-03  9.902439e-01 
6.176652e-03  1.111797e-02  9.827054e-01 
1.784749e-02  1.000000e-50  9.821525e-01 
1.000000e-50  1.000000e-50  1.000000e+00 
1.000000e+00  1.000000e-50  1.000000e-50 
1.000000e-50  1.000000e+00  1.000000e-50 
1.000000e+00  1.000000e-50  1.000000e-50 
1.000000e+00  1.000000e-50  1.000000e-50 
1.000000e+00  1.000000e-50  1.000000e-50 
1.000000e-50  1.000000e-50  1.000000e+00 
1.000000e-50  1.000000e-50  1.000000e+00 
8.830022e-03  2.869757e-02  9.624724e-01 
1.000000e+00  1.000000e-50  1.000000e-50 
1.000000e-50  1.000000e-50  1.000000e+00 
1.000000e-50  2.599513e-02  9.740049e-01 


#DOUBLE_40x2_DISCRETE_CIS_EMISSION
1.000000e+00  1.000000e-50 
1.000000e+00  1.000000e-50 
1.000000e+00  1.000000e-50 
1.000000e+00  1.000000e-50 
9.978046e-01  2.195390e-03 
1.000000e+00  1.000000e-50 
1.000000e+00  1.000000e-50 
1.000000e+00  1.000000e-50 
9.987943e-01  1.205727e-03 
1.000000e+00  1.000000e-50 
9.979994e-01  2.000572e-03 
1.000000e+00  1.000000e-50 
1.000000e+00  1.000000e-50 
1.000000e+00  1.000000e-50 
1.000000e+00  1.000000e-50 
9.819116e-01  1.808843e-02 
1.000000e+00  1.000000e-50 
1.000000e+00  1.000000e-50 
1.000000e+00  1.000000e-50 
9.555092e-01  4.449079e-02 
1.000000e+00  1.000000e-50 
1.000000e+00  1.000000e-50 
1.000000e+00  1.000000e-50 
9.982578e-01  1.742160e-03 
1.000000e+00  1.000000e-50 
8.875740e-01  1.124260e-01 
9.907692e-01  9.230769e-03 
1.000000e+00  1.000000e-50 
9.978129e-01  2.187079e-03 
1.000000e+00  1.000000e-50 
1.000000e+00  1.000000e-50 
1.000000e+00  1.000000e-50 
1.000000e+00  1.000000e-50 
1.000000e+00  1.000000e-50 
1.000000e+00  1.000000e-50 
1.000000e+00  1.000000e-50 
1.000000e+00  1.000000e-50 
1.000000e+00  1.000000e-50 
1.000000e+00  1.000000e-50 
9.983687e-01  1.631321e-03 


#DOUBLE_40x3_TORUS_TORUS_KAPPA
6.357408e+01  6.214573e+01  2.502036e+01 
9.288980e+00  9.985237e+00  -4.906160e-01 
3.820277e+02  3.139691e+02  1.136193e+02 
1.864501e+00  1.071183e+01  -6.035670e+00 
2.055309e+01  1.635214e+01  3.233181e-03 
3.038752e+01  2.854997e+01  9.525054e+00 
1.834064e+02  1.471679e+02  4.996551e+01 
1.950899e+02  1.420534e+02  4.778726e+01 
7.971563e+01  6.325902e+01  2.325244e+01 
2.087326e+02  1.384081e+02  6.067618e+01 
4.927239e+00  7.084831e+00  1.616360e+00 
2.127749e+02  1.367720e+02  6.705560e+01 
5.246744e+00  5.336204e+00  1.297656e-01 
1.329846e+01  1.248100e+01  2.835467e+00 
7.975117e+00  9.661069e+00  8.258899e-01 
9.614742e+00  4.366890e+00  5.054418e-01 
7.021208e+01  6.573908e+01  2.441196e+01 
4.858442e+01  3.658257e+01  1.546533e+01 
1.497487e+01  1.816898e+01  2.704462e+00 
7.697605e+01  5.168722e+01  2.163760e+01 
8.346838e+01  8.383327e+01  3.281671e+01 
1.272670e+02  6.615434e+01  3.503790e+01 
1.352927e+01  1.166551e+01  2.777820e+00 
9.932921e+00  8.770996e+00  -1.441543e-01 
1.785450e+01  2.005374e+01  5.705408e+00 
6.143897e+01  5.113685e+01  2.315775e+01 
6.494483e+01  1.426144e+01  2.869960e+00 
2.305541e+00  2.033809e+00  -5.567249e-01 
2.007351e+01  2.241059e+01  7.099314e+00 
1.979496e+02  1.536811e+02  6.538323e+01 
2.327740e+01  3.215745e+01  3.946474e+00 
2.162066e+01  1.891012e+01  3.575720e+00 
3.710366e+01  1.939148e+01  1.287550e+00 
8.806292e+01  8.381297e+01  2.181088e+01 
4.160698e+00  4.605687e+00  -3.463833e-01 
4.861701e+01  4.212309e+01  1.246365e+01 
1.040863e+01  1.516825e+00  -1.616829e+00 
1.293367e+02  1.324882e+02  4.638679e+01 
6.352419e+01  6.088203e+01  -8.412992e-01 
2.305239e+01  1.770197e+01  -1.758760e+00 


#DOUBLE_40x2_TORUS_TORUS_MU
-1.571666e+00  -4.197294e-02 
-1.914072e+00  2.090926e+00 
-1.099573e+00  -7.413435e-01 
-1.634037e+00  1.956644e+00 
-1.380910e+00  2.385570e+00 
-1.441201e+00  2.927129e+00 
-1.177735e+00  -6.870222e-01 
-1.107581e+00  -7.469639e-01 
-1.028770e+00  -5.952882e-01 
-1.094866e+00  -5.534460e-01 
1.792774e+00  -2.894147e+00 
-1.130767e+00  -3.145807e-01 
-1.925907e+00  -2.573919e+00 
-1.658336e+00  -5.125552e-01 
-1.835792e+00  2.377304e+00 
-1.293883e+00  2.363685e+00 
-1.023403e+00  -5.093717e-01 
1.473441e+00  9.576299e-02 
-2.436396e+00  2.676176e+00 
-1.130655e+00  2.572629e+00 
-1.536349e+00  1.604731e-02 
9.945302e-01  6.597835e-01 
-2.003854e+00  4.126415e-01 
-2.503604e+00  2.766955e+00 
-1.639642e+00  -4.126879e-01 
-1.174753e+00  -3.153002e-01 
-1.471750e+00  1.207062e+00 
1.809694e+00  -2.266348e-01 
-1.619311e+00  -3.774058e-01 
-1.029747e+00  -6.395831e-01 
-2.046327e+00  2.279297e+00 
-1.002290e+00  -8.560594e-01 
-1.359585e+00  -5.254809e-01 
-9.786779e-01  -8.329427e-01 
-1.592020e+00  -7.051993e-01 
-1.200205e+00  2.496741e+00 
1.001090e+00  1.471046e+00 
-1.234624e+00  -8.408336e-01 
-9.918454e-01  2.276278e+00 
-2.337760e+00  1.336146e+00 


