#DOUBLE_1x50_DISCRETE_HIDDEN_START
1.174033e-02  1.312155e-02  4.834254e-03  1.000000e-50  1.000000e-50  4.834254e-03  8.977901e-03  1.000000e-50  2.831492e-02  1.000000e-50  2.624309e-02  1.174033e-02  1.360497e-01  3.453039e-03  3.383978e-02  1.000000e-50  1.000000e-50  1.000000e-50  1.000000e-50  3.453039e-03  4.143646e-03  4.558011e-02  1.000000e-50  1.000000e-50  7.941989e-02  1.000000e-50  2.140884e-02  1.000000e-50  9.668508e-03  4.696133e-02  1.000000e-50  1.000000e-50  8.425414e-02  1.000000e-50  1.000000e-50  2.624309e-02  6.906077e-03  4.972376e-02  2.002762e-02  1.000000e-50  1.312155e-02  5.041436e-02  5.732044e-02  4.558011e-02  1.000000e-50  1.042818e-01  1.000000e-50  1.000000e-50  3.729282e-02  1.104972e-02  

#DOUBLE_50x50_DISCRETE_HIDDEN_TRANSITION
1.000000e-50  1.000000e-50  8.000000e-03  2.500000e-04  1.000000e-50  2.350000e-02  1.000000e-50  1.000000e-50  1.000000e-50  3.025000e-02  1.000000e-50  1.000000e-50  1.680000e-01  1.925000e-02  5.050000e-02  1.000000e-50  1.000000e-50  1.000000e-50  1.000000e-50  1.000000e-50  8.750000e-02  2.100000e-02  1.000000e-50  1.000000e-50  1.387500e-01  1.000000e-50  3.750000e-03  1.000000e-50  1.000000e-50  2.275000e-02  2.250000e-03  1.000000e-50  1.000000e-50  1.000000e-50  1.000000e-50  1.000000e-50  2.150000e-02  9.675000e-02  2.300000e-02  1.000000e-50  1.000000e-50  1.000000e-50  1.000000e-50  2.700000e-02  1.000000e-50  2.245000e-01  1.000000e-50  1.000000e-50  3.150000e-02  1.000000e-50 
1.000000e-50  1.000000e-50  1.000000e-50  1.000000e-50  1.000000e-50  1.000000e-50  1.000000e-50  1.000000e-50  1.000000e-50  1.000000e-50  1.000000e-50  1.000000e-50  1.955617e-01  1.664355e-02  1.000000e-50  1.000000e-50  1.000000e-50  1.000000e-50  1.000000e-50  1.000000e-50  1.941748e-02  1.000000e-50  1.000000e-50  1.289875e-01  1.137309e-01  1.000000e-50  9.708738e-03  1.000000e-50  1.000000e-50  2.080444e-02  1.000000e-50  1.000000e-50  1.000000e-50  1.000000e-50  1.000000e-50  1.000000e-50  1.000000e-50  9.986130e-02  3.328710e-02  1.000000e-50  1.525659e-02  1.000000e-50  1.969487e-01  1.000000e-50  1.000000e-50  9.570042e-02  1.000000e-50  1.000000e-50  5.409154e-02  1.000000e-50 
1.000000e-50  1.000000e-50  1.000000e-50  1.000000e-50  1.000000e-50  1.584786e-02  1.000000e-50  1.000000e-50  1.000000e-50  1.093502e-01  1.000000e-50  1.000000e-50  1.000000e-50  1.000000e-50  1.000000e-50  1.000000e-50  3.486529e-02  1.000000e-50  1.000000e-50  7.923930e-03  1.000000e-50  1.000000e-50  1.000000e-50  1.000000e-50  1.901743e-01  1.000000e-50  4.120444e-02  1.000000e-50  1.000000e-50  1.000000e-50  2.060222e-02  1.000000e-50  1.000000e-50  1.000000e-50  1.000000e-50  7.131537e-02  1.000000e-50  1.616482e-01  6.497623e-02  1.000000e-50  2.218700e-02  5.546751e-02  2.044374e-01  1.000000e-50  1.000000e-50  1.000000e-50  1.000000e-50  1.000000e-50  1.000000e-50  1.000000e-50 
1.000000e-50  1.000000e-50  1.000000e-50  1.000000e-50  1.000000e-50  1.000000e-50  6.711409e-02  1.000000e-50  1.000000e-50  1.000000e-50  1.000000e-50  1.000000e-50  1.000000e-50  1.000000e-50  7.651007e-01  1.000000e-50  1.000000e-50  1.000000e-50  1.000000e-50  1.000000e-50  1.000000e-50  1.000000e-50  1.000000e-50  1.000000e-50  1.000000e-50  1.000000e-50  1.000000e-50  1.000000e-50  1.000000e-50  1.476510e-01  1.000000e-50  1.000000e-50  1.000000e-50  1.000000e-50  1.000000e-50  1.000000e-50  1.000000e-50  1.000000e-50  1.000000e-50  2.013423e-02  1.000000e-50  1.000000e-50  1.000000e-50  1.000000e-50  1.000000e-50  1.000000e-50  1.000000e-50  1.000000e-50  1.000000e-50  1.000000e-50 
1.000000e-50  1.000000e-50  1.000000e-50  1.000000e-50  1.000000e-50  1.559633e-02  1.000000e-50  1.000000e-50  1.000000e-50  1.055046e-02  1.000000e-50  1.000000e-50  2.004587e-01  1.697248e-02  1.000000e-50  1.000000e-50  1.000000e-50  1.000000e-50  6.422018e-03  1.000000e-50  1.000000e-50  1.000000e-50  1.000000e-50  1.000000e-50  9.311927e-02  1.000000e-50  1.000000e-50  1.000000e-50  1.000000e-50  4.495413e-02  1.000000e-50  1.000000e-50  4.128440e-03  1.000000e-50  1.000000e-50  1.000000e-50  1.972477e-02  4.587156e-03  1.000000e-50  1.000000e-50  1.000000e-50  1.949541e-01  2.922018e-01  1.000000e-50  1.000000e-50  1.467890e-02  1.000000e-50  1.000000e-50  8.165138e-02  1.000000e-50 
8.103241e-03  1.000000e-50  1.200480e-02  1.200480e-03  2.761104e-02  4.351741e-02  1.000000e-50  1.000000e-50  7.503001e-03  1.140456e-02  1.000000e-50  4.801921e-03  2.635054e-01  1.020408e-02  1.470588e-02  1.000000e-50  1.980792e-02  1.000000e-50  1.000000e-50  1.410564e-02  6.422569e-02  1.410564e-02  1.000000e-50  1.000000e-50  6.062425e-02  2.310924e-02  6.602641e-03  1.000000e-50  6.302521e-03  2.641056e-02  1.000000e-50  1.000000e-50  3.121248e-02  1.000000e-50  1.080432e-02  1.000000e-50  1.000000e-50  6.512605e-02  3.511405e-02  1.000000e-50  1.000000e-50  7.172869e-02  1.000000e-50  2.280912e-02  1.000000e-50  8.613445e-02  1.000000e-50  1.000000e-50  2.791116e-02  9.303721e-03 
1.000000e-50  1.000000e-50  1.000000e-50  1.000000e-50  1.000000e-50  1.000000e-50  5.367666e-02  6.881886e-01  1.000000e-50  1.000000e-50  1.000000e-50  1.152959e-03  1.000000e-50  1.000000e-50  1.000000e-50  1.883167e-01  1.000000e-50  1.000000e-50  1.000000e-50  1.000000e-50  1.000000e-50  1.000000e-50  2.959262e-02  1.000000e-50  1.000000e-50  1.000000e-50  1.000000e-50  1.000000e-50  1.000000e-50  1.000000e-50  1.000000e-50  2.293108e-02  1.000000e-50  1.000000e-50  1.000000e-50  2.946451e-03  1.000000e-50  1.000000e-50  1.000000e-50  1.000000e-50  1.000000e-50  1.000000e-50  1.000000e-50  1.000000e-50  1.000000e-50  1.000000e-50  1.319498e-02  1.000000e-50  1.000000e-50  1.000000e-50 
1.000000e-50  2.882282e-03  1.000000e-50  1.000000e-50  1.000000e-50  1.000000e-50  1.339502e-01  4.247573e-03  1.000000e-50  1.000000e-50  1.000000e-50  1.000000e-50  1.000000e-50  6.067961e-04  1.000000e-50  6.659587e-02  1.000000e-50  1.000000e-50  1.000000e-50  1.000000e-50  1.000000e-50  1.000000e-50  4.459951e-02  1.000000e-50  1.000000e-50  1.000000e-50  5.752427e-01  1.000000e-50  1.000000e-50  1.000000e-50  1.000000e-50  6.523058e-03  1.000000e-50  2.988471e-02  1.000000e-50  1.061893e-03  1.000000e-50  1.000000e-50  1.000000e-50  1.000000e-50  1.000000e-50  1.000000e-50  1.000000e-50  1.000000e-50  1.000000e-50  1.000000e-50  2.123786e-03  1.312197e-01  1.061893e-03  1.000000e-50 
1.000000e-50  1.969561e-02  1.000000e-50  1.000000e-50  1.000000e-50  2.148612e-02  1.000000e-50  1.000000e-50  7.162041e-02  5.371531e-03  6.624888e-02  8.683975e-02  1.000000e-50  8.952551e-03  3.043868e-02  1.000000e-50  1.000000e-50  1.000000e-50  1.000000e-50  2.238138e-02  1.000000e-50  1.000000e-50  1.000000e-50  1.000000e-50  1.199642e-01  1.000000e-50  1.000000e-50  1.000000e-50  1.000000e-50  1.074306e-02  1.000000e-50  1.000000e-50  6.356312e-02  1.000000e-50  1.000000e-50  9.937332e-02  1.000000e-50  4.923903e-02  2.954342e-02  1.000000e-50  2.775291e-02  3.670546e-02  1.199642e-01  1.790510e-02  1.000000e-50  1.000000e-50  1.000000e-50  1.000000e-50  7.072516e-02  2.148612e-02 
1.000000e-50  1.000000e-50  1.000000e-50  1.000000e-50  1.000000e-50  1.062118e-02  1.000000e-50  1.000000e-50  1.000000e-50  4.505954e-02  1.348568e-01  1.000000e-50  2.542646e-02  1.000000e-50  2.896685e-03  1.000000e-50  3.060830e-01  1.000000e-50  1.000000e-50  1.000000e-50  1.000000e-50  1.000000e-50  1.000000e-50  1.000000e-50  2.703573e-02  1.000000e-50  1.000000e-50  1.000000e-50  4.827808e-03  1.000000e-50  1.000000e-50  1.000000e-50  1.000000e-50  1.000000e-50  6.437078e-04  6.437078e-03  5.793370e-03  1.000000e-50  1.515932e-01  1.593177e-01  1.000000e-50  1.000000e-50  2.446089e-02  1.000000e-50  1.000000e-50  1.000000e-50  1.000000e-50  1.000000e-50  1.255230e-02  8.239459e-02 
1.000000e-50  1.000000e-50  1.000000e-50  1.000000e-50  1.465927e-02  1.000000e-50  1.980983e-03  1.000000e-50  1.188590e-02  9.587956e-02  1.000000e-50  3.724247e-02  1.426307e-02  9.112520e-03  4.754358e-03  1.000000e-50  2.496038e-02  1.000000e-50  1.244057e-01  1.000000e-50  1.000000e-50  1.000000e-50  1.000000e-50  1.000000e-50  1.057845e-01  1.000000e-50  1.000000e-50  1.000000e-50  1.000000e-50  1.000000e-50  1.000000e-50  1.000000e-50  1.000000e-50  1.000000e-50  1.000000e-50  2.773376e-02  1.000000e-50  2.076070e-01  7.963550e-02  1.628368e-01  1.000000e-50  3.169572e-03  1.000000e-50  1.980983e-02  1.000000e-50  1.000000e-50  1.000000e-50  1.000000e-50  5.427892e-02  1.000000e-50 
1.000000e-50  1.000000e-50  3.703704e-02  1.000000e-50  1.000000e-50  1.000000e-50  1.000000e-50  1.000000e-50  7.744108e-02  1.000000e-50  1.000000e-50  1.000000e-50  1.548822e-01  1.599327e-02  1.000000e-50  1.000000e-50  3.367003e-02  1.000000e-50  5.134680e-02  2.525253e-02  1.000000e-50  2.020202e-02  1.515152e-02  1.683502e-02  1.372054e-01  1.000000e-50  1.767677e-02  1.000000e-50  1.178451e-02  5.892256e-03  1.000000e-50  1.000000e-50  2.525253e-02  1.000000e-50  1.000000e-50  1.000000e-50  1.851852e-02  1.111111e-01  2.946128e-02  2.188552e-02  3.030303e-02  3.282828e-02  8.585859e-02  1.000000e-50  1.000000e-50  1.000000e-50  1.000000e-50  1.000000e-50  2.441077e-02  1.000000e-50 
1.000000e-50  1.000000e-50  7.023779e-03  1.692477e-04  4.078869e-02  2.039435e-02  1.000000e-50  1.000000e-50  2.538715e-03  1.286282e-02  1.000000e-50  3.892697e-03  1.409833e-01  9.647119e-03  4.451214e-02  1.000000e-50  1.000000e-50  3.046458e-03  1.000000e-50  1.000000e-50  1.000000e-50  7.895405e-02  1.000000e-50  1.000000e-50  1.354828e-01  1.000000e-50  1.000000e-50  1.000000e-50  1.235508e-02  3.672675e-02  4.231192e-03  1.000000e-50  2.058052e-01  1.000000e-50  1.100110e-03  7.362275e-03  1.413218e-02  4.349666e-02  1.000000e-50  1.000000e-50  1.000000e-50  2.826436e-02  6.541423e-02  1.000000e-50  1.000000e-50  6.109842e-02  1.000000e-50  1.000000e-50  1.971736e-02  1.000000e-50 
1.000000e-50  1.000000e-50  1.154017e-02  1.000000e-50  1.375943e-02  5.326232e-03  1.000000e-50  1.000000e-50  7.545495e-03  1.864181e-02  1.000000e-50  5.770084e-03  4.837994e-02  2.219263e-02  9.764758e-02  1.000000e-50  1.420328e-02  3.772747e-02  1.000000e-50  1.000000e-50  2.219263e-03  4.039059e-02  1.000000e-50  1.000000e-50  5.415002e-02  1.000000e-50  1.000000e-50  1.000000e-50  1.597870e-02  1.096316e-01  3.994674e-03  1.000000e-50  6.347093e-02  1.000000e-50  8.877053e-03  3.106968e-03  7.545495e-03  2.352419e-02  2.352419e-02  2.219263e-03  5.326232e-03  2.086107e-01  3.994674e-02  1.065246e-02  1.000000e-50  6.302708e-02  1.000000e-50  1.000000e-50  1.731025e-02  1.375943e-02 
1.000000e-50  2.338174e-03  1.000000e-50  4.799409e-03  1.107556e-02  4.061039e-03  3.937977e-03  1.000000e-50  3.937977e-03  2.301255e-02  6.153089e-04  1.476741e-03  5.427024e-02  7.629830e-03  9.401920e-02  1.000000e-50  1.000000e-50  1.365986e-02  1.000000e-50  1.000000e-50  2.830421e-03  2.608910e-02  1.000000e-50  1.000000e-50  1.378292e-02  1.000000e-50  1.000000e-50  1.000000e-50  3.691853e-03  2.634753e-01  4.947083e-02  1.000000e-50  6.399212e-03  1.000000e-50  8.368201e-03  4.553286e-03  1.968988e-03  2.178193e-02  8.614324e-03  1.000000e-50  1.000000e-50  1.821314e-01  5.168595e-03  1.000000e-50  1.352449e-01  2.719665e-02  1.000000e-50  1.000000e-50  1.316761e-02  1.230618e-03 
1.000000e-50  1.000000e-50  5.122143e-03  1.000000e-50  1.000000e-50  1.970055e-03  1.000000e-50  1.000000e-50  8.668243e-03  1.989756e-02  1.000000e-50  1.457841e-02  2.836879e-02  1.000000e-50  1.000000e-50  2.949173e-01  2.364066e-03  1.000000e-50  3.467297e-02  1.000000e-50  8.077226e-03  4.728132e-03  6.028369e-02  1.418440e-02  4.747833e-02  1.379039e-03  2.344366e-02  1.000000e-50  1.000000e-50  1.000000e-50  1.000000e-50  1.000000e-50  1.000000e-50  1.637116e-01  1.000000e-50  1.000000e-50  9.259259e-03  1.477541e-02  4.334121e-03  1.713948e-02  6.678487e-02  1.000000e-50  1.000000e-50  1.000000e-50  1.000000e-50  2.955083e-02  1.000000e-50  5.811663e-02  6.619385e-02  1.000000e-50 
3.992911e-01  2.085071e-03  1.000000e-50  1.000000e-50  1.000000e-50  3.127606e-03  1.000000e-50  1.000000e-50  1.000000e-50  1.668057e-02  1.000000e-50  4.378649e-03  9.591326e-03  1.876564e-03  1.000000e-50  1.000000e-50  1.259383e-01  1.000000e-50  2.502085e-03  1.000000e-50  1.021685e-02  1.000000e-50  1.000000e-50  1.000000e-50  1.688907e-02  1.000000e-50  1.000000e-50  1.000000e-50  1.000000e-50  1.000000e-50  1.000000e-50  1.000000e-50  1.000000e-50  1.000000e-50  1.000000e-50  1.000000e-50  5.629691e-03  1.203086e-01  2.095496e-01  3.377815e-02  2.752294e-02  1.000000e-50  1.000000e-50  3.961635e-03  1.000000e-50  1.000000e-50  1.000000e-50  1.000000e-50  6.672227e-03  1.000000e-50 
1.000000e-50  1.000000e-50  1.000000e-50  1.000000e-50  4.795737e-02  9.473061e-03  1.000000e-50  1.000000e-50  1.000000e-50  1.000000e-50  1.000000e-50  1.000000e-50  1.000000e-50  1.361753e-02  1.716992e-02  1.000000e-50  3.789224e-02  1.000000e-50  1.000000e-50  1.000000e-50  1.000000e-50  3.966844e-02  1.000000e-50  1.000000e-50  1.077561e-01  1.000000e-50  1.000000e-50  1.000000e-50  4.144464e-03  1.130847e-01  3.789224e-02  1.000000e-50  1.000000e-50  1.000000e-50  5.979870e-02  1.000000e-50  1.000000e-50  4.558911e-02  1.000000e-50  1.000000e-50  1.716992e-02  1.847247e-01  6.157490e-02  4.381291e-02  1.000000e-50  9.591474e-02  1.000000e-50  1.000000e-50  1.000000e-50  6.275903e-02 
1.000000e-50  1.000000e-50  1.000000e-50  1.000000e-50  1.000000e-50  1.000000e-50  1.000000e-50  1.000000e-50  1.000000e-50  8.137045e-02  1.391863e-01  3.104925e-02  1.000000e-50  1.000000e-50  1.000000e-50  1.000000e-50  1.000000e-50  1.000000e-50  1.000000e-50  1.000000e-50  1.000000e-50  1.000000e-50  1.000000e-50  1.000000e-50  9.314775e-02  1.000000e-50  8.565310e-03  1.070664e-03  1.000000e-50  1.000000e-50  1.000000e-50  1.000000e-50  1.000000e-50  1.000000e-50  1.000000e-50  1.000000e-50  1.000000e-50  1.520343e-01  1.000000e-50  2.955032e-01  1.381156e-01  1.000000e-50  1.000000e-50  1.000000e-50  1.000000e-50  1.000000e-50  1.000000e-50  1.000000e-50  5.995717e-02  1.000000e-50 
1.000000e-50  1.000000e-50  1.000000e-50  1.000000e-50  1.000000e-50  9.415584e-02  1.000000e-50  3.571429e-02  1.000000e-50  1.000000e-50  6.168831e-02  1.000000e-50  1.000000e-50  1.000000e-50  6.168831e-02  1.000000e-50  1.000000e-50  1.000000e-50  1.000000e-50  1.000000e-50  1.136364e-01  3.246753e-02  1.000000e-50  1.000000e-50  1.000000e-50  1.000000e-50  3.571429e-02  1.000000e-50  1.000000e-50  5.844156e-02  4.870130e-02  1.000000e-50  1.000000e-50  1.000000e-50  1.000000e-50  1.000000e-50  1.000000e-50  1.038961e-01  1.000000e-50  1.000000e-50  1.000000e-50  1.000000e-50  8.766234e-02  1.000000e-50  1.000000e-50  2.207792e-01  1.000000e-50  1.000000e-50  4.545455e-02  1.000000e-50 
1.722900e-02  1.000000e-50  1.000000e-50  1.000000e-50  3.924384e-02  6.221584e-03  4.785834e-03  1.000000e-50  1.000000e-50  9.571668e-03  1.000000e-50  1.000000e-50  2.732711e-01  8.375209e-03  4.235463e-02  1.000000e-50  1.340034e-02  1.000000e-50  1.000000e-50  1.000000e-50  5.743001e-03  4.690117e-02  1.000000e-50  1.000000e-50  4.690117e-02  1.000000e-50  1.579325e-02  1.000000e-50  1.000000e-50  3.804738e-02  1.000000e-50  1.000000e-50  1.000000e-50  1.000000e-50  5.503709e-03  1.000000e-50  5.743001e-03  5.360134e-02  2.010050e-02  1.000000e-50  3.828667e-03  3.445800e-02  2.201484e-02  1.000000e-50  1.000000e-50  2.766212e-01  1.000000e-50  1.000000e-50  1.028954e-02  1.000000e-50 
3.175355e-02  6.398104e-03  1.000000e-50  1.000000e-50  9.004739e-03  1.587678e-02  3.554502e-03  1.000000e-50  1.000000e-50  6.374408e-02  5.000000e-02  1.000000e-50  3.838863e-02  9.241706e-03  1.000000e-50  1.000000e-50  6.658768e-02  1.000000e-50  1.000000e-50  1.000000e-50  2.843602e-03  1.872038e-02  1.279621e-02  1.000000e-50  6.872038e-03  1.000000e-50  4.857820e-02  1.000000e-50  8.767773e-03  3.317536e-02  1.000000e-50  1.000000e-50  6.990521e-02  1.000000e-50  1.000000e-50  1.000000e-50  9.241706e-03  1.895735e-02  2.772512e-02  1.000000e-50  2.440758e-02  3.483412e-02  2.606635e-02  2.203791e-01  7.109005e-04  8.317536e-02  1.000000e-50  1.000000e-50  1.000000e-50  5.829384e-02 
1.000000e-50  1.000000e-50  1.000000e-50  1.000000e-50  1.000000e-50  1.000000e-50  6.375518e-03  1.000000e-50  1.000000e-50  1.000000e-50  1.000000e-50  1.000000e-50  1.000000e-50  1.000000e-50  1.000000e-50  1.000000e-50  1.000000e-50  1.000000e-50  1.000000e-50  1.000000e-50  1.000000e-50  1.000000e-50  1.000000e-50  1.000000e-50  1.275104e-03  1.000000e-50  1.000000e-50  1.000000e-50  1.000000e-50  1.000000e-50  1.000000e-50  1.000000e-50  1.000000e-50  1.000000e-50  1.000000e-50  1.000000e-50  1.000000e-50  1.000000e-50  1.000000e-50  1.000000e-50  5.387313e-01  1.000000e-50  1.000000e-50  4.536181e-01  1.000000e-50  1.000000e-50  1.000000e-50  1.000000e-50  1.000000e-50  1.000000e-50 
1.000000e-50  1.000000e-50  1.000000e-50  1.000000e-50  4.555809e-02  1.000000e-50  3.416856e-02  1.000000e-50  1.000000e-50  9.111617e-02  1.000000e-50  1.000000e-50  1.000000e-50  1.000000e-50  1.000000e-50  9.567198e-02  2.050114e-02  1.000000e-50  1.000000e-50  1.000000e-50  1.000000e-50  1.000000e-50  1.000000e-50  1.000000e-50  1.000000e-50  3.416856e-02  1.000000e-50  1.000000e-50  1.000000e-50  1.000000e-50  1.000000e-50  1.000000e-50  1.000000e-50  1.000000e-50  1.000000e-50  2.346241e-01  1.000000e-50  1.000000e-50  1.070615e-01  1.000000e-50  1.000000e-50  1.000000e-50  1.000000e-50  6.605923e-02  1.000000e-50  1.275626e-01  1.000000e-50  1.000000e-50  1.435080e-01  1.000000e-50 
1.000000e-50  2.282260e-02  7.278559e-03  1.000000e-50  3.577597e-03  1.048606e-02  4.441155e-03  1.000000e-50  2.356279e-02  1.850481e-02  6.538367e-02  2.479645e-02  1.047372e-01  9.992598e-03  1.468048e-02  1.000000e-50  2.417962e-02  1.000000e-50  2.343943e-03  6.785097e-03  1.000000e-50  1.776462e-02  9.252406e-03  6.785097e-03  2.849741e-02  1.000000e-50  9.745867e-03  1.000000e-50  1.899827e-02  9.252406e-03  1.973847e-03  1.000000e-50  7.772021e-03  1.000000e-50  1.000000e-50  1.579077e-02  8.018752e-03  5.822847e-02  6.155934e-02  1.000000e-50  2.380952e-02  3.182828e-02  6.575376e-02  1.154700e-01  1.000000e-50  4.996299e-02  1.000000e-50  1.000000e-50  2.627683e-02  8.968665e-02 
2.965404e-02  1.000000e-50  1.000000e-50  1.000000e-50  1.000000e-50  1.000000e-50  1.000000e-50  1.000000e-50  1.000000e-50  1.000000e-50  1.647446e-02  4.942339e-03  1.000000e-50  1.000000e-50  5.601318e-02  1.000000e-50  1.482702e-02  1.000000e-50  1.000000e-50  1.000000e-50  1.000000e-50  1.334432e-01  1.000000e-50  1.000000e-50  1.219110e-01  8.237232e-03  1.000000e-50  1.000000e-50  1.000000e-50  1.000000e-50  1.000000e-50  1.000000e-50  1.000000e-50  1.000000e-50  1.000000e-50  1.000000e-50  9.884679e-03  1.186161e-01  1.153213e-02  1.000000e-50  1.153213e-02  3.624382e-02  7.742998e-02  1.647446e-02  1.000000e-50  2.981878e-01  1.000000e-50  1.000000e-50  3.459638e-02  1.000000e-50 
1.000000e-50  3.697804e-04  1.000000e-50  1.000000e-50  1.000000e-50  1.000000e-50  1.035385e-01  7.111162e-03  1.000000e-50  1.000000e-50  1.000000e-50  1.000000e-50  1.000000e-50  1.000000e-50  1.000000e-50  1.000000e-50  2.275572e-03  1.000000e-50  1.000000e-50  3.697804e-04  1.000000e-50  1.000000e-50  1.095119e-02  1.000000e-50  1.000000e-50  1.000000e-50  7.915576e-01  1.000000e-50  1.000000e-50  1.000000e-50  3.697804e-04  8.533394e-03  1.000000e-50  1.621345e-03  1.000000e-50  1.000000e-50  4.551143e-04  1.000000e-50  1.000000e-50  1.000000e-50  1.000000e-50  1.000000e-50  1.000000e-50  1.000000e-50  1.000000e-50  1.000000e-50  6.542269e-04  7.219251e-02  1.000000e-50  1.000000e-50 
1.000000e-50  1.000000e-50  1.000000e-50  1.000000e-50  1.000000e-50  1.898305e-01  1.000000e-50  1.000000e-50  1.000000e-50  1.000000e-50  1.000000e-50  1.000000e-50  1.000000e-50  1.000000e-50  1.000000e-50  1.000000e-50  1.000000e-50  1.000000e-50  1.000000e-50  1.000000e-50  7.186441e-01  1.000000e-50  1.000000e-50  1.000000e-50  1.000000e-50  1.000000e-50  1.000000e-50  1.000000e-50  1.000000e-50  1.000000e-50  1.000000e-50  1.000000e-50  1.016949e-02  1.000000e-50  1.000000e-50  1.000000e-50  1.000000e-50  1.000000e-50  1.000000e-50  1.000000e-50  1.000000e-50  1.000000e-50  7.118644e-02  1.000000e-50  1.000000e-50  1.000000e-50  1.016949e-02  1.000000e-50  1.000000e-50  1.000000e-50 
1.000000e-50  1.000000e-50  2.884615e-02  1.000000e-50  1.997041e-02  3.476331e-02  7.396450e-03  1.000000e-50  9.615385e-03  2.366864e-02  1.000000e-50  1.000000e-50  1.183432e-01  1.035503e-02  1.035503e-02  1.000000e-50  1.000000e-50  1.000000e-50  5.769231e-02  1.000000e-50  7.396450e-03  1.035503e-02  8.875740e-03  1.000000e-50  9.985207e-02  1.000000e-50  1.000000e-50  1.000000e-50  1.000000e-50  2.218935e-02  1.000000e-50  1.000000e-50  1.000000e-50  1.000000e-50  1.000000e-50  1.000000e-50  3.698225e-02  5.769231e-02  3.846154e-02  3.328402e-02  1.000000e-50  4.733728e-02  1.856509e-01  1.000000e-50  7.396450e-03  7.100592e-02  1.000000e-50  1.000000e-50  5.251479e-02  1.000000e-50 
1.000000e-50  1.607182e-03  1.000000e-50  1.000000e-50  2.272223e-03  4.378187e-03  1.000000e-50  1.000000e-50  1.000000e-50  1.000000e-50  1.000000e-50  9.421414e-04  1.041898e-02  8.035912e-03  1.702505e-01  1.000000e-50  1.000000e-50  3.158945e-02  1.000000e-50  1.000000e-50  1.108402e-03  1.900909e-02  1.000000e-50  1.000000e-50  1.180448e-02  1.000000e-50  1.000000e-50  1.174906e-02  1.000000e-50  4.701840e-01  6.317890e-02  1.000000e-50  9.088894e-03  1.000000e-50  8.313013e-04  1.496342e-03  6.151629e-03  5.098648e-03  1.000000e-50  1.000000e-50  1.000000e-50  1.489692e-01  1.080692e-02  1.000000e-50  1.000000e-50  5.486588e-03  1.000000e-50  1.000000e-50  5.542008e-03  1.000000e-50 
1.000000e-50  1.000000e-50  1.000000e-50  1.000000e-50  1.000000e-50  2.383094e-02  1.000000e-50  1.000000e-50  8.543165e-03  1.000000e-50  1.133094e-01  1.000000e-50  1.348921e-02  3.102518e-02  2.936151e-01  1.000000e-50  1.000000e-50  5.350719e-02  1.000000e-50  1.000000e-50  4.496403e-03  1.000000e-50  1.000000e-50  1.000000e-50  4.136691e-02  1.000000e-50  1.000000e-50  1.000000e-50  3.956835e-02  2.697842e-02  1.000000e-50  1.000000e-50  2.967626e-02  1.000000e-50  3.147482e-02  1.000000e-50  7.149281e-02  1.000000e-50  1.200540e-01  1.000000e-50  1.000000e-50  4.406475e-02  9.442446e-03  4.946043e-03  1.000000e-50  1.000000e-50  1.000000e-50  1.000000e-50  3.147482e-03  3.597122e-02 
1.000000e-50  1.000000e-50  1.000000e-50  1.000000e-50  1.000000e-50  1.635833e-01  1.000000e-50  1.000000e-50  1.000000e-50  1.000000e-50  1.000000e-50  8.763389e-03  1.000000e-50  1.000000e-50  1.000000e-50  5.550146e-02  1.000000e-50  1.000000e-50  1.000000e-50  1.000000e-50  2.823759e-01  5.647517e-02  1.168452e-02  1.000000e-50  1.000000e-50  1.000000e-50  1.000000e-50  1.000000e-50  1.000000e-50  1.000000e-50  1.000000e-50  1.000000e-50  1.382668e-01  1.265823e-01  1.000000e-50  1.000000e-50  7.789679e-03  1.000000e-50  6.329114e-02  1.000000e-50  1.000000e-50  1.000000e-50  1.000000e-50  1.000000e-50  1.000000e-50  1.000000e-50  1.000000e-50  1.000000e-50  4.771178e-02  3.797468e-02 
1.000000e-50  1.015301e-02  4.576005e-03  8.580009e-04  4.461604e-02  2.373802e-02  1.000000e-50  1.000000e-50  4.862005e-03  4.561705e-02  5.148005e-03  1.072501e-02  1.053911e-01  1.687402e-02  2.102102e-02  1.000000e-50  1.401401e-02  1.000000e-50  1.000000e-50  6.721007e-03  7.564708e-02  2.988703e-02  1.000000e-50  1.000000e-50  5.305305e-02  2.259402e-02  1.000000e-50  1.000000e-50  1.329901e-02  4.862005e-02  1.000000e-50  1.000000e-50  9.581010e-02  1.000000e-50  2.002002e-03  5.148005e-03  5.434005e-03  3.517804e-02  3.289003e-03  1.000000e-50  1.301301e-02  3.474903e-02  3.818104e-02  5.877306e-02  1.000000e-50  1.069641e-01  1.000000e-50  1.000000e-50  1.487201e-02  2.917203e-02 
1.000000e-50  1.000000e-50  1.000000e-50  1.000000e-50  1.000000e-50  1.336406e-01  1.000000e-50  1.000000e-50  1.000000e-50  5.913978e-02  1.000000e-50  1.000000e-50  1.000000e-50  1.843318e-02  1.228879e-02  1.000000e-50  2.150538e-02  1.000000e-50  8.064516e-02  1.000000e-50  1.305684e-01  1.000000e-50  1.000000e-50  1.000000e-50  1.000000e-50  1.000000e-50  1.000000e-50  1.000000e-50  1.000000e-50  6.144393e-03  1.000000e-50  1.000000e-50  1.000000e-50  2.457757e-02  1.152074e-02  1.000000e-50  1.121352e-01  1.000000e-50  4.685100e-02  1.000000e-50  1.000000e-50  1.228879e-02  6.605223e-02  3.609831e-02  1.000000e-50  1.436252e-01  1.000000e-50  1.000000e-50  8.448541e-02  1.000000e-50 
1.000000e-50  1.000000e-50  1.000000e-50  1.000000e-50  1.000000e-50  4.906542e-02  1.000000e-50  1.000000e-50  1.000000e-50  1.000000e-50  1.000000e-50  9.813084e-02  5.140187e-02  1.261682e-01  1.000000e-50  1.000000e-50  2.336449e-02  9.112150e-02  1.000000e-50  1.000000e-50  1.000000e-50  1.000000e-50  1.000000e-50  1.000000e-50  4.205607e-02  1.000000e-50  1.000000e-50  1.000000e-50  1.000000e-50  4.906542e-02  1.000000e-50  1.000000e-50  4.205607e-02  1.000000e-50  1.000000e-50  7.943925e-02  3.504673e-02  1.074766e-01  1.000000e-50  1.000000e-50  1.000000e-50  1.495327e-01  1.000000e-50  1.000000e-50  5.607477e-02  1.000000e-50  1.000000e-50  1.000000e-50  1.000000e-50  1.000000e-50 
2.478448e-02  8.728448e-02  1.000000e-50  1.000000e-50  1.000000e-50  1.000000e-50  1.000000e-50  1.000000e-50  1.982759e-01  1.000000e-50  1.000000e-50  1.000000e-50  1.239224e-01  3.556034e-02  1.000000e-50  1.000000e-50  1.000000e-50  1.000000e-50  1.000000e-50  1.000000e-50  1.000000e-50  1.000000e-50  1.000000e-50  1.562500e-01  1.000000e-50  1.000000e-50  1.000000e-50  1.000000e-50  2.909483e-02  1.000000e-50  1.000000e-50  1.000000e-50  2.586207e-02  1.000000e-50  1.000000e-50  1.000000e-50  1.000000e-50  1.000000e-50  1.000000e-50  1.000000e-50  8.943966e-02  1.000000e-50  1.000000e-50  1.000000e-50  1.000000e-50  7.543103e-02  1.000000e-50  1.000000e-50  1.540948e-01  1.000000e-50 
1.028994e-01  1.000000e-50  5.685048e-03  1.000000e-50  1.000000e-50  1.421262e-02  3.411029e-03  1.000000e-50  6.822058e-03  3.411029e-02  1.000000e-50  5.116543e-03  7.049460e-02  9.664582e-03  1.080159e-02  1.000000e-50  6.537806e-02  1.000000e-50  1.000000e-50  1.000000e-50  5.116543e-03  1.023309e-02  7.390563e-03  1.000000e-50  6.992609e-02  1.000000e-50  1.989767e-02  1.000000e-50  2.558272e-02  2.217169e-02  1.000000e-50  1.000000e-50  5.628198e-02  1.000000e-50  1.000000e-50  4.548039e-03  2.785674e-02  4.434338e-02  1.483798e-01  1.000000e-50  1.000000e-50  2.558272e-02  4.661740e-02  7.220011e-02  1.000000e-50  3.183627e-02  1.000000e-50  1.000000e-50  2.785674e-02  2.558272e-02 
1.000000e-50  9.487376e-03  1.000000e-50  1.000000e-50  8.263198e-03  1.912777e-02  1.000000e-50  2.601377e-03  1.866871e-02  1.790360e-02  9.793420e-03  2.019893e-02  1.361897e-01  2.402448e-02  1.239480e-02  1.000000e-50  5.355777e-03  1.000000e-50  1.530222e-02  1.000000e-50  2.922724e-02  3.427697e-02  1.637337e-02  1.000000e-50  7.987758e-02  7.039021e-03  1.000000e-50  1.000000e-50  1.000000e-50  3.274675e-02  4.131599e-03  1.000000e-50  1.000000e-50  1.000000e-50  1.000000e-50  1.530222e-02  1.713849e-02  4.315226e-02  2.570773e-02  1.000000e-50  1.484315e-02  7.742923e-02  1.649579e-01  1.040551e-02  1.000000e-50  7.651109e-02  1.000000e-50  1.000000e-50  5.156848e-02  1.000000e-50 
1.968117e-02  1.000000e-50  1.987798e-02  1.000000e-50  9.840583e-03  7.065538e-02  1.000000e-50  1.000000e-50  5.510726e-03  8.108640e-02  1.000000e-50  8.856524e-03  8.108640e-02  1.653218e-02  1.436725e-02  1.000000e-50  4.290494e-02  1.000000e-50  1.000000e-50  7.675654e-03  5.195828e-02  5.884668e-02  1.000000e-50  1.102145e-02  6.514466e-02  4.133045e-03  2.145247e-02  1.000000e-50  1.000000e-50  2.342059e-02  1.000000e-50  1.000000e-50  1.000000e-50  1.000000e-50  1.000000e-50  2.558551e-03  2.578233e-02  2.597914e-02  2.656957e-02  2.361740e-03  1.062783e-02  3.522929e-02  4.703798e-02  4.939972e-02  1.000000e-50  1.434757e-01  1.000000e-50  1.000000e-50  1.692580e-02  1.000000e-50 
1.000000e-50  1.000000e-50  1.180698e-02  1.000000e-50  1.000000e-50  1.647844e-01  1.000000e-50  2.566735e-03  1.000000e-50  9.240246e-03  1.000000e-50  1.000000e-50  4.055441e-02  3.131417e-02  1.000000e-50  1.000000e-50  1.000000e-50  1.000000e-50  1.848049e-02  1.000000e-50  1.668378e-01  1.000000e-50  5.749487e-02  1.000000e-50  1.000000e-50  3.490760e-02  1.000000e-50  1.000000e-50  1.000000e-50  1.000000e-50  1.000000e-50  1.000000e-50  1.000000e-50  1.000000e-50  1.000000e-50  9.240246e-03  8.213552e-03  2.053388e-01  3.439425e-02  1.000000e-50  1.000000e-50  1.000000e-50  1.000000e-50  1.000000e-50  1.000000e-50  1.257700e-01  1.000000e-50  1.000000e-50  7.905544e-02  1.000000e-50 
1.000000e-50  8.407517e-03  1.000000e-50  1.000000e-50  1.000000e-50  1.000000e-50  1.159743e-01  7.022750e-02  1.000000e-50  1.000000e-50  1.000000e-50  1.000000e-50  1.000000e-50  1.000000e-50  1.000000e-50  2.037587e-01  1.236400e-02  1.000000e-50  1.000000e-50  1.000000e-50  1.000000e-50  1.000000e-50  3.261622e-01  1.000000e-50  5.934718e-03  1.000000e-50  1.000000e-50  1.000000e-50  1.000000e-50  1.000000e-50  1.000000e-50  1.000000e-50  1.000000e-50  1.000000e-50  1.000000e-50  1.000000e-50  1.000000e-50  1.000000e-50  6.429278e-03  1.953511e-02  1.874382e-01  1.000000e-50  1.000000e-50  4.277943e-02  1.000000e-50  1.000000e-50  9.891197e-04  1.000000e-50  1.000000e-50  1.000000e-50 
1.530884e-03  5.324814e-04  3.328009e-03  6.589457e-03  1.071619e-02  5.125133e-03  1.000000e-50  1.000000e-50  2.728967e-03  1.730564e-03  2.862087e-03  5.990415e-04  1.271299e-02  2.968584e-02  7.108626e-02  1.000000e-50  3.328009e-03  4.952077e-02  1.000000e-50  9.318424e-04  1.730564e-03  1.916933e-02  1.000000e-50  1.000000e-50  1.098243e-02  1.000000e-50  1.000000e-50  5.324814e-03  1.730564e-03  2.830138e-01  2.988552e-02  1.000000e-50  6.855698e-03  1.000000e-50  2.129925e-03  1.000000e-50  5.790735e-03  8.919063e-03  7.454739e-03  1.000000e-50  1.000000e-50  3.703408e-01  1.510916e-02  5.990415e-04  7.454739e-03  7.987220e-03  1.000000e-50  1.000000e-50  9.384984e-03  3.128328e-03 
2.800331e-02  1.226181e-02  1.000000e-50  1.000000e-50  2.551781e-02  1.309031e-02  1.000000e-50  1.000000e-50  1.010771e-02  2.783761e-02  4.689312e-02  9.942005e-03  1.256007e-01  1.922121e-02  1.491301e-02  1.000000e-50  3.794532e-02  1.000000e-50  1.000000e-50  1.159901e-03  7.787904e-03  3.479702e-02  6.959403e-03  1.000000e-50  5.998343e-02  1.000000e-50  2.203811e-02  1.000000e-50  2.087821e-02  3.380282e-02  1.000000e-50  1.000000e-50  5.716653e-02  1.000000e-50  1.000000e-50  1.000000e-50  3.181442e-02  4.672742e-02  4.026512e-02  1.000000e-50  1.772991e-02  3.131732e-02  1.000000e-50  7.357084e-02  1.000000e-50  7.340514e-02  1.000000e-50  1.000000e-50  3.231152e-02  3.695112e-02 
1.000000e-50  1.000000e-50  1.000000e-50  1.000000e-50  1.000000e-50  1.000000e-50  3.671632e-01  1.047635e-01  1.000000e-50  1.000000e-50  1.000000e-50  1.000000e-50  1.000000e-50  1.000000e-50  1.000000e-50  1.000000e-50  1.000000e-50  1.000000e-50  1.000000e-50  1.000000e-50  1.000000e-50  1.000000e-50  2.324439e-02  1.000000e-50  1.000000e-50  1.000000e-50  4.300213e-01  1.000000e-50  1.000000e-50  1.000000e-50  1.000000e-50  1.000000e-50  1.000000e-50  1.000000e-50  1.000000e-50  1.000000e-50  1.000000e-50  1.000000e-50  1.000000e-50  1.000000e-50  1.000000e-50  1.000000e-50  1.000000e-50  7.480766e-02  1.000000e-50  1.000000e-50  1.000000e-50  1.000000e-50  1.000000e-50  1.000000e-50 
1.000000e-50  1.000000e-50  1.000000e-50  1.000000e-50  1.000000e-50  1.000000e-50  1.000000e-50  1.000000e-50  1.000000e-50  1.000000e-50  1.000000e-50  1.000000e-50  1.000000e-50  1.296296e-01  1.207729e-02  1.000000e-50  1.000000e-50  1.000000e-50  1.000000e-50  1.000000e-50  1.000000e-50  1.000000e-50  1.000000e-50  1.000000e-50  1.000000e-50  1.000000e-50  1.000000e-50  1.000000e-50  1.000000e-50  1.000000e-50  4.911433e-02  8.051530e-04  1.000000e-50  1.000000e-50  1.000000e-50  1.000000e-50  1.000000e-50  1.000000e-50  1.000000e-50  1.000000e-50  1.000000e-50  8.083736e-01  1.000000e-50  1.000000e-50  1.000000e-50  1.000000e-50  1.000000e-50  1.000000e-50  1.000000e-50  1.000000e-50 
1.000000e-50  1.000000e-50  1.000000e-50  1.000000e-50  3.780674e-02  3.193613e-02  1.000000e-50  1.000000e-50  1.000000e-50  1.000000e-50  6.340261e-03  6.222848e-03  1.044969e-01  1.080193e-02  5.835388e-02  1.000000e-50  1.000000e-50  1.996008e-03  1.000000e-50  2.113420e-03  8.911589e-02  5.706235e-02  1.000000e-50  1.000000e-50  8.982036e-02  2.547845e-02  1.000000e-50  1.000000e-50  3.487143e-02  5.083950e-02  1.000000e-50  1.000000e-50  1.639075e-01  1.000000e-50  1.000000e-50  3.874604e-03  2.230832e-03  8.348010e-02  1.000000e-50  1.000000e-50  1.000000e-50  4.121169e-02  4.532112e-02  1.000000e-50  1.000000e-50  6.575085e-03  1.000000e-50  1.000000e-50  2.207350e-02  2.406951e-02 
9.909166e-03  1.000000e-50  1.000000e-50  1.000000e-50  1.000000e-50  3.600330e-01  1.000000e-50  1.000000e-50  1.000000e-50  2.064410e-02  1.000000e-50  5.780347e-03  1.000000e-50  1.000000e-50  1.000000e-50  1.000000e-50  4.954583e-03  1.000000e-50  1.000000e-50  1.000000e-50  4.525186e-01  1.486375e-02  1.000000e-50  1.000000e-50  1.000000e-50  1.000000e-50  1.000000e-50  1.000000e-50  1.000000e-50  1.000000e-50  1.000000e-50  1.000000e-50  1.000000e-50  1.000000e-50  1.000000e-50  1.000000e-50  1.000000e-50  1.000000e-50  3.137903e-02  1.000000e-50  1.000000e-50  1.000000e-50  1.000000e-50  1.073493e-02  1.000000e-50  6.275805e-02  1.000000e-50  1.000000e-50  2.642444e-02  1.000000e-50 
8.048341e-02  2.571355e-03  1.000000e-50  1.000000e-50  1.000000e-50  1.000000e-50  1.000000e-50  1.000000e-50  1.000000e-50  1.000000e-50  1.000000e-50  1.000000e-50  1.000000e-50  1.000000e-50  1.000000e-50  2.118797e-01  1.463101e-01  1.000000e-50  1.000000e-50  1.000000e-50  5.142710e-03  1.000000e-50  1.000000e-50  1.000000e-50  2.314220e-03  1.000000e-50  1.000000e-50  1.000000e-50  1.000000e-50  1.000000e-50  1.000000e-50  1.301106e-01  1.000000e-50  2.391360e-02  1.000000e-50  1.000000e-50  1.000000e-50  1.000000e-50  6.556956e-02  1.000000e-50  1.000000e-50  1.000000e-50  1.000000e-50  1.000000e-50  1.000000e-50  1.000000e-50  2.802777e-01  5.014142e-02  1.285678e-03  1.000000e-50 
4.514073e-03  1.221455e-02  1.513542e-02  1.000000e-50  1.000000e-50  6.638343e-03  1.000000e-50  1.000000e-50  1.619756e-02  6.903877e-03  5.947955e-02  2.947424e-02  6.133829e-02  9.028147e-03  1.194902e-02  1.000000e-50  6.107276e-03  1.000000e-50  1.000000e-50  1.327669e-03  1.000000e-50  3.451938e-03  5.045141e-03  1.000000e-50  6.771110e-02  1.000000e-50  1.000000e-50  1.000000e-50  5.045141e-02  6.107276e-03  1.000000e-50  1.000000e-50  1.826872e-01  1.000000e-50  4.779607e-03  1.000000e-50  1.141795e-02  2.522570e-02  2.575677e-02  1.000000e-50  1.062135e-02  1.380775e-02  3.664365e-02  9.399894e-02  1.000000e-50  2.920871e-02  1.000000e-50  1.000000e-50  2.442910e-02  1.683484e-01 
3.505260e-01  1.000000e-50  1.000000e-50  1.000000e-50  1.000000e-50  1.000000e-50  1.000000e-50  1.000000e-50  1.000000e-50  1.000000e-50  5.666780e-02  1.000000e-50  3.732609e-03  1.000000e-50  1.000000e-50  1.000000e-50  3.115032e-01  1.000000e-50  1.051917e-02  1.000000e-50  1.000000e-50  1.000000e-50  1.000000e-50  1.000000e-50  1.000000e-50  1.000000e-50  1.000000e-50  1.000000e-50  1.000000e-50  1.000000e-50  1.000000e-50  1.000000e-50  1.000000e-50  1.000000e-50  1.000000e-50  1.000000e-50  1.000000e-50  1.000000e-50  1.211401e-01  1.252121e-01  1.662708e-02  1.000000e-50  1.000000e-50  1.000000e-50  1.000000e-50  1.000000e-50  1.000000e-50  1.000000e-50  1.000000e-50  4.071938e-03 


#DOUBLE_1x50_DISCRETE_HIDDEN_DOMINANT-EIGENVECTOR
1.799018e-02  3.157206e-03  2.787057e-03  6.706051e-04  9.738031e-03  1.505404e-02  3.455628e-02  2.924363e-02  4.973263e-03  1.365649e-02  1.124040e-02  5.296691e-03  5.285349e-02  1.005500e-02  3.598667e-02  2.296735e-02  2.146439e-02  7.640004e-03  4.249848e-03  1.362924e-03  1.876855e-02  1.861705e-02  1.395959e-02  1.954861e-03  3.645003e-02  2.734824e-03  1.548224e-01  1.295217e-03  6.025839e-03  7.959318e-02  1.004399e-02  4.548271e-03  3.078832e-02  6.020278e-03  1.915773e-03  4.045440e-03  7.936490e-03  2.937098e-02  2.297841e-02  8.766647e-03  1.792551e-02  6.676711e-02  2.693458e-02  2.702051e-02  5.529976e-03  3.777990e-02  5.474460e-03  1.721219e-02  1.676366e-02  1.301240e-02  

#DOUBLE_50x20_DISCRETE_AA_EMISSION
7.815582e-02  8.136095e-03  1.262327e-01  8.530572e-02  3.525641e-02  4.585799e-02  3.131164e-02  8.382643e-03  7.174556e-02  9.294872e-02  1.799803e-02  6.311637e-02  1.000000e-50  6.139053e-02  4.955621e-02  1.171105e-01  5.078895e-02  1.183432e-02  1.553254e-02  2.933925e-02 
1.236559e-01  1.000000e-50  7.795699e-02  5.913978e-02  1.000000e-50  1.276882e-01  2.688172e-02  2.150538e-02  7.661290e-02  7.661290e-02  1.000000e-50  1.000000e-50  2.674731e-01  4.435484e-02  1.000000e-50  8.198925e-02  1.612903e-02  1.000000e-50  1.000000e-50  1.000000e-50 
6.793049e-02  1.000000e-50  8.056872e-02  1.737757e-02  2.685624e-02  5.371248e-01  1.000000e-50  7.898894e-03  3.791469e-02  1.000000e-50  1.263823e-02  3.001580e-02  1.000000e-50  1.105845e-02  2.685624e-02  6.319115e-02  3.159558e-02  2.369668e-02  1.000000e-50  2.527646e-02 
4.605263e-02  1.000000e-50  2.236842e-01  5.921053e-02  6.578947e-03  1.447368e-01  3.289474e-02  1.000000e-50  5.263158e-02  3.289474e-02  1.000000e-50  2.697368e-01  1.000000e-50  1.973684e-02  5.921053e-02  5.263158e-02  1.000000e-50  1.000000e-50  1.000000e-50  1.000000e-50 
1.027052e-01  1.000000e-50  1.549748e-01  9.215956e-02  2.109124e-02  2.934434e-02  1.971573e-02  3.117836e-02  1.182944e-01  8.711600e-02  8.253095e-03  2.934434e-02  1.000000e-50  5.226960e-02  6.694177e-02  6.694177e-02  4.539202e-02  4.676754e-02  5.502063e-03  2.200825e-02 
5.367734e-02  1.482800e-02  1.129893e-01  5.604982e-02  2.698695e-02  1.209964e-01  3.736655e-02  1.779359e-03  1.049822e-01  2.520759e-02  1.927639e-02  2.262752e-01  1.000000e-50  4.833926e-02  6.198102e-02  4.181495e-02  5.338078e-03  4.744958e-03  8.896797e-03  2.846975e-02 
1.183523e-01  1.249841e-02  7.601071e-02  1.277898e-01  2.525188e-02  3.583727e-02  1.772733e-02  2.410407e-02  6.899630e-02  8.659610e-02  2.958806e-02  4.961102e-02  9.437572e-03  5.688050e-02  7.473537e-02  6.861370e-02  2.907792e-02  4.323428e-02  1.453896e-02  3.111848e-02 
7.313365e-02  8.058385e-03  5.367189e-02  1.100806e-01  3.998784e-02  3.208150e-02  2.447925e-02  8.027976e-02  6.218641e-02  1.119051e-01  2.645583e-02  2.873651e-02  1.000000e-50  6.005778e-02  5.367189e-02  3.785921e-02  5.321575e-02  9.487608e-02  1.231565e-02  3.694694e-02 
6.211180e-02  1.774623e-02  7.985803e-02  5.057675e-02  1.863354e-02  2.466726e-01  2.750665e-02  3.194321e-02  5.944987e-02  6.211180e-02  1.597161e-02  5.146406e-02  8.873114e-03  3.194321e-02  4.436557e-02  8.784383e-02  5.235138e-02  2.218279e-02  8.873114e-03  1.952085e-02 
1.570596e-01  1.716321e-02  5.667098e-02  8.808290e-02  3.108808e-02  3.821244e-02  2.040155e-02  4.760363e-02  8.678756e-02  1.084845e-01  2.979275e-02  1.457254e-02  1.262953e-02  3.853627e-02  6.055699e-02  5.116580e-02  4.145078e-02  4.825130e-02  2.072539e-02  3.076425e-02 
7.658902e-02  1.342282e-02  8.645874e-02  1.192262e-01  2.763522e-02  4.066325e-02  9.474931e-03  3.711015e-02  7.935255e-02  7.737860e-02  1.539676e-02  3.039874e-02  1.429135e-01  2.921437e-02  5.290170e-02  8.251086e-02  1.000000e-50  4.145282e-02  1.776550e-02  2.013423e-02 
2.941176e-02  4.084967e-03  4.248366e-02  3.676471e-02  1.307190e-02  6.315359e-01  1.879085e-02  9.803922e-03  2.941176e-02  3.186275e-02  7.352941e-03  2.124183e-02  1.000000e-50  1.388889e-02  1.797386e-02  4.248366e-02  1.960784e-02  1.307190e-02  5.718954e-03  1.143791e-02 
4.162487e-02  1.755266e-02  1.000000e-50  6.268806e-02  5.917753e-02  1.000000e-50  2.407222e-02  1.241224e-01  9.369776e-02  1.160147e-01  2.331996e-02  1.245403e-02  1.000000e-50  5.349381e-02  5.934470e-02  2.123036e-02  7.054497e-02  1.584754e-01  1.387496e-02  4.831160e-02 
1.744440e-03  1.000000e-50  1.133886e-02  8.722198e-04  1.000000e-50  9.720890e-01  1.308330e-03  1.000000e-50  8.722198e-04  1.000000e-50  1.000000e-50  1.000000e-50  1.000000e-50  1.000000e-50  3.488879e-03  8.286088e-03  1.000000e-50  1.000000e-50  1.000000e-50  1.000000e-50 
5.995586e-02  2.893575e-02  3.935753e-02  5.272192e-02  5.272192e-02  2.599313e-02  1.692006e-02  9.244728e-02  6.829328e-02  1.434527e-01  2.182442e-02  3.114272e-02  3.163315e-02  2.942619e-02  4.757234e-02  3.065228e-02  4.401667e-02  1.215056e-01  2.292791e-02  3.849926e-02 
8.600469e-02  1.896013e-02  4.495700e-02  9.714621e-02  4.573886e-02  1.778733e-02  1.798280e-02  5.727131e-02  9.265051e-02  1.174746e-01  2.990618e-02  3.987490e-02  1.000000e-50  5.218921e-02  7.388585e-02  5.199375e-02  4.984363e-02  6.157154e-02  1.778733e-02  2.697420e-02 
1.219311e-01  1.258510e-02  8.108108e-02  1.101712e-01  2.372602e-02  5.879926e-02  3.259748e-02  2.228182e-02  7.530431e-02  6.106870e-02  1.444192e-02  4.146895e-02  1.000000e-50  5.095936e-02  5.652981e-02  1.336909e-01  4.951516e-02  1.753662e-02  1.402930e-02  2.228182e-02 
7.589025e-02  1.000000e-50  5.020432e-02  4.378284e-02  3.269119e-02  4.261529e-02  2.101576e-02  1.000000e-50  4.845301e-02  5.020432e-02  9.924110e-03  2.626970e-02  3.730298e-01  2.568593e-02  5.312318e-02  7.180385e-02  1.634559e-02  1.000000e-50  2.685347e-02  3.210741e-02 
4.059829e-02  1.000000e-50  5.555556e-02  1.132479e-01  3.739316e-02  1.000000e-50  2.243590e-02  9.188034e-02  1.143162e-01  9.081197e-02  1.000000e-50  4.273504e-02  1.000000e-50  4.700855e-02  5.341880e-02  1.000000e-50  6.837607e-02  1.239316e-01  2.991453e-02  6.837607e-02 
1.000000e-50  3.594771e-02  4.248366e-02  8.496732e-02  5.555556e-02  5.163399e-01  2.941176e-02  1.000000e-50  9.803922e-03  1.000000e-50  1.000000e-50  1.568627e-01  1.000000e-50  1.000000e-50  1.000000e-50  4.901961e-02  1.960784e-02  1.000000e-50  1.000000e-50  1.000000e-50 
1.668255e-03  1.000000e-50  1.000000e-50  1.000000e-50  1.000000e-50  9.947569e-01  1.000000e-50  1.000000e-50  1.000000e-50  1.000000e-50  3.098189e-03  4.766444e-04  1.000000e-50  1.000000e-50  1.000000e-50  1.000000e-50  1.000000e-50  1.000000e-50  1.000000e-50  1.000000e-50 
2.515425e-02  1.874703e-02  1.207879e-01  1.495017e-02  1.000000e-50  2.097769e-01  1.471286e-02  1.000000e-50  1.732321e-02  2.159468e-02  2.135738e-03  6.620788e-02  1.000000e-50  2.254390e-02  2.467964e-02  2.425249e-01  1.924537e-01  4.746084e-04  1.000000e-50  5.932606e-03 
7.802548e-02  1.719745e-02  3.057325e-02  8.216561e-02  6.114650e-02  5.541401e-02  1.687898e-02  9.235669e-02  6.464968e-02  1.557325e-01  2.165605e-02  1.000000e-50  5.095541e-03  4.968153e-02  5.063694e-02  2.452229e-02  3.503185e-02  8.025478e-02  2.388535e-02  5.509554e-02 
6.813187e-02  5.274725e-02  5.494505e-02  1.098901e-01  4.175824e-02  8.791209e-02  2.637363e-02  3.076923e-02  6.373626e-02  9.890110e-02  1.000000e-50  8.791209e-02  6.593407e-03  1.000000e-50  5.274725e-02  9.450549e-02  5.714286e-02  5.274725e-02  1.000000e-50  1.318681e-02 
3.704151e-02  3.583494e-02  2.118726e-01  5.803571e-02  3.390444e-02  1.484073e-02  2.859556e-02  2.847490e-02  3.933398e-02  6.008687e-02  1.520270e-02  1.334459e-01  5.610521e-02  2.594112e-02  4.307432e-02  7.203185e-02  2.352799e-02  3.680019e-02  1.652992e-02  2.931950e-02 
5.457464e-02  2.086677e-02  1.171750e-01  3.370787e-02  6.581059e-02  1.573034e-01  5.136437e-02  1.000000e-50  5.457464e-02  5.136437e-02  1.000000e-50  1.701445e-01  1.000000e-50  3.531300e-02  4.654896e-02  4.333868e-02  3.210273e-02  1.000000e-50  3.210273e-02  3.370787e-02 
1.367652e-01  1.272763e-02  4.400693e-02  8.642291e-02  4.102389e-02  3.210318e-02  1.934714e-02  6.798489e-02  6.807012e-02  1.273900e-01  2.931901e-02  2.849513e-02  5.681980e-05  4.869457e-02  6.184835e-02  3.522827e-02  4.020001e-02  7.162135e-02  1.500043e-02  3.369414e-02 
3.103448e-02  1.000000e-50  2.034483e-01  5.172414e-02  1.000000e-50  9.655172e-02  3.103448e-02  1.000000e-50  2.413793e-02  2.068966e-02  1.000000e-50  3.655172e-01  1.000000e-50  6.896552e-02  3.793103e-02  6.896552e-02  1.000000e-50  1.000000e-50  1.000000e-50  1.000000e-50 
3.914328e-02  8.124077e-03  1.000000e-50  1.624815e-02  1.000000e-50  2.880355e-02  2.584934e-02  1.000000e-50  7.385524e-03  1.000000e-50  1.000000e-50  2.289513e-02  7.001477e-01  3.692762e-03  1.000000e-50  7.163959e-02  7.237814e-02  3.692762e-03  1.000000e-50  1.000000e-50 
2.891354e-02  1.335320e-02  8.276775e-03  3.972852e-02  4.938476e-02  5.241958e-03  1.914694e-02  1.767919e-01  3.939745e-02  1.366220e-01  1.914694e-02  1.340838e-02  1.000000e-50  2.455443e-02  4.188048e-02  1.920212e-02  7.404955e-02  2.297081e-01  1.456712e-02  4.662583e-02 
6.143498e-02  4.394619e-02  2.134529e-01  4.798206e-02  5.695067e-02  8.071749e-03  5.874439e-02  1.000000e-50  3.946188e-02  7.219731e-02  2.062780e-02  1.488789e-01  1.000000e-50  3.587444e-02  4.215247e-02  6.816143e-02  1.883408e-02  1.000000e-50  8.968610e-03  5.426009e-02 
1.619512e-01  1.268293e-02  2.536585e-02  5.658537e-02  1.853659e-02  1.756098e-02  2.341463e-02  2.536585e-02  7.609756e-02  2.468293e-01  3.121951e-02  3.219512e-02  1.000000e-50  2.341463e-02  7.121951e-02  7.707317e-02  4.097561e-02  2.926829e-02  1.073171e-02  1.951220e-02 
7.350234e-02  1.000000e-50  1.996884e-02  4.673559e-02  1.062172e-02  7.647642e-03  9.630364e-03  4.815182e-03  4.631072e-02  1.600340e-02  5.381674e-03  7.506019e-03  6.605297e-01  8.355757e-03  2.407591e-02  3.285654e-02  8.355757e-03  1.005523e-02  1.000000e-50  7.647642e-03 
2.431835e-02  2.800295e-02  2.726603e-02  3.537214e-02  1.156964e-01  1.400147e-02  7.000737e-02  3.316139e-02  3.905674e-02  1.068534e-01  1.842299e-02  8.621960e-02  1.000000e-50  2.800295e-02  3.021371e-02  5.453206e-02  1.230656e-01  5.895357e-02  1.000000e-50  1.068534e-01 
9.512761e-02  2.320186e-02  6.496520e-02  3.248260e-02  1.624130e-02  1.252900e-01  3.248260e-02  4.640371e-02  2.784223e-02  1.461717e-01  3.016241e-02  3.248260e-02  1.000000e-50  9.280742e-03  3.016241e-02  5.800464e-02  9.048724e-02  1.136891e-01  1.392111e-02  1.160093e-02 
8.333333e-02  1.000000e-50  4.807692e-02  7.371795e-02  4.059829e-02  1.655983e-01  3.739316e-02  1.709402e-02  9.935897e-02  1.000000e-50  1.175214e-02  1.000000e-50  8.226496e-02  3.952991e-02  6.089744e-02  7.905983e-02  7.585470e-02  3.846154e-02  1.175214e-02  3.525641e-02 
2.032750e-02  3.387916e-03  2.766798e-02  9.599097e-03  6.775833e-03  8.396386e-01  2.258611e-03  1.000000e-50  1.298701e-02  6.775833e-03  2.823264e-03  1.693958e-02  1.000000e-50  5.646527e-03  9.034444e-03  2.766798e-02  2.258611e-03  1.693958e-03  2.258611e-03  2.258611e-03 
3.997595e-02  2.870454e-02  6.281936e-02  6.342050e-02  3.787196e-02  2.103998e-02  2.629997e-02  4.929366e-02  9.437932e-02  7.980162e-02  1.728284e-02  4.388338e-02  1.000000e-50  4.553652e-02  6.492335e-02  7.769763e-02  1.399158e-01  5.755936e-02  1.412684e-02  3.546739e-02 
3.360688e-02  1.660805e-02  1.232903e-01  3.380227e-02  5.959359e-02  5.509965e-02  4.669793e-02  2.657288e-02  3.399766e-02  7.737397e-02  2.579132e-02  1.484955e-01  1.000000e-50  3.614693e-02  4.943337e-02  4.435326e-02  8.460336e-02  3.243454e-02  2.032044e-02  5.177804e-02 
7.561342e-02  2.904357e-02  2.028042e-01  9.914872e-02  2.353530e-02  4.256385e-02  1.752629e-02  1.000000e-50  5.758638e-02  7.461192e-02  1.802704e-02  9.163746e-02  1.000000e-50  3.304957e-02  3.855784e-02  8.212318e-02  7.561342e-02  1.000000e-50  8.512769e-03  3.004507e-02 
1.020005e-01  1.580637e-02  4.124475e-02  8.965177e-02  2.617930e-02  3.655224e-02  2.716720e-02  6.470734e-02  7.384539e-02  1.145962e-01  2.815510e-02  4.247962e-02  4.124475e-02  4.173870e-02  6.149667e-02  4.322055e-02  4.124475e-02  6.618918e-02  1.037293e-02  3.210669e-02 
1.121097e-01  2.895946e-02  2.350043e-02  4.946408e-02  8.321683e-02  4.500366e-02  2.869316e-02  3.694827e-02  4.933094e-02  4.320618e-02  2.423274e-02  2.050463e-02  1.000000e-50  3.634911e-02  5.825178e-02  9.739698e-02  9.120565e-02  7.422941e-02  2.290127e-02  7.449571e-02 
7.852883e-02  2.567926e-02  7.471836e-02  4.986746e-02  3.926441e-02  3.909874e-02  4.025845e-02  7.952286e-03  3.495693e-02  1.027170e-02  1.176276e-02  7.306163e-02  1.656726e-04  2.915838e-02  4.671968e-02  1.891981e-01  1.771040e-01  2.021206e-02  1.325381e-02  3.876740e-02 
9.147643e-02  4.105764e-03  5.222532e-02  8.572836e-02  2.841189e-02  3.481688e-02  1.625883e-02  4.450649e-02  5.337494e-02  8.145837e-02  1.510921e-02  2.036459e-02  2.089013e-01  3.054689e-02  4.040072e-02  5.107571e-02  3.350304e-02  5.436032e-02  2.364920e-02  2.972573e-02 
6.053269e-02  1.049233e-02  5.004036e-02  4.923325e-02  2.744149e-02  1.452785e-02  2.340597e-02  1.073446e-01  6.214689e-02  1.517353e-01  2.017756e-02  2.986279e-02  1.129944e-02  3.066990e-02  4.681195e-02  5.649718e-02  6.295400e-02  1.573850e-01  8.878128e-03  1.856336e-02 
1.447277e-01  2.213210e-02  4.947856e-02  6.326767e-02  4.600232e-02  2.804171e-02  2.178447e-02  4.600232e-02  5.689455e-02  1.276941e-01  3.348783e-02  2.491309e-02  1.000000e-50  4.553882e-02  5.411356e-02  6.176130e-02  5.225956e-02  6.210892e-02  2.027810e-02  3.951333e-02 
1.569579e-01  1.294498e-02  2.750809e-02  6.634304e-02  3.074434e-02  3.236246e-02  2.669903e-02  1.537217e-02  6.957929e-02  1.601942e-01  3.883495e-02  6.553398e-02  1.000000e-50  5.906149e-02  7.686084e-02  5.582524e-02  3.317152e-02  3.155340e-02  7.281553e-03  3.317152e-02 
1.852325e-01  6.131834e-03  4.828820e-02  8.993357e-02  1.762902e-02  3.270312e-02  1.073071e-02  4.036791e-02  1.009198e-01  1.389882e-01  3.346960e-02  4.113439e-02  1.000000e-50  6.004088e-02  8.252427e-02  6.566173e-02  2.222790e-02  1.000000e-50  7.409300e-03  1.660705e-02 
5.803109e-02  2.331606e-02  1.538860e-01  4.274611e-02  5.310881e-02  2.357513e-02  5.544041e-02  2.357513e-02  5.181347e-02  4.792746e-02  2.020725e-02  1.538860e-01  1.000000e-50  3.316062e-02  5.647668e-02  6.502591e-02  3.704663e-02  2.849741e-02  1.269430e-02  5.958549e-02 
7.033639e-02  5.776419e-03  2.446483e-02  5.028882e-02  1.529052e-02  1.461094e-02  9.514101e-03  2.378525e-02  4.587156e-02  2.548420e-02  7.135576e-03  1.698947e-02  4.831804e-01  9.514101e-03  2.820251e-02  6.116208e-02  2.276589e-02  5.878355e-02  1.155284e-02  1.529052e-02 


#DOUBLE_50x3_DISCRETE_SS_EMISSION
1.000000e-50  3.225806e-03  9.967742e-01 
1.874163e-02  1.000000e-50  9.812584e-01 
1.000000e-50  1.000000e-50  1.000000e+00 
1.000000e-50  9.000000e-01  1.000000e-01 
1.000000e-50  1.000000e-50  1.000000e+00 
3.572492e-03  5.954153e-03  9.904734e-01 
1.000000e+00  1.000000e-50  1.000000e-50 
1.000000e+00  1.000000e-50  1.000000e-50 
6.140351e-03  1.842105e-02  9.754386e-01 
1.000000e-50  1.287001e-03  9.987130e-01 
1.000000e-50  1.000000e-50  1.000000e+00 
1.000000e-50  9.038620e-03  9.909614e-01 
1.000000e-50  1.000000e-50  1.000000e+00 
1.000000e-50  4.880107e-01  5.119893e-01 
1.000000e-50  1.000000e+00  1.000000e-50 
9.990267e-01  1.000000e-50  9.733307e-04 
1.000000e-50  1.000000e-50  1.000000e+00 
1.000000e-50  1.000000e+00  1.000000e-50 
2.656748e-02  1.000000e-50  9.734325e-01 
1.307190e-02  1.000000e-50  9.869281e-01 
1.000000e-50  5.692600e-03  9.943074e-01 
1.000000e-50  3.515809e-02  9.648419e-01 
1.000000e+00  1.000000e-50  1.000000e-50 
8.071749e-02  1.000000e-50  9.192825e-01 
1.817081e-03  1.000000e-50  9.981829e-01 
1.000000e-50  1.000000e-50  1.000000e+00 
1.000000e+00  1.000000e-50  1.000000e-50 
1.000000e-50  3.401361e-03  9.965986e-01 
2.204262e-03  1.469508e-02  9.831007e-01 
1.000000e-50  1.000000e+00  1.000000e-50 
1.000000e-50  9.676131e-01  3.238687e-02 
9.970646e-01  1.000000e-50  2.935421e-03 
1.000000e-50  5.533485e-03  9.944665e-01 
1.000000e+00  1.000000e-50  1.000000e-50 
1.000000e-50  4.315068e-01  5.684932e-01 
2.950474e-02  1.000000e-50  9.704953e-01 
4.369748e-02  1.400560e-02  9.422969e-01 
1.000000e-50  1.000000e-50  1.000000e+00 
1.000000e-50  6.060606e-03  9.939394e-01 
2.002002e-03  1.000000e-50  9.979980e-01 
9.987651e-01  1.000000e-50  1.234873e-03 
1.000000e-50  9.996666e-01  3.334000e-04 
1.000000e-50  1.000000e-50  1.000000e+00 
1.000000e+00  1.000000e-50  1.000000e-50 
1.000000e-50  9.991935e-01  8.064516e-04 
1.000000e-50  1.000000e-50  1.000000e+00 
1.000000e-50  8.123477e-04  9.991877e-01 
1.000000e+00  1.000000e-50  1.000000e-50 
4.721931e-03  1.000000e-50  9.952781e-01 
1.000000e-50  4.405286e-03  9.955947e-01 


#DOUBLE_50x2_DISCRETE_CIS_EMISSION
1.000000e+00  1.000000e-50 
1.000000e+00  1.000000e-50 
1.000000e+00  1.000000e-50 
1.000000e+00  1.000000e-50 
1.000000e+00  1.000000e-50 
1.000000e+00  1.000000e-50 
1.000000e+00  1.000000e-50 
1.000000e+00  1.000000e-50 
9.982441e-01  1.755926e-03 
1.000000e+00  1.000000e-50 
1.000000e+00  1.000000e-50 
1.000000e+00  1.000000e-50 
1.000000e+00  1.000000e-50 
9.960544e-01  3.945638e-03 
1.000000e+00  1.000000e-50 
1.000000e+00  1.000000e-50 
1.000000e+00  1.000000e-50 
9.941315e-01  5.868545e-03 
1.000000e+00  1.000000e-50 
1.000000e+00  1.000000e-50 
1.000000e+00  1.000000e-50 
1.000000e+00  1.000000e-50 
1.000000e+00  1.000000e-50 
1.000000e+00  1.000000e-50 
9.931557e-01  6.844292e-03 
1.000000e+00  1.000000e-50 
1.000000e+00  1.000000e-50 
1.000000e+00  1.000000e-50 
8.902798e-01  1.097202e-01 
1.000000e+00  1.000000e-50 
1.000000e+00  1.000000e-50 
1.000000e+00  1.000000e-50 
9.598025e-01  4.019746e-02 
1.000000e+00  1.000000e-50 
1.000000e+00  1.000000e-50 
1.000000e+00  1.000000e-50 
1.000000e+00  1.000000e-50 
1.000000e+00  1.000000e-50 
9.980354e-01  1.964637e-03 
1.000000e+00  1.000000e-50 
1.000000e+00  1.000000e-50 
9.997997e-01  2.003071e-04 
1.000000e+00  1.000000e-50 
1.000000e+00  1.000000e-50 
1.000000e+00  1.000000e-50 
1.000000e+00  1.000000e-50 
1.000000e+00  1.000000e-50 
1.000000e+00  1.000000e-50 
1.000000e+00  1.000000e-50 
1.000000e+00  1.000000e-50 


#DOUBLE_50x3_TORUS_TORUS_KAPPA
1.133514e+02  1.153056e+02  4.688691e+01 
3.186961e+01  6.553926e+00  -4.200153e-01 
9.288718e+00  7.233260e+00  2.074156e+00 
7.400235e+01  4.391435e+01  2.096720e+01 
5.807389e+01  5.434988e+01  2.020940e+01 
9.942041e+01  5.465660e+01  2.635721e+01 
1.949231e+02  1.693254e+02  6.416809e+01 
2.782454e+02  1.839685e+02  7.215496e+01 
3.183070e+00  2.215266e+00  -5.078039e-01 
1.011751e+02  8.589263e+01  3.137889e+01 
2.486646e+01  1.489885e+01  4.928424e+00 
2.486589e+00  2.312818e+00  -6.328956e-01 
8.389542e+00  1.124883e+01  1.641954e+00 
2.827038e+00  7.620271e+00  -1.454126e-01 
1.629254e+01  1.179935e+01  -1.597303e+00 
2.160889e+01  1.844021e+01  3.429793e+00 
2.162920e+02  1.347384e+02  6.599752e+01 
4.429037e+01  3.849785e+01  1.027966e+01 
3.566335e+00  1.391385e+01  -2.434248e+00 
1.810758e+01  9.734235e+00  3.185895e+00 
4.616345e+01  3.520009e+01  1.479284e+01 
3.253389e+01  3.058625e+01  1.016226e+01 
5.389006e+01  8.192279e+01  1.425486e+01 
3.253589e+00  5.066032e+00  3.532168e-01 
1.128153e+01  3.049699e+00  -1.776140e+00 
2.023488e+02  1.147000e+02  6.355553e+01 
3.645224e+02  2.816676e+02  1.063140e+02 
2.062916e+02  1.391981e+02  6.392538e+01 
6.999461e+01  4.420018e+01  2.250671e+01 
2.295809e+01  2.489060e+01  2.371917e+00 
5.125817e+00  9.867266e+00  -1.880863e+00 
1.313569e+02  1.323814e+02  5.490529e+01 
6.999831e+01  4.635864e+01  1.997814e+01 
2.390619e+01  3.034235e+01  8.033734e+00 
5.739016e+00  2.225724e+00  -2.999039e-01 
2.933514e+00  2.522949e+00  -2.884688e-01 
3.822064e+01  2.184110e+01  1.189149e+01 
1.253860e+01  1.085959e+01  2.649017e+00 
3.029310e+01  3.037322e+01  8.661942e+00 
3.691166e+01  2.215824e+01  7.036898e+00 
5.140967e+01  3.622341e+01  1.399781e+01 
1.459972e+01  1.824402e+01  1.954174e+00 
9.881101e+00  1.272925e+01  3.591112e-01 
1.958448e+02  1.507026e+02  6.612799e+01 
1.737589e+01  1.749896e+01  4.817117e+00 
4.129011e+01  3.787894e+01  1.162909e+01 
1.124814e+02  1.191443e+02  4.626576e+01 
2.417265e+02  1.441168e+02  6.827064e+01 
1.045751e+01  4.878112e+00  -1.493547e-01 
2.163810e+02  1.438309e+02  7.203428e+01 


#DOUBLE_50x2_TORUS_TORUS_MU
-1.526240e+00  -9.812626e-02 
-1.399045e+00  9.498289e-01 
-1.856081e+00  -2.623869e+00 
9.666492e-01  8.263448e-01 
-1.321883e+00  -5.625679e-01 
9.896397e-01  6.898668e-01 
-1.122778e+00  -6.029800e-01 
-1.239109e+00  -7.329429e-01 
1.133004e+00  1.714454e+00 
-9.936521e-01  -6.503186e-01 
-1.142839e+00  -5.025663e-01 
1.856196e+00  -5.424788e-01 
-1.938732e+00  2.438260e+00 
2.787980e+00  -3.034470e+00 
-1.537581e+00  2.259007e+00 
-1.426966e+00  -5.732658e-01 
-1.149960e+00  -3.106573e-01 
-1.240330e+00  2.505303e+00 
-1.548480e+00  -8.482736e-01 
1.303827e+00  1.446628e-01 
1.499504e+00  9.047840e-02 
-1.422409e+00  2.914222e+00 
-1.078005e+00  -9.409054e-01 
-2.079561e+00  -7.872176e-01 
-1.436819e+00  2.018444e+00 
1.191831e+00  2.172185e-01 
-1.094475e+00  -7.472118e-01 
9.158331e-01  7.223946e-01 
-1.291861e+00  -2.918984e-01 
-2.056000e+00  2.247332e+00 
-1.973113e+00  1.855223e+00 
-1.433624e+00  -2.558220e-01 
-1.126636e+00  2.566820e+00 
-1.823906e+00  -2.126821e-01 
-1.859484e+00  -8.372706e-01 
-1.448164e+00  -1.363041e+00 
1.280892e+00  -2.746207e+00 
-1.813419e+00  -2.994446e-01 
-1.871859e+00  2.676585e-01 
-1.474474e+00  -1.093356e-01 
-9.842661e-01  -6.635328e-01 
-2.415263e+00  2.658765e+00 
-2.481578e+00  2.811903e+00 
-1.000501e+00  -6.795492e-01 
-1.651383e+00  -5.235867e-01 
-1.190526e+00  2.465927e+00 
-1.548566e+00  8.164376e-02 
-1.096939e+00  -5.247557e-01 
-2.346717e+00  1.475974e+00 
-1.024926e+00  -4.505262e-01 


