#DOUBLE_1x55_DISCRETE_HIDDEN_DOMINANT-EIGENVECTOR
1.735138e-02 5.394651e-02 1.047195e-02 5.618325e-02 4.516004e-02 1.987757e-02 1.063044e-02 1.703944e-02 3.898422e-02 7.179849e-02 1.013756e-02 1.579217e-02 9.665695e-03 6.091078e-03 1.181551e-02 9.949229e-03 6.328199e-04 1.137031e-02 3.302363e-02 2.233860e-02 2.682093e-02 3.944793e-05 1.598844e-02 1.961268e-02 1.282528e-02 1.259283e-02 7.747296e-03 2.609582e-02 7.395949e-03 5.308925e-02 2.208538e-02 3.897924e-03 1.470307e-02 8.630129e-03 5.905058e-04 1.131688e-02 1.229942e-02 1.506666e-02 4.931015e-03 1.425490e-02 2.957323e-02 1.469783e-02 4.457207e-02 1.835823e-02 2.304604e-02 4.445050e-03 7.269893e-03 1.131089e-02 1.067787e-02 2.820581e-03 2.571140e-02 8.390760e-03 1.022561e-02 9.744031e-03 1.691280e-02 

#DOUBLE_1x55_DISCRETE_HIDDEN_START
1.000000e-50 2.831492e-02 1.657459e-02 1.284530e-01 1.388122e-01 4.834254e-02 1.000000e-50 8.287293e-03 1.000000e-50 1.000000e-50 1.000000e-50 4.143646e-02 1.000000e-50 1.000000e-50 2.762431e-02 7.596685e-03 9.668508e-03 7.596685e-03 3.660221e-02 6.077348e-02 9.668508e-03 1.000000e-50 1.000000e-50 1.104972e-02 1.000000e-50 4.834254e-02 1.000000e-50 5.179558e-02 4.143646e-03 1.174033e-02 1.000000e-50 1.000000e-50 1.000000e-50 5.524862e-03 1.000000e-50 1.000000e-50 4.834254e-03 5.801105e-02 2.693370e-02 3.453039e-02 2.209945e-02 8.287293e-03 1.312155e-02 4.834254e-03 7.596685e-03 1.000000e-50 8.287293e-03 1.000000e-50 1.000000e-50 1.000000e-50 6.146409e-02 1.000000e-50 1.000000e-50 1.104972e-02 3.660221e-02 

#DOUBLE_1x55_TORUS_TORUS_LOGNORMCONST
1.615086e+02 6.198336e+01 5.422039e+01 1.913488e+01 5.538760e+01 3.934735e+01 3.418761e+01 9.960152e+01 3.105415e+02 1.087007e+03 9.563779e+00 9.374287e+01 4.459431e+01 2.393849e+01 2.482075e+01 1.485867e+02 5.402632e+00 8.888589e+01 5.808588e+01 9.210877e+01 2.669173e+02 1.866704e+01 2.933790e+01 5.136654e+01 6.026886e+01 1.383178e+01 1.340419e+02 2.272607e+02 5.191830e+01 6.789180e+02 4.062505e+01 6.199630e+00 9.976444e+01 2.281865e+02 2.249841e+01 4.158425e+01 1.476217e+02 7.726410e+00 7.003808e+00 1.974590e+01 3.069954e+01 3.819627e+01 5.181701e+02 1.974788e+02 6.282998e+01 1.033112e+02 5.093831e+01 1.358963e+02 3.265960e+01 1.244719e+02 1.926333e+01 2.694869e+01 3.600223e+02 2.558130e+01 4.580283e+01 

#DOUBLE_1x55_TORUS_TORUS_SCALE-ENVELOPE
6.992391e-03 -5.221977e-03 -2.614220e-03 3.499117e-03 -2.417665e-03 -7.640638e-03 -3.278085e-03 6.114474e-03 4.846495e-04 1.975752e-03 2.730591e-04 1.827253e-02 -4.451809e-03 -7.707164e-03 4.511223e-04 -1.413785e-03 2.234830e-03 7.576211e-03 -3.172252e-03 2.462607e-03 7.251007e-03 5.677308e-04 -4.791572e-03 -3.561355e-03 -9.728000e-04 2.236042e-03 4.365193e-03 4.083920e-03 -3.609181e-03 4.790065e-03 -2.989004e-03 1.344322e-02 9.287366e-04 1.312827e-03 -8.738074e-03 -5.559012e-03 7.315998e-03 1.531276e-05 5.190608e-03 5.552087e-04 -2.108683e-03 -3.592205e-03 2.742139e-03 3.812343e-03 -2.988217e-03 1.102880e-02 4.741889e-02 2.000325e-03 -7.941689e-03 3.969168e-03 7.793594e-06 -1.502412e-02 6.345544e-03 3.658724e-03 2.410775e-03 

#DOUBLE_55x20_DISCRETE_AA_EMISSION
9.488108e-02 1.577042e-02 1.047053e-01 1.005688e-01 2.973113e-02 4.033092e-02 2.585315e-02 8.531541e-03 7.859359e-02 1.031541e-01 1.938987e-02 3.671148e-02 1.000000e-50 5.920372e-02 5.196484e-02 1.266805e-01 5.584281e-02 6.204757e-03 1.344364e-02 2.843847e-02 
3.223954e-02 1.410993e-02 1.156686e-02 3.625923e-02 4.946678e-02 9.351928e-03 1.911403e-02 1.904840e-01 3.502871e-02 1.508614e-01 1.853979e-02 1.624282e-02 1.000000e-50 1.706317e-02 3.576702e-02 1.616079e-02 6.546349e-02 2.221493e-01 1.591468e-02 4.421657e-02 
7.025663e-02 8.834666e-03 1.653345e-01 5.763568e-02 4.122844e-02 3.618006e-02 2.776609e-02 1.935212e-02 4.753891e-02 6.983593e-02 1.556584e-02 1.220025e-01 1.337821e-01 3.197308e-02 4.291123e-02 4.291123e-02 1.893143e-02 1.851073e-02 8.413967e-03 2.103492e-02 
3.576775e-02 1.780509e-02 7.563224e-03 6.389348e-02 5.798472e-02 2.914993e-03 2.513196e-02 1.256598e-01 8.524384e-02 1.055700e-01 2.347751e-02 2.032616e-02 1.000000e-50 5.467581e-02 5.806350e-02 2.261089e-02 6.917198e-02 1.618215e-01 1.520523e-02 4.711258e-02 
1.390541e-01 2.574354e-02 4.592882e-02 6.279863e-02 4.875670e-02 2.925402e-02 2.252560e-02 3.881034e-02 5.431497e-02 1.375914e-01 3.286202e-02 2.886397e-02 2.340322e-03 4.368601e-02 5.372989e-02 6.991711e-02 5.577767e-02 4.865919e-02 1.960020e-02 3.978547e-02 
6.305704e-02 1.804813e-02 3.297683e-02 6.394831e-02 7.107843e-02 4.545455e-02 2.161319e-02 3.297683e-02 9.647950e-02 1.009358e-01 1.693405e-02 3.431373e-02 1.000000e-50 5.369875e-02 6.327986e-02 6.483957e-02 8.511586e-02 3.943850e-02 3.342246e-02 6.238859e-02 
3.849372e-02 2.092050e-02 3.096234e-02 5.397490e-02 8.410042e-02 1.924686e-02 4.644351e-02 5.230126e-02 5.230126e-02 1.205021e-01 2.887029e-02 6.903766e-02 1.000000e-50 3.263598e-02 4.602510e-02 5.313808e-02 1.046025e-01 5.606695e-02 1.255230e-02 7.782427e-02 
2.640435e-02 5.695056e-03 2.065752e-01 4.323065e-02 5.539736e-02 5.850375e-02 4.193632e-02 1.682630e-02 3.184054e-02 5.850375e-02 1.501424e-02 1.749935e-01 1.000000e-50 3.442920e-02 3.805333e-02 4.400725e-02 5.539736e-02 1.604970e-02 1.812063e-02 5.902149e-02 
1.049313e-01 1.182166e-02 9.457329e-02 1.548075e-01 2.263004e-02 5.426706e-02 2.578248e-02 2.049088e-02 6.687683e-02 5.843279e-02 2.499437e-02 4.976357e-02 1.000000e-50 6.023418e-02 6.304886e-02 6.271110e-02 4.706147e-02 3.704121e-02 1.182166e-02 2.870975e-02 
1.573915e-01 1.090954e-02 4.075754e-02 9.248590e-02 3.499632e-02 3.597696e-02 1.795783e-02 6.913459e-02 6.882814e-02 1.171856e-01 3.015445e-02 2.880608e-02 1.000000e-50 5.283158e-02 6.141211e-02 3.708017e-02 3.940917e-02 6.680559e-02 1.379014e-02 2.408679e-02 
1.762891e-03 1.000000e-50 1.762891e-03 1.322168e-03 1.000000e-50 9.903041e-01 3.085059e-03 1.000000e-50 1.000000e-50 1.000000e-50 1.000000e-50 1.000000e-50 1.000000e-50 1.000000e-50 1.762891e-03 1.000000e-50 1.000000e-50 1.000000e-50 1.000000e-50 1.000000e-50 
8.736264e-02 9.340659e-03 5.302198e-02 6.098901e-02 1.813187e-02 2.527473e-02 2.115385e-02 2.362637e-02 6.318681e-02 5.467033e-02 1.318681e-02 2.582418e-02 2.634615e-01 2.582418e-02 3.956044e-02 8.873626e-02 6.208791e-02 4.587912e-02 8.516484e-03 1.016484e-02 
1.000000e-50 1.870033e-03 1.000000e-50 1.000000e-50 1.000000e-50 9.981300e-01 1.000000e-50 1.000000e-50 1.000000e-50 1.000000e-50 1.000000e-50 1.000000e-50 1.000000e-50 1.000000e-50 1.000000e-50 1.000000e-50 1.000000e-50 1.000000e-50 1.000000e-50 1.000000e-50 
6.573117e-02 1.033973e-02 5.612999e-02 4.948301e-02 2.658789e-02 2.363368e-02 2.363368e-02 1.019202e-01 5.982275e-02 1.499261e-01 2.067947e-02 3.323486e-02 1.000000e-50 2.880355e-02 4.505170e-02 5.834564e-02 6.868538e-02 1.499261e-01 9.601182e-03 1.846381e-02 
7.065824e-03 5.392339e-02 4.395686e-01 3.012272e-02 6.322053e-03 1.000000e-50 2.491633e-02 4.462626e-03 1.450353e-02 1.004091e-02 1.000000e-50 2.409818e-01 1.000000e-50 1.190033e-02 2.305690e-02 8.962440e-02 3.346969e-03 1.561919e-02 9.669022e-03 1.487542e-02 
1.128812e-01 5.006827e-03 5.143377e-02 9.740555e-02 2.958580e-02 1.000000e-50 3.140646e-02 2.639964e-02 8.784706e-02 3.777879e-02 1.365498e-02 3.140646e-02 1.875284e-01 3.277196e-02 5.234411e-02 6.190259e-02 4.096495e-02 6.417843e-02 5.006827e-03 3.049613e-02 
1.000000e-50 1.000000e-50 5.095541e-02 7.006369e-02 1.000000e-50 5.350318e-01 3.821656e-02 1.000000e-50 2.547771e-02 2.547771e-02 1.000000e-50 5.732484e-02 1.000000e-50 6.369427e-02 1.000000e-50 1.337580e-01 1.000000e-50 1.000000e-50 1.000000e-50 1.000000e-50 
3.913894e-03 1.000000e-50 2.739726e-03 6.262231e-03 6.262231e-03 9.346380e-01 2.739726e-03 1.000000e-50 1.526419e-02 1.000000e-50 2.348337e-03 1.330724e-02 1.000000e-50 1.565558e-03 3.131115e-03 7.436399e-03 3.913894e-04 1.000000e-50 1.000000e-50 1.000000e-50 
6.944444e-02 1.829594e-02 6.009615e-03 5.288462e-02 6.022970e-02 7.077991e-03 2.697650e-02 1.076389e-01 4.046474e-02 7.251603e-02 2.777778e-02 1.282051e-02 1.000000e-50 3.098291e-02 6.343483e-02 4.033120e-02 9.602030e-02 2.009882e-01 1.335470e-02 5.275107e-02 
4.972699e-02 1.000000e-50 2.866615e-02 3.042122e-02 1.000000e-50 7.215289e-03 4.485179e-03 1.000000e-50 3.003120e-02 1.000000e-50 1.000000e-50 1.560062e-03 7.895866e-01 6.240250e-03 1.599064e-02 3.198128e-02 1.000000e-50 4.095164e-03 1.000000e-50 1.000000e-50 
1.069714e-01 1.192250e-02 7.716509e-02 1.010101e-01 2.152674e-02 4.470939e-02 2.930949e-02 2.185792e-02 7.203179e-02 4.537175e-02 1.390959e-02 3.642987e-02 1.132638e-01 3.924491e-02 4.686206e-02 1.177347e-01 4.321908e-02 2.252028e-02 1.589667e-02 1.904289e-02 
1.000000e-50 1.000000e-50 1.000000e-50 1.000000e-50 1.000000e-50 1.000000e-50 1.000000e-50 3.333333e-01 1.000000e-50 3.333333e-01 1.000000e-50 2.222222e-01 1.000000e-50 1.000000e-50 1.111111e-01 1.000000e-50 1.000000e-50 1.000000e-50 1.000000e-50 1.000000e-50 
4.767310e-02 2.724177e-02 4.143019e-02 5.930760e-02 5.760499e-02 5.107832e-03 3.178207e-02 8.399546e-02 7.264472e-02 6.640182e-02 3.093076e-02 3.405221e-02 1.000000e-50 6.328036e-02 6.668558e-02 7.349603e-02 3.603859e-02 1.342225e-01 1.106697e-02 5.703746e-02 
1.859838e-01 2.740341e-02 3.840970e-02 5.076370e-02 1.008535e-01 9.591195e-02 3.391734e-02 5.390836e-03 4.177898e-02 3.099730e-02 1.954178e-02 2.695418e-02 1.000000e-50 2.717880e-02 4.851752e-02 1.271339e-01 3.728661e-02 1.000000e-50 2.987421e-02 7.210243e-02 
7.272727e-02 2.202797e-02 4.020979e-02 9.230769e-02 5.629371e-02 1.678322e-02 2.587413e-02 7.832168e-02 8.706294e-02 1.097902e-01 2.377622e-02 3.041958e-02 1.748252e-03 5.699301e-02 6.468531e-02 4.090909e-02 5.279720e-02 7.027972e-02 1.783217e-02 3.916084e-02 
6.103764e-02 2.712784e-02 4.204815e-02 6.714140e-02 2.678874e-02 7.358427e-02 2.577145e-02 3.831807e-02 8.511360e-02 6.307223e-02 2.204137e-02 2.950153e-02 1.885385e-01 2.102408e-02 5.527297e-02 5.662937e-02 3.017972e-02 3.933537e-02 9.833842e-03 3.763988e-02 
1.533141e-01 1.325648e-02 1.729107e-02 7.146974e-02 2.708934e-02 2.824207e-02 2.536023e-02 1.498559e-02 7.608069e-02 1.850144e-01 3.919308e-02 5.821326e-02 1.000000e-50 5.475504e-02 7.723343e-02 7.204611e-02 2.881844e-02 2.363112e-02 6.916427e-03 2.708934e-02 
8.995426e-02 1.000000e-50 6.810097e-02 1.041843e-01 2.100627e-02 3.388108e-02 2.185329e-02 3.506692e-02 5.437913e-02 5.183805e-02 1.151957e-02 2.574962e-02 2.319160e-01 2.981535e-02 3.676097e-02 6.539048e-02 2.947654e-02 4.523124e-02 1.863459e-02 2.524140e-02 
5.314600e-02 1.000000e-50 1.912034e-01 1.001833e-01 1.588271e-02 1.527184e-02 2.932193e-02 2.748931e-02 1.447770e-01 7.330483e-02 4.886988e-03 2.199145e-02 1.000000e-50 5.620037e-02 7.330483e-02 5.131338e-02 7.513745e-02 4.092853e-02 4.276115e-03 2.138057e-02 
1.418200e-01 1.592278e-02 3.951819e-02 6.971372e-02 3.473311e-02 2.128537e-02 1.452025e-02 5.816352e-02 7.771636e-02 1.636004e-01 3.415560e-02 3.209306e-02 3.300058e-04 5.280092e-02 7.532382e-02 3.184556e-02 2.805049e-02 5.940104e-02 1.732530e-02 3.168055e-02 
6.105644e-02 3.534846e-02 1.887929e-02 3.012653e-02 7.431211e-02 4.800161e-02 2.088773e-02 5.362523e-02 3.133159e-02 7.391042e-02 1.867845e-02 1.687086e-02 1.000000e-50 2.209279e-02 4.398474e-02 9.399478e-02 1.411930e-01 1.092589e-01 1.867845e-02 8.776863e-02 
4.077010e-02 1.000000e-50 5.549264e-02 5.096263e-02 2.038505e-02 5.469989e-01 2.151755e-02 2.604757e-02 3.624009e-02 2.944507e-02 1.000000e-50 3.397508e-02 1.000000e-50 1.000000e-50 2.944507e-02 4.869762e-02 2.378256e-02 1.472254e-02 1.132503e-02 1.019253e-02 
1.408200e-01 9.803922e-03 4.248366e-02 1.016043e-01 2.346999e-02 2.109329e-02 1.188354e-02 2.614379e-02 1.128936e-01 1.473559e-01 2.911468e-02 3.357100e-02 1.000000e-50 5.822935e-02 9.239453e-02 6.001188e-02 2.257873e-02 3.505645e-02 1.188354e-02 1.960784e-02 
1.043297e-01 1.669275e-02 2.399583e-02 5.477308e-02 5.268649e-02 5.529473e-02 1.000000e-50 5.477308e-02 6.990089e-02 1.460616e-01 2.190923e-02 1.512780e-02 4.329682e-02 2.921231e-02 4.121022e-02 2.869066e-02 4.225352e-02 9.963485e-02 3.808033e-02 6.207616e-02 
1.000000e-50 1.000000e-50 2.031250e-01 1.000000e-50 1.953125e-01 7.031250e-02 1.000000e-50 1.000000e-50 7.031250e-02 1.000000e-50 1.000000e-50 1.328125e-01 1.000000e-50 2.343750e-02 3.906250e-02 2.343750e-01 1.000000e-50 3.125000e-02 1.000000e-50 1.000000e-50 
6.896552e-02 3.051922e-02 6.698375e-02 5.311138e-02 4.122077e-02 4.478795e-02 1.000000e-50 6.341657e-03 5.984939e-02 7.649623e-02 1.268331e-02 3.884265e-02 2.386048e-01 2.853746e-02 5.350773e-02 7.292905e-02 4.399524e-02 1.000000e-50 2.457392e-02 3.804994e-02 
5.186267e-02 1.241782e-02 1.194302e-01 5.989774e-02 2.629657e-02 7.012418e-02 3.615778e-02 1.826150e-03 1.066472e-01 3.067933e-02 1.716581e-02 2.468955e-01 1.000000e-50 5.880205e-02 6.829803e-02 4.565376e-02 4.017531e-03 3.652301e-03 1.241782e-02 2.775749e-02 
6.379310e-02 2.385057e-02 6.034483e-02 6.666667e-02 4.367816e-02 1.045977e-01 2.902299e-02 3.879310e-02 7.155172e-02 7.500000e-02 1.867816e-02 4.109195e-02 1.000000e-50 3.936782e-02 4.454023e-02 8.333333e-02 7.844828e-02 7.011494e-02 1.465517e-02 3.247126e-02 
6.598115e-02 2.142245e-02 7.540703e-02 4.627249e-02 1.885176e-02 2.930591e-01 2.999143e-02 2.227935e-02 6.512425e-02 5.141388e-02 1.628106e-02 5.055698e-02 5.998286e-03 3.856041e-02 4.370180e-02 6.512425e-02 4.798629e-02 2.399314e-02 1.000000e-50 1.799486e-02 
6.787469e-02 2.518428e-02 1.440418e-01 4.330467e-02 5.896806e-02 2.027027e-02 5.804668e-02 2.487715e-02 5.251843e-02 5.251843e-02 1.934889e-02 1.437346e-01 1.000000e-50 3.501229e-02 6.019656e-02 6.019656e-02 3.470516e-02 2.764128e-02 1.382064e-02 5.773956e-02 
4.070903e-02 2.929247e-02 7.315608e-02 5.047319e-02 4.371338e-02 3.079465e-02 3.049422e-02 3.635271e-02 6.654649e-02 8.261980e-02 2.133093e-02 7.931501e-02 2.553703e-03 4.296230e-02 6.068800e-02 6.774823e-02 1.442091e-01 4.010816e-02 1.637374e-02 4.055881e-02 
5.704799e-02 2.354362e-02 2.565650e-02 4.105041e-02 3.410806e-02 1.237549e-02 2.626019e-02 1.243586e-01 5.523695e-02 1.400543e-01 2.082704e-02 1.629943e-02 8.391186e-02 2.444914e-02 3.531542e-02 2.595835e-02 3.652279e-02 1.808029e-01 1.539390e-02 2.082704e-02 
8.059643e-02 1.091512e-02 3.050385e-02 6.207972e-02 6.617289e-02 2.036839e-02 2.524120e-02 1.080791e-01 5.545268e-02 1.366339e-01 2.796998e-02 1.724978e-02 1.000000e-50 3.937238e-02 5.057987e-02 2.680051e-02 5.116460e-02 1.146087e-01 1.617776e-02 6.003314e-02 
1.184308e-01 8.882309e-03 4.095732e-02 7.081174e-02 2.640020e-02 3.034789e-02 1.011596e-02 3.923020e-02 6.291636e-02 8.043425e-02 1.801135e-02 1.455712e-02 2.262522e-01 2.788058e-02 5.428078e-02 4.687886e-02 2.417962e-02 5.526770e-02 1.825808e-02 2.590674e-02 
9.696149e-02 1.664409e-02 3.754596e-02 9.038127e-02 4.006193e-02 4.141668e-02 2.245016e-02 7.470486e-02 5.941552e-02 1.499903e-01 2.535320e-02 2.341784e-02 1.296691e-02 4.741630e-02 6.115734e-02 3.503000e-02 4.122315e-02 6.909232e-02 1.741823e-02 3.735243e-02 
5.566802e-02 2.226721e-02 1.174089e-01 3.542510e-02 5.364372e-02 2.408907e-01 4.554656e-02 2.024291e-03 3.744939e-02 3.643725e-02 2.226721e-02 1.629555e-01 1.000000e-50 1.518219e-02 3.238866e-02 3.542510e-02 2.834008e-02 3.036437e-03 2.024291e-02 3.340081e-02 
1.885645e-02 3.649635e-03 2.676399e-02 9.732360e-03 4.866180e-03 8.424574e-01 1.000000e-50 1.000000e-50 1.399027e-02 9.124088e-03 3.649635e-03 1.581509e-02 1.000000e-50 6.690998e-03 7.907543e-03 2.858881e-02 1.000000e-50 1.824818e-03 2.433090e-03 3.649635e-03 
1.036949e-01 1.668653e-02 7.310290e-02 1.370679e-01 2.741359e-02 4.370282e-02 1.390544e-02 4.926500e-02 7.667859e-02 9.773540e-02 2.900278e-02 5.204609e-02 1.000000e-50 5.442988e-02 7.747318e-02 6.952721e-02 3.615415e-02 4.211363e-02 1.000000e-50 1.000000e-50 
4.640657e-02 2.915811e-02 1.535934e-01 3.983573e-02 6.406571e-02 1.000000e-50 3.655031e-02 9.322382e-02 3.531828e-02 1.264887e-01 2.176591e-02 9.815195e-02 1.000000e-50 2.751540e-02 3.778234e-02 1.000000e-50 1.478439e-02 1.104723e-01 1.848049e-02 4.640657e-02 
4.265403e-02 1.737757e-02 1.642970e-01 5.845182e-02 1.105845e-02 1.153239e-01 3.949447e-02 4.739336e-03 5.055292e-02 2.211690e-02 6.319115e-03 2.938389e-01 1.000000e-50 4.581359e-02 4.739336e-02 6.161137e-02 1.000000e-50 1.000000e-50 1.579779e-03 1.737757e-02 
7.960369e-02 2.289033e-02 8.472839e-02 4.407243e-02 3.792279e-02 4.390161e-02 4.202255e-02 1.000000e-50 3.416467e-02 8.370345e-03 1.024940e-02 7.687052e-02 1.000000e-50 2.545268e-02 4.646396e-02 2.043047e-01 1.788521e-01 8.199522e-03 1.298258e-02 3.894773e-02 
6.765328e-02 2.484144e-02 5.391121e-02 1.014799e-01 3.805497e-02 1.797040e-02 2.801268e-02 8.350951e-02 9.936575e-02 1.094080e-01 1.744186e-02 2.378436e-02 1.000000e-50 3.752643e-02 5.073996e-02 3.594080e-02 4.915433e-02 9.883721e-02 1.479915e-02 4.756871e-02 
1.962576e-01 6.092254e-03 4.525674e-02 9.355962e-02 1.566580e-02 3.307224e-02 1.000870e-02 2.872063e-02 9.268930e-02 1.261967e-01 3.350740e-02 4.134030e-02 1.000000e-50 5.570061e-02 6.962576e-02 7.832898e-02 2.262837e-02 2.654482e-02 6.092254e-03 1.871192e-02 
9.849521e-02 1.641587e-02 7.250342e-02 1.048792e-01 8.207934e-03 5.927953e-02 1.413589e-02 2.553580e-02 9.074327e-02 6.520748e-02 1.550388e-02 4.240766e-02 1.053352e-01 3.739170e-02 6.064751e-02 7.979936e-02 4.742362e-02 2.644779e-02 9.119927e-03 2.051984e-02 
8.618438e-03 1.358057e-02 1.355445e-01 1.227475e-02 1.000000e-50 2.507182e-01 1.410290e-02 1.000000e-50 1.514756e-02 1.227475e-02 5.223296e-04 7.599896e-02 1.305824e-02 1.253591e-02 1.149125e-02 2.272134e-01 1.893445e-01 1.000000e-50 1.566989e-03 6.006790e-03 

#DOUBLE_55x2_DISCRETE_CIS_EMISSION
1.000000e+00 1.000000e-50 
1.000000e+00 1.000000e-50 
9.878965e-01 1.210351e-02 
1.000000e+00 1.000000e-50 
1.000000e+00 1.000000e-50 
1.000000e+00 1.000000e-50 
1.000000e+00 1.000000e-50 
1.000000e+00 1.000000e-50 
1.000000e+00 1.000000e-50 
1.000000e+00 1.000000e-50 
1.000000e+00 1.000000e-50 
9.631885e-01 3.681151e-02 
1.000000e+00 1.000000e-50 
1.000000e+00 1.000000e-50 
1.000000e+00 1.000000e-50 
1.000000e+00 1.000000e-50 
1.000000e+00 1.000000e-50 
1.000000e+00 1.000000e-50 
1.000000e+00 1.000000e-50 
9.403895e-01 5.961047e-02 
1.000000e+00 1.000000e-50 
1.000000e+00 1.000000e-50 
1.000000e+00 1.000000e-50 
1.000000e+00 1.000000e-50 
1.000000e+00 1.000000e-50 
1.000000e+00 1.000000e-50 
1.000000e+00 1.000000e-50 
1.000000e+00 1.000000e-50 
1.000000e+00 1.000000e-50 
1.000000e+00 1.000000e-50 
1.000000e+00 1.000000e-50 
1.000000e+00 1.000000e-50 
1.000000e+00 1.000000e-50 
1.000000e+00 1.000000e-50 
1.000000e+00 1.000000e-50 
1.000000e+00 1.000000e-50 
1.000000e+00 1.000000e-50 
1.000000e+00 1.000000e-50 
9.965665e-01 3.433476e-03 
1.000000e+00 1.000000e-50 
9.972940e-01 2.705953e-03 
9.975816e-01 2.418380e-03 
1.000000e+00 1.000000e-50 
1.000000e+00 1.000000e-50 
1.000000e+00 1.000000e-50 
1.000000e+00 1.000000e-50 
9.981651e-01 1.834862e-03 
1.000000e+00 1.000000e-50 
1.000000e+00 1.000000e-50 
1.000000e+00 1.000000e-50 
9.976113e-01 2.388671e-03 
1.000000e+00 1.000000e-50 
1.000000e+00 1.000000e-50 
1.000000e+00 1.000000e-50 
9.968912e-01 3.108808e-03 

#DOUBLE_55x55_DISCRETE_HIDDEN_TRANSITION
1.000000e-50 8.110937e-03 3.244375e-02 1.373626e-01 2.441130e-01 1.000000e-50 1.000000e-50 1.000000e-50 1.000000e-50 1.000000e-50 3.061224e-02 1.000000e-50 4.814233e-02 1.000000e-50 4.578755e-02 1.779173e-02 1.000000e-50 4.421769e-02 1.000000e-50 1.000000e-50 1.000000e-50 1.000000e-50 1.000000e-50 1.000000e-50 1.000000e-50 1.000000e-50 1.000000e-50 1.000000e-50 2.171638e-02 1.000000e-50 1.000000e-50 1.000000e-50 1.000000e-50 4.003140e-02 1.000000e-50 1.000000e-50 5.206698e-02 1.000000e-50 1.000000e-50 4.500262e-02 1.394558e-01 2.878074e-02 1.000000e-50 2.851910e-02 1.648352e-02 1.000000e-50 1.936159e-02 1.000000e-50 1.000000e-50 1.000000e-50 1.000000e-50 1.000000e-50 1.000000e-50 1.000000e-50 1.000000e-50 
1.000000e-50 4.588187e-01 1.073936e-03 1.387856e-02 1.214374e-02 4.039653e-02 1.000000e-50 1.000000e-50 1.000000e-50 1.000000e-50 5.782734e-03 1.000000e-50 1.000000e-50 4.956629e-04 5.287071e-03 1.000000e-50 1.000000e-50 8.261049e-04 1.000000e-50 4.708798e-03 1.000000e-50 1.000000e-50 4.535316e-02 1.000000e-50 1.000000e-50 6.856671e-03 1.000000e-50 1.000000e-50 1.000000e-50 1.000000e-50 1.961999e-01 1.404378e-03 1.000000e-50 1.000000e-50 1.000000e-50 3.510946e-02 5.287071e-03 4.130525e-03 1.000000e-50 6.856671e-03 2.478315e-03 2.494837e-02 1.000000e-50 1.000000e-50 1.000000e-50 1.000000e-50 2.230483e-03 1.000000e-50 1.025196e-01 4.791409e-03 6.939281e-03 1.000000e-50 1.000000e-50 1.000000e-50 1.148286e-02 
1.000000e-50 3.857694e-03 1.714531e-02 1.753108e-01 9.644235e-02 1.371625e-02 1.000000e-50 4.714959e-03 1.328761e-02 7.286755e-03 1.457351e-02 1.800257e-02 1.000000e-50 1.000000e-50 7.286755e-03 9.858551e-03 1.000000e-50 1.000000e-50 1.971710e-02 1.000000e-50 3.000429e-02 1.000000e-50 1.000000e-50 1.671667e-02 1.000000e-50 1.000000e-50 1.000000e-50 3.557651e-02 1.000000e-50 1.000000e-50 1.000000e-50 1.328761e-02 1.000000e-50 4.414916e-02 1.000000e-50 1.000000e-50 1.000000e-50 7.972568e-02 1.885984e-02 2.528933e-02 6.729533e-02 7.715388e-03 1.000000e-50 4.114874e-02 1.200171e-02 4.286327e-03 6.858123e-03 1.000000e-50 1.000000e-50 5.143592e-03 1.710244e-01 1.971710e-02 1.000000e-50 1.000000e-50 1.000000e-50 
1.000000e-50 2.433770e-02 3.383339e-02 1.645388e-01 8.913182e-02 5.082988e-02 1.000000e-50 1.000000e-50 1.000000e-50 1.000000e-50 1.340568e-02 2.697095e-02 3.511012e-03 1.000000e-50 4.971274e-02 4.181296e-02 1.356527e-03 1.994893e-03 1.236834e-02 1.473029e-01 1.000000e-50 1.000000e-50 5.426109e-03 7.261411e-03 1.000000e-50 2.697095e-02 1.000000e-50 1.000000e-50 3.886052e-02 1.000000e-50 1.994893e-03 1.117140e-03 1.000000e-50 5.426109e-03 1.000000e-50 1.000000e-50 1.771465e-02 1.165018e-02 3.032237e-03 1.452282e-02 3.008299e-02 1.627833e-02 1.000000e-50 1.986914e-02 1.000000e-50 1.000000e-50 1.308650e-02 1.000000e-50 3.112033e-03 2.234280e-03 4.085541e-02 1.000000e-50 1.000000e-50 9.735078e-03 6.966167e-02 
1.000000e-50 3.207026e-02 2.733373e-02 1.288731e-01 5.506217e-02 5.456878e-02 1.000000e-50 1.000000e-50 1.000000e-50 1.000000e-50 1.194000e-02 4.825340e-02 6.118019e-03 1.000000e-50 3.789224e-02 3.601737e-02 1.000000e-50 7.006118e-03 2.989935e-02 1.456483e-01 1.000000e-50 1.000000e-50 3.947109e-03 1.134794e-02 1.000000e-50 7.992895e-03 1.000000e-50 8.683639e-03 4.637853e-02 1.000000e-50 1.000000e-50 4.045786e-03 1.000000e-50 7.696862e-03 1.000000e-50 1.000000e-50 2.062364e-02 9.571739e-03 1.000000e-50 9.670416e-03 4.766134e-02 2.348530e-02 1.000000e-50 4.835208e-02 2.565621e-03 7.499507e-03 4.243142e-03 1.000000e-50 3.848431e-03 1.000000e-50 4.657588e-02 1.000000e-50 1.000000e-50 4.539175e-03 6.058812e-02 
1.000000e-50 1.706447e-01 1.000000e-50 1.000000e-50 1.000000e-50 4.773589e-02 1.000000e-50 1.000000e-50 1.000000e-50 1.000000e-50 9.368726e-03 1.000000e-50 1.000000e-50 2.052197e-02 1.000000e-50 1.000000e-50 1.000000e-50 1.000000e-50 3.738568e-01 1.000000e-50 1.000000e-50 1.000000e-50 1.099710e-01 7.851885e-02 1.000000e-50 1.000000e-50 1.000000e-50 1.000000e-50 1.000000e-50 1.000000e-50 6.446576e-02 1.000000e-50 1.000000e-50 1.000000e-50 1.000000e-50 1.000000e-50 1.000000e-50 1.000000e-50 1.000000e-50 1.000000e-50 1.000000e-50 1.166629e-01 1.000000e-50 1.000000e-50 1.000000e-50 1.000000e-50 1.000000e-50 1.000000e-50 3.569039e-03 4.684363e-03 1.000000e-50 1.000000e-50 1.000000e-50 1.000000e-50 1.000000e-50 
1.000000e-50 3.411514e-03 1.023454e-02 8.614072e-02 1.049041e-01 1.000000e-50 6.012793e-02 1.000000e-50 1.000000e-50 1.000000e-50 1.194030e-02 1.000000e-50 1.000000e-50 1.000000e-50 2.601279e-02 1.961620e-02 1.000000e-50 9.594883e-02 7.675906e-03 1.000000e-50 2.089552e-02 1.000000e-50 1.000000e-50 1.000000e-50 2.643923e-02 1.000000e-50 1.000000e-50 6.396588e-03 1.000000e-50 1.000000e-50 1.000000e-50 1.000000e-50 1.000000e-50 4.733475e-02 1.000000e-50 1.000000e-50 7.036247e-02 1.000000e-50 1.000000e-50 7.675906e-02 4.946695e-02 8.102345e-03 1.000000e-50 1.000000e-50 1.000000e-50 6.823028e-03 7.590618e-02 1.000000e-50 1.000000e-50 1.000000e-50 2.132196e-02 1.228145e-01 1.000000e-50 1.918977e-02 2.217484e-02 
2.441558e-02 2.519481e-02 6.753247e-03 1.028571e-01 1.768831e-01 5.610390e-02 1.000000e-50 1.000000e-50 1.000000e-50 7.532468e-03 1.168831e-02 1.662338e-02 4.857143e-02 1.000000e-50 4.701299e-02 2.259740e-02 1.000000e-50 6.883117e-02 5.974026e-03 1.000000e-50 1.974026e-02 1.000000e-50 2.597403e-03 1.000000e-50 1.000000e-50 1.000000e-50 1.000000e-50 2.025974e-02 1.000000e-50 1.000000e-50 1.000000e-50 1.000000e-50 1.000000e-50 3.064935e-02 1.000000e-50 1.000000e-50 6.831169e-02 3.350649e-02 1.000000e-50 2.415584e-02 4.545455e-02 1.000000e-50 1.000000e-50 4.415584e-02 5.974026e-03 1.272727e-02 1.428571e-02 1.000000e-50 1.818182e-03 1.000000e-50 1.000000e-50 1.662338e-02 1.000000e-50 1.000000e-50 3.870130e-02 
1.000000e-50 1.000000e-50 1.000000e-50 1.000000e-50 1.000000e-50 1.000000e-50 1.000000e-50 1.000000e-50 2.907212e-01 1.686138e-01 1.000000e-50 1.000000e-50 1.000000e-50 1.000000e-50 1.000000e-50 1.000000e-50 1.000000e-50 1.000000e-50 1.000000e-50 1.000000e-50 1.000000e-50 1.000000e-50 1.000000e-50 1.000000e-50 3.044260e-02 1.000000e-50 1.000000e-50 1.000000e-50 1.000000e-50 1.000000e-50 1.000000e-50 1.000000e-50 4.762975e-02 1.000000e-50 1.000000e-50 1.000000e-50 1.000000e-50 1.000000e-50 1.000000e-50 1.000000e-50 1.000000e-50 1.000000e-50 4.625927e-01 1.000000e-50 1.000000e-50 1.000000e-50 1.000000e-50 1.000000e-50 1.000000e-50 1.000000e-50 1.000000e-50 1.000000e-50 1.000000e-50 1.000000e-50 1.000000e-50 
1.000000e-50 1.000000e-50 1.000000e-50 1.000000e-50 1.000000e-50 1.000000e-50 1.000000e-50 1.000000e-50 1.000000e-50 6.338831e-01 1.000000e-50 1.000000e-50 1.000000e-50 1.000000e-50 1.000000e-50 1.000000e-50 1.000000e-50 1.000000e-50 1.000000e-50 1.000000e-50 1.000000e-50 1.000000e-50 6.131584e-05 1.000000e-50 1.000000e-50 1.000000e-50 1.000000e-50 1.000000e-50 1.000000e-50 2.793550e-01 1.000000e-50 1.000000e-50 1.000000e-50 1.000000e-50 1.000000e-50 1.000000e-50 1.000000e-50 1.000000e-50 1.000000e-50 1.000000e-50 1.000000e-50 1.000000e-50 5.831136e-02 1.000000e-50 1.000000e-50 1.000000e-50 1.000000e-50 1.000000e-50 1.000000e-50 1.000000e-50 1.000000e-50 1.000000e-50 2.838923e-02 1.000000e-50 1.000000e-50 
1.000000e-50 3.552158e-02 2.248201e-02 6.429856e-02 6.115108e-02 1.074640e-01 1.000000e-50 4.496403e-03 1.000000e-50 1.000000e-50 2.113309e-02 3.776978e-02 1.000000e-50 1.000000e-50 1.000000e-50 3.507194e-02 1.000000e-50 1.000000e-50 1.146583e-01 6.070144e-02 1.663669e-02 1.000000e-50 1.933453e-02 6.115108e-02 1.000000e-50 1.843525e-02 1.000000e-50 1.000000e-50 9.442446e-03 8.992806e-03 1.000000e-50 6.744604e-03 1.000000e-50 1.000000e-50 1.000000e-50 3.057554e-02 1.000000e-50 1.000000e-50 6.294964e-03 1.258993e-02 5.035971e-02 4.946043e-02 3.147482e-03 2.338129e-02 1.000000e-50 1.000000e-50 8.543165e-03 1.000000e-50 4.946043e-03 4.046763e-03 3.956835e-02 1.000000e-50 1.000000e-50 1.573741e-02 4.586331e-02 
1.558152e-02 1.085142e-02 2.643294e-02 1.232610e-01 5.676127e-02 1.558152e-02 1.000000e-50 1.419032e-02 1.000000e-50 1.000000e-50 1.947691e-02 5.843072e-03 5.564830e-03 3.060657e-03 5.258765e-02 1.029494e-02 1.000000e-50 8.625487e-03 1.224263e-02 1.000000e-50 1.000000e-50 1.000000e-50 1.000000e-50 1.836394e-02 1.000000e-50 1.000000e-50 1.000000e-50 1.000000e-50 1.000000e-50 1.000000e-50 1.000000e-50 5.843072e-03 1.000000e-50 6.399555e-03 5.286589e-03 1.000000e-50 2.949360e-02 1.000000e-50 1.000000e-50 6.204786e-02 3.283250e-02 7.234279e-03 1.000000e-50 9.738453e-03 3.338898e-03 1.000000e-50 2.392877e-02 1.000000e-50 1.000000e-50 2.225932e-03 2.454090e-01 1.023929e-01 1.000000e-50 5.230940e-02 1.279911e-02 
2.192164e-02 1.000000e-50 7.929104e-03 1.380597e-01 4.930037e-01 2.751866e-02 1.000000e-50 1.000000e-50 1.000000e-50 1.000000e-50 1.212687e-02 7.929104e-03 2.332090e-03 1.000000e-50 8.861940e-03 1.000000e-50 1.000000e-50 4.197761e-03 1.000000e-50 1.000000e-50 1.445896e-02 1.000000e-50 1.119403e-02 5.130597e-03 1.000000e-50 1.000000e-50 1.000000e-50 1.000000e-50 2.285448e-02 1.865672e-02 1.000000e-50 1.000000e-50 1.000000e-50 1.000000e-50 1.000000e-50 1.000000e-50 1.000000e-50 4.337687e-02 1.000000e-50 6.063433e-03 3.218284e-02 1.725746e-02 1.772388e-02 1.000000e-50 5.597015e-03 1.000000e-50 1.212687e-02 1.000000e-50 5.130597e-03 6.529851e-03 1.352612e-02 1.000000e-50 1.000000e-50 1.000000e-50 4.430970e-02 
1.000000e-50 1.251841e-02 1.000000e-50 1.000000e-50 1.000000e-50 1.000000e-50 1.000000e-50 1.000000e-50 1.000000e-50 1.000000e-50 1.156112e-01 1.000000e-50 1.000000e-50 2.650957e-02 1.000000e-50 1.000000e-50 1.000000e-50 2.945508e-03 1.030928e-01 1.000000e-50 1.000000e-50 1.000000e-50 1.008837e-01 6.082474e-01 1.000000e-50 1.000000e-50 1.000000e-50 1.000000e-50 1.000000e-50 1.000000e-50 1.000000e-50 1.000000e-50 1.000000e-50 1.000000e-50 1.000000e-50 1.000000e-50 1.000000e-50 1.000000e-50 1.000000e-50 1.000000e-50 1.000000e-50 2.430044e-02 1.000000e-50 1.000000e-50 1.000000e-50 1.000000e-50 1.472754e-03 1.000000e-50 1.000000e-50 4.418262e-03 1.000000e-50 1.000000e-50 1.000000e-50 1.000000e-50 1.000000e-50 
1.000000e-50 5.243446e-03 1.000000e-50 3.782772e-02 1.000000e-50 4.119850e-03 1.000000e-50 7.565543e-02 1.000000e-50 1.647940e-02 1.000000e-50 9.063670e-02 4.119850e-03 1.000000e-50 1.000000e-50 1.000000e-50 1.000000e-50 1.000000e-50 1.000000e-50 1.000000e-50 2.071161e-01 1.000000e-50 1.000000e-50 4.868914e-03 1.000000e-50 1.000000e-50 1.000000e-50 2.494382e-01 1.000000e-50 1.000000e-50 1.000000e-50 1.000000e-50 1.000000e-50 3.970037e-02 1.000000e-50 1.000000e-50 5.617978e-03 1.000000e-50 1.000000e-50 2.996255e-03 8.614232e-02 1.000000e-50 1.000000e-50 1.445693e-01 1.760300e-02 1.000000e-50 5.617978e-03 1.000000e-50 1.000000e-50 1.000000e-50 1.000000e-50 2.247191e-03 1.000000e-50 1.000000e-50 1.000000e-50 
1.000000e-50 1.000000e-50 1.000000e-50 4.230423e-02 1.000000e-50 1.000000e-50 1.000000e-50 1.000000e-50 1.000000e-50 1.000000e-50 1.575158e-02 4.545455e-02 4.072907e-01 1.000000e-50 1.000000e-50 1.000000e-50 1.000000e-50 7.515752e-02 1.000000e-50 3.510351e-02 1.000000e-50 1.000000e-50 1.000000e-50 9.900990e-03 1.000000e-50 1.530153e-02 1.000000e-50 3.510351e-02 1.000000e-50 1.000000e-50 1.000000e-50 1.000000e-50 1.000000e-50 1.000000e-50 1.000000e-50 1.000000e-50 3.690369e-02 1.000000e-50 1.000000e-50 8.550855e-03 4.005401e-02 1.000000e-50 1.000000e-50 3.330333e-02 1.000000e-50 1.759676e-01 1.000000e-50 1.000000e-50 1.000000e-50 1.000000e-50 2.385239e-02 1.000000e-50 1.000000e-50 1.000000e-50 1.000000e-50 
1.000000e-50 1.000000e-50 7.482993e-02 1.000000e-50 1.564626e-01 1.000000e-50 1.000000e-50 1.000000e-50 1.000000e-50 1.000000e-50 1.000000e-50 1.000000e-50 1.000000e-50 1.000000e-50 1.000000e-50 1.000000e-50 1.000000e-50 1.000000e-50 1.000000e-50 1.000000e-50 8.163265e-02 1.000000e-50 1.000000e-50 1.000000e-50 1.000000e-50 1.000000e-50 1.000000e-50 6.802721e-02 1.000000e-50 1.000000e-50 1.000000e-50 6.802721e-02 1.000000e-50 1.000000e-50 1.000000e-50 1.000000e-50 1.000000e-50 1.000000e-50 3.469388e-01 1.564626e-01 4.761905e-02 1.000000e-50 1.000000e-50 1.000000e-50 1.000000e-50 1.000000e-50 1.000000e-50 1.000000e-50 1.000000e-50 1.000000e-50 1.000000e-50 1.000000e-50 1.000000e-50 1.000000e-50 1.000000e-50 
2.569170e-02 3.359684e-02 2.490119e-02 3.620553e-01 1.474308e-01 9.802372e-02 1.000000e-50 1.000000e-50 8.695652e-03 1.000000e-50 5.928854e-03 1.897233e-02 7.114625e-03 1.000000e-50 1.739130e-02 4.347826e-03 1.000000e-50 1.000000e-50 2.411067e-02 1.000000e-50 1.462451e-02 1.000000e-50 1.000000e-50 1.000000e-50 1.000000e-50 1.000000e-50 1.000000e-50 1.000000e-50 4.031621e-02 7.509881e-03 1.000000e-50 1.000000e-50 1.000000e-50 1.000000e-50 1.000000e-50 1.000000e-50 9.486166e-03 9.090909e-03 1.000000e-50 1.146245e-02 5.177866e-02 9.090909e-03 1.000000e-50 1.000000e-50 1.000000e-50 1.000000e-50 1.000000e-50 1.000000e-50 7.905138e-03 1.000000e-50 2.292490e-02 1.383399e-02 1.000000e-50 1.000000e-50 2.371542e-02 
1.000000e-50 3.992274e-01 1.000000e-50 2.530971e-03 1.000000e-50 6.154256e-02 1.000000e-50 1.000000e-50 1.000000e-50 1.000000e-50 5.727987e-03 1.000000e-50 1.000000e-50 6.660450e-03 1.864926e-03 1.000000e-50 1.332090e-03 1.000000e-50 2.201945e-01 1.000000e-50 1.000000e-50 1.000000e-50 8.245637e-02 6.620488e-02 1.000000e-50 1.000000e-50 1.000000e-50 1.000000e-50 1.000000e-50 1.000000e-50 4.928733e-02 1.000000e-50 1.000000e-50 1.000000e-50 1.000000e-50 4.728920e-02 1.000000e-50 1.000000e-50 1.000000e-50 1.000000e-50 1.000000e-50 4.848808e-02 1.000000e-50 1.000000e-50 1.000000e-50 1.000000e-50 1.000000e-50 1.000000e-50 1.000000e-50 1.000000e-50 1.000000e-50 1.000000e-50 1.000000e-50 1.000000e-50 7.193286e-03 
1.000000e-50 4.232068e-02 2.205444e-02 1.269621e-01 1.283529e-01 2.463739e-02 1.000000e-50 1.000000e-50 1.000000e-50 1.000000e-50 1.847804e-02 4.589708e-02 7.947546e-03 1.000000e-50 1.430558e-02 5.523545e-02 1.000000e-50 5.165905e-03 4.172462e-02 6.358037e-02 1.271607e-02 1.000000e-50 1.000000e-50 1.629247e-02 1.000000e-50 2.384264e-03 1.000000e-50 2.722035e-02 3.695609e-02 1.000000e-50 1.000000e-50 5.960660e-03 1.000000e-50 4.430757e-02 1.000000e-50 1.000000e-50 1.907411e-02 8.940989e-03 1.000000e-50 9.934433e-03 2.463739e-02 1.092788e-02 1.000000e-50 8.424399e-02 9.537055e-03 1.271607e-02 5.960660e-03 1.000000e-50 3.576396e-03 1.000000e-50 3.079674e-02 1.000000e-50 1.000000e-50 5.165905e-03 3.198887e-02 
3.830104e-01 1.000000e-50 3.808578e-03 7.782745e-03 6.623613e-04 1.000000e-50 1.000000e-50 2.280179e-01 1.000000e-50 1.000000e-50 1.000000e-50 1.000000e-50 1.821494e-03 1.000000e-50 2.815036e-03 1.987084e-03 1.000000e-50 2.980626e-03 1.000000e-50 1.000000e-50 9.140586e-02 1.000000e-50 1.000000e-50 1.000000e-50 1.000000e-50 1.000000e-50 1.000000e-50 1.440636e-02 3.146216e-03 1.000000e-50 1.000000e-50 1.324723e-03 1.000000e-50 1.000000e-50 1.000000e-50 1.000000e-50 1.000000e-50 2.483855e-03 1.000000e-50 1.000000e-50 1.882762e-01 1.000000e-50 1.000000e-50 1.192250e-02 7.782745e-03 1.000000e-50 4.470939e-03 1.000000e-50 1.000000e-50 1.000000e-50 1.000000e-50 3.311807e-02 1.000000e-50 8.776287e-03 1.000000e-50 
1.000000e-50 1.000000e-50 1.000000e-50 3.333333e-01 1.000000e-50 1.000000e-50 1.000000e-50 1.000000e-50 1.000000e-50 1.000000e-50 1.000000e-50 3.333333e-01 1.000000e-50 1.000000e-50 1.000000e-50 1.000000e-50 1.000000e-50 1.000000e-50 1.000000e-50 1.000000e-50 1.000000e-50 1.000000e-50 1.000000e-50 1.000000e-50 1.000000e-50 1.000000e-50 1.000000e-50 1.000000e-50 1.000000e-50 1.000000e-50 1.000000e-50 2.222222e-01 1.000000e-50 1.000000e-50 1.000000e-50 1.000000e-50 1.000000e-50 1.000000e-50 1.000000e-50 1.000000e-50 1.000000e-50 1.000000e-50 1.000000e-50 1.000000e-50 1.000000e-50 1.000000e-50 1.000000e-50 1.000000e-50 1.000000e-50 1.000000e-50 1.000000e-50 1.111111e-01 1.000000e-50 1.000000e-50 1.000000e-50 
1.000000e-50 4.645270e-02 1.914414e-02 2.449324e-02 2.139640e-02 7.122748e-02 1.000000e-50 1.000000e-50 1.000000e-50 1.000000e-50 2.618243e-02 2.702703e-02 2.533784e-03 1.000000e-50 1.000000e-50 4.504505e-03 1.000000e-50 1.000000e-50 1.000000e-50 1.886261e-02 1.000000e-50 1.000000e-50 1.000000e-50 1.000000e-50 1.000000e-50 2.956081e-02 1.000000e-50 1.000000e-50 1.000000e-50 1.000000e-50 8.474099e-02 1.000000e-50 1.000000e-50 1.126126e-03 1.000000e-50 1.573761e-01 1.000000e-50 1.000000e-50 1.000000e-50 1.463964e-02 2.477477e-02 1.317568e-01 1.000000e-50 1.069820e-02 1.000000e-50 1.000000e-50 5.518018e-02 1.000000e-50 9.009009e-02 8.586712e-02 1.463964e-02 1.000000e-50 1.000000e-50 7.601351e-03 3.012387e-02 
1.000000e-50 1.104336e-01 1.000000e-50 1.626016e-02 1.000000e-50 4.471545e-02 1.000000e-50 1.000000e-50 1.000000e-50 1.000000e-50 3.410117e-02 1.151762e-02 1.129178e-03 7.452575e-03 6.775068e-03 4.065041e-03 1.000000e-50 1.000000e-50 2.800361e-01 4.968383e-03 8.581752e-03 1.000000e-50 7.294490e-02 1.556007e-01 1.000000e-50 1.000000e-50 1.000000e-50 1.000000e-50 1.000000e-50 1.000000e-50 8.604336e-02 1.806685e-03 1.000000e-50 1.000000e-50 1.000000e-50 5.871725e-02 1.000000e-50 4.742547e-03 1.000000e-50 4.065041e-03 1.716350e-02 2.755194e-02 1.000000e-50 1.000000e-50 1.000000e-50 1.580849e-03 4.290876e-03 1.000000e-50 8.807588e-03 5.420054e-03 1.219512e-02 1.000000e-50 1.000000e-50 2.032520e-03 7.000903e-03 
1.000000e-50 1.000000e-50 1.205674e-02 1.000000e-50 1.000000e-50 1.000000e-50 2.450355e-01 1.000000e-50 1.000000e-50 1.000000e-50 1.000000e-50 1.000000e-50 1.000000e-50 1.000000e-50 1.000000e-50 1.000000e-50 1.000000e-50 1.000000e-50 1.000000e-50 1.000000e-50 1.000000e-50 1.000000e-50 1.000000e-50 1.000000e-50 3.546099e-04 1.702128e-02 1.000000e-50 1.843972e-02 1.000000e-50 7.375887e-02 1.000000e-50 1.631206e-02 9.042553e-02 6.382979e-03 1.000000e-50 1.000000e-50 1.000000e-50 9.219858e-03 2.127660e-03 4.964539e-03 1.000000e-50 1.000000e-50 2.092199e-02 1.773050e-03 2.450355e-01 1.000000e-50 1.000000e-50 1.067376e-01 1.000000e-50 1.063830e-03 1.000000e-50 1.000000e-50 1.113475e-01 1.702128e-02 1.000000e-50 
1.000000e-50 1.000000e-50 4.028926e-02 5.957300e-02 2.444904e-02 1.000000e-50 1.000000e-50 1.000000e-50 1.000000e-50 1.721763e-03 8.264463e-03 1.928375e-02 1.000000e-50 1.000000e-50 1.000000e-50 1.000000e-50 1.825069e-02 1.893939e-02 1.000000e-50 1.000000e-50 1.000000e-50 1.000000e-50 1.000000e-50 1.446281e-02 1.000000e-50 2.327824e-01 1.000000e-50 1.000000e-50 1.000000e-50 1.000000e-50 1.000000e-50 4.373278e-02 1.000000e-50 1.000000e-50 1.000000e-50 1.000000e-50 1.000000e-50 1.222452e-01 6.852617e-02 6.198347e-02 9.641873e-03 1.000000e-50 1.000000e-50 1.000000e-50 2.685950e-02 1.652893e-02 1.000000e-50 1.000000e-50 9.641873e-03 1.000000e-50 1.036501e-01 1.000000e-50 1.000000e-50 8.023416e-02 1.893939e-02 
1.000000e-50 1.000000e-50 1.000000e-50 1.000000e-50 7.378985e-02 1.000000e-50 1.000000e-50 1.000000e-50 1.000000e-50 1.000000e-50 1.000000e-50 1.000000e-50 1.570248e-01 1.000000e-50 4.191263e-02 1.475797e-02 1.000000e-50 2.715466e-01 1.000000e-50 1.000000e-50 1.000000e-50 1.000000e-50 1.000000e-50 1.000000e-50 1.000000e-50 1.000000e-50 1.000000e-50 1.000000e-50 1.000000e-50 1.000000e-50 1.000000e-50 1.000000e-50 1.000000e-50 1.062574e-02 1.000000e-50 1.000000e-50 2.874852e-01 2.538371e-02 6.493506e-03 1.357733e-02 6.316411e-02 1.000000e-50 1.000000e-50 1.652893e-02 4.132231e-03 1.000000e-50 1.000000e-50 1.000000e-50 1.000000e-50 1.000000e-50 9.445100e-03 1.000000e-50 1.000000e-50 4.132231e-03 1.000000e-50 
1.000000e-50 1.000000e-50 1.000000e-50 1.000000e-50 1.000000e-50 1.000000e-50 1.000000e-50 1.000000e-50 5.701014e-01 8.597973e-02 1.000000e-50 1.000000e-50 1.000000e-50 1.000000e-50 1.000000e-50 1.000000e-50 1.000000e-50 1.000000e-50 1.000000e-50 1.000000e-50 1.000000e-50 3.378378e-04 1.000000e-50 1.000000e-50 3.800676e-02 1.000000e-50 1.000000e-50 1.000000e-50 1.000000e-50 1.000000e-50 1.000000e-50 1.000000e-50 3.547297e-03 1.000000e-50 6.756757e-04 1.000000e-50 1.000000e-50 1.000000e-50 1.000000e-50 1.000000e-50 1.000000e-50 1.000000e-50 1.932432e-01 1.000000e-50 1.655405e-02 1.000000e-50 1.000000e-50 9.155405e-02 1.000000e-50 1.000000e-50 1.000000e-50 1.000000e-50 1.000000e-50 1.000000e-50 1.000000e-50 
1.000000e-50 9.762050e-03 4.881025e-03 3.489933e-01 9.762050e-03 7.931666e-03 1.000000e-50 1.000000e-50 1.000000e-50 1.000000e-50 2.440513e-02 1.000000e-50 1.000000e-50 1.000000e-50 5.674192e-02 1.000000e-50 1.000000e-50 1.000000e-50 3.227578e-01 1.000000e-50 1.000000e-50 1.000000e-50 1.000000e-50 1.470409e-01 4.270897e-03 1.000000e-50 1.220256e-03 1.000000e-50 4.881025e-03 1.000000e-50 1.000000e-50 1.000000e-50 1.000000e-50 1.000000e-50 1.000000e-50 1.000000e-50 1.000000e-50 1.000000e-50 1.000000e-50 4.453935e-02 1.000000e-50 1.000000e-50 1.000000e-50 1.000000e-50 1.000000e-50 1.000000e-50 4.270897e-03 1.000000e-50 7.321538e-03 1.000000e-50 1.000000e-50 1.000000e-50 1.000000e-50 1.000000e-50 1.220256e-03 
1.000000e-50 1.000000e-50 1.000000e-50 1.000000e-50 1.000000e-50 1.000000e-50 1.648533e-03 1.000000e-50 2.250247e-01 1.372404e-01 1.000000e-50 1.000000e-50 1.000000e-50 1.000000e-50 1.000000e-50 1.000000e-50 1.000000e-50 1.000000e-50 1.000000e-50 1.000000e-50 1.178701e-02 5.769865e-04 1.000000e-50 1.000000e-50 7.830531e-03 1.000000e-50 3.478404e-02 1.000000e-50 1.000000e-50 6.214969e-02 1.000000e-50 1.000000e-50 1.274316e-01 1.000000e-50 1.000000e-50 1.000000e-50 1.000000e-50 1.000000e-50 1.000000e-50 1.000000e-50 1.000000e-50 1.000000e-50 3.068744e-01 1.000000e-50 1.000000e-50 1.000000e-50 1.000000e-50 2.720079e-02 1.000000e-50 1.000000e-50 1.000000e-50 1.000000e-50 5.745137e-02 1.000000e-50 1.000000e-50 
1.000000e-50 2.255791e-02 7.653575e-03 2.839879e-02 3.121853e-02 1.000000e-50 1.000000e-50 5.035247e-03 1.000000e-50 1.000000e-50 4.269889e-02 3.383686e-02 3.021148e-03 3.826788e-03 1.188318e-02 1.067472e-02 1.000000e-50 6.445116e-03 4.431017e-02 9.667674e-03 1.631420e-02 1.000000e-50 1.369587e-01 1.299094e-01 1.000000e-50 1.000000e-50 1.000000e-50 1.000000e-50 1.000000e-50 1.000000e-50 1.401813e-01 1.000000e-50 1.000000e-50 1.000000e-50 1.000000e-50 9.425982e-02 1.007049e-02 1.691843e-02 7.049345e-03 2.457200e-02 2.598187e-02 1.000000e-50 1.000000e-50 3.625378e-03 1.000000e-50 1.000000e-50 6.243706e-03 1.000000e-50 1.409869e-02 1.309164e-02 4.793555e-02 4.833837e-03 1.000000e-50 1.000000e-50 4.672709e-02 
1.000000e-50 1.622248e-02 4.634994e-02 1.320973e-01 8.342990e-02 1.000000e-50 1.000000e-50 1.000000e-50 1.000000e-50 1.042874e-02 1.000000e-50 3.360371e-02 1.000000e-50 1.000000e-50 9.269988e-03 1.000000e-50 1.000000e-50 1.622248e-02 1.000000e-50 1.000000e-50 4.403244e-02 1.000000e-50 1.000000e-50 2.201622e-02 1.000000e-50 1.000000e-50 1.000000e-50 1.000000e-50 2.433372e-02 1.000000e-50 1.000000e-50 3.592121e-02 1.000000e-50 1.000000e-50 1.000000e-50 1.000000e-50 1.969873e-02 2.618772e-01 1.000000e-50 1.000000e-50 4.634994e-02 1.000000e-50 1.000000e-50 1.000000e-50 6.952491e-02 1.000000e-50 1.000000e-50 1.000000e-50 1.000000e-50 1.000000e-50 8.342990e-02 1.000000e-50 1.000000e-50 1.000000e-50 4.519119e-02 
1.000000e-50 1.000000e-50 1.077522e-02 1.000000e-50 5.627058e-02 1.000000e-50 3.885064e-01 1.945525e-02 1.000000e-50 1.000000e-50 1.000000e-50 1.000000e-50 2.873391e-02 1.000000e-50 1.167315e-02 1.287040e-02 1.000000e-50 4.310087e-02 1.000000e-50 1.000000e-50 1.000000e-50 1.000000e-50 1.000000e-50 1.000000e-50 8.829692e-02 1.000000e-50 2.454355e-02 1.000000e-50 1.000000e-50 1.000000e-50 1.000000e-50 1.000000e-50 1.209219e-01 1.000000e-50 1.000000e-50 1.000000e-50 1.945525e-02 3.561808e-02 8.680036e-03 7.662377e-02 1.000000e-50 1.000000e-50 1.000000e-50 2.903322e-02 1.000000e-50 1.000000e-50 7.782101e-03 1.000000e-50 1.000000e-50 1.000000e-50 1.000000e-50 1.000000e-50 1.765938e-02 1.000000e-50 1.000000e-50 
1.000000e-50 1.000000e-50 1.000000e-50 1.000000e-50 1.000000e-50 1.000000e-50 1.000000e-50 1.000000e-50 1.000000e-50 2.016719e-01 1.000000e-50 1.000000e-50 1.000000e-50 1.000000e-50 1.000000e-50 1.000000e-50 1.000000e-50 1.000000e-50 1.000000e-50 1.000000e-50 1.000000e-50 1.000000e-50 1.000000e-50 1.000000e-50 1.000000e-50 1.000000e-50 1.000000e-50 7.821317e-01 1.000000e-50 1.567398e-03 1.000000e-50 1.000000e-50 1.000000e-50 1.462905e-02 1.000000e-50 1.000000e-50 1.000000e-50 1.000000e-50 1.000000e-50 1.000000e-50 1.000000e-50 1.000000e-50 1.000000e-50 1.000000e-50 1.000000e-50 1.000000e-50 1.000000e-50 1.000000e-50 1.000000e-50 1.000000e-50 1.000000e-50 1.000000e-50 1.000000e-50 1.000000e-50 1.000000e-50 
1.000000e-50 1.000000e-50 6.451613e-02 1.129032e-01 1.000000e-50 1.000000e-50 1.000000e-50 1.000000e-50 1.000000e-50 1.000000e-50 2.419355e-02 1.000000e-50 1.000000e-50 1.000000e-50 1.000000e-50 1.000000e-50 1.000000e-50 1.000000e-50 1.000000e-50 1.000000e-50 1.000000e-50 1.000000e-50 1.000000e-50 1.000000e-50 1.000000e-50 1.000000e-50 1.000000e-50 1.000000e-50 1.000000e-50 1.000000e-50 1.000000e-50 1.000000e-50 1.000000e-50 3.225806e-02 1.000000e-50 1.000000e-50 1.000000e-50 1.000000e-50 1.000000e-50 2.903226e-01 1.000000e-50 1.000000e-50 1.000000e-50 1.000000e-50 1.000000e-50 7.258065e-02 1.000000e-50 1.000000e-50 1.000000e-50 1.000000e-50 1.000000e-50 1.000000e-50 1.000000e-50 4.032258e-01 1.000000e-50 
1.000000e-50 2.411067e-02 2.094862e-02 1.371542e-01 9.525692e-02 1.000000e-50 1.000000e-50 1.000000e-50 1.000000e-50 1.000000e-50 1.857708e-02 7.035573e-02 1.000000e-50 1.000000e-50 2.173913e-02 1.897233e-02 1.000000e-50 1.000000e-50 1.000000e-50 1.000000e-50 3.122530e-02 1.000000e-50 1.284585e-01 5.533597e-02 1.000000e-50 1.000000e-50 1.000000e-50 3.122530e-02 1.000000e-50 1.000000e-50 4.466403e-02 1.581028e-03 1.000000e-50 1.000000e-50 1.000000e-50 1.778656e-02 9.881423e-03 3.754941e-02 1.000000e-50 1.739130e-02 5.098814e-02 3.162055e-03 1.000000e-50 7.826087e-02 1.185771e-02 1.000000e-50 4.347826e-03 1.000000e-50 1.304348e-02 1.146245e-02 1.000000e-50 1.000000e-50 1.000000e-50 1.000000e-50 4.466403e-02 
2.317028e-02 6.252299e-03 2.831924e-02 2.254505e-01 1.272527e-01 2.942258e-02 1.000000e-50 1.000000e-50 1.000000e-50 1.066569e-02 1.287238e-02 1.728577e-02 1.000000e-50 1.000000e-50 2.684811e-02 1.324016e-02 1.000000e-50 5.590291e-02 4.413387e-02 2.611254e-02 2.500919e-02 1.000000e-50 1.000000e-50 1.618242e-02 1.000000e-50 1.000000e-50 1.000000e-50 2.648032e-02 2.537698e-02 1.000000e-50 1.000000e-50 1.000000e-50 1.000000e-50 1.000000e-50 1.000000e-50 1.000000e-50 3.677823e-02 3.199706e-02 2.206694e-03 1.544686e-02 7.098198e-02 7.355645e-03 1.103347e-03 1.875690e-02 4.781170e-03 2.096359e-02 1.000000e-50 1.000000e-50 1.000000e-50 1.000000e-50 3.493932e-02 1.000000e-50 1.000000e-50 1.000000e-50 1.471129e-02 
1.000000e-50 4.643064e-03 1.000000e-50 7.051654e-02 5.861869e-02 2.843877e-02 1.000000e-50 1.000000e-50 4.643064e-03 1.000000e-50 1.421938e-02 2.176436e-02 1.000000e-50 1.000000e-50 1.015670e-02 3.772490e-03 1.000000e-50 1.000000e-50 1.000000e-50 1.000000e-50 5.803831e-03 1.000000e-50 4.643064e-03 1.596053e-02 1.000000e-50 1.082414e-01 1.000000e-50 1.160766e-02 1.000000e-50 1.000000e-50 1.000000e-50 4.323854e-02 1.000000e-50 1.000000e-50 1.000000e-50 1.000000e-50 1.000000e-50 1.479977e-01 6.268137e-02 3.395241e-02 3.134068e-02 4.933256e-03 2.611724e-03 1.000000e-50 5.890888e-02 1.131747e-02 1.015670e-02 7.544980e-03 1.000000e-50 1.000000e-50 1.033082e-01 1.000000e-50 1.000000e-50 9.344167e-02 2.553685e-02 
1.000000e-50 1.000000e-50 1.000000e-50 5.971480e-02 1.000000e-50 1.000000e-50 1.000000e-50 1.000000e-50 1.000000e-50 1.000000e-50 2.317291e-02 2.673797e-02 1.000000e-50 1.000000e-50 1.000000e-50 1.000000e-50 1.000000e-50 1.000000e-50 4.545455e-02 2.495544e-02 1.000000e-50 1.000000e-50 1.000000e-50 1.693405e-02 1.000000e-50 1.907308e-01 1.000000e-50 2.852050e-02 1.000000e-50 1.000000e-50 1.000000e-50 5.704100e-02 1.000000e-50 1.000000e-50 1.000000e-50 1.000000e-50 1.000000e-50 1.000000e-50 9.982175e-02 6.595365e-02 7.308378e-02 2.228164e-02 1.000000e-50 1.604278e-02 1.000000e-50 3.654189e-02 1.000000e-50 1.000000e-50 1.000000e-50 1.000000e-50 8.734403e-02 1.000000e-50 1.000000e-50 1.149733e-01 1.069519e-02 
1.000000e-50 1.000000e-50 1.640379e-02 5.173502e-02 3.564669e-02 2.271293e-02 1.000000e-50 1.000000e-50 1.000000e-50 1.000000e-50 1.167192e-02 6.529968e-02 1.000000e-50 1.000000e-50 2.523659e-03 3.059937e-02 1.000000e-50 1.892744e-03 3.470032e-03 1.555205e-01 7.949527e-02 1.000000e-50 1.000000e-50 1.000000e-50 1.000000e-50 7.381703e-02 1.000000e-50 8.012618e-02 1.000000e-50 1.000000e-50 1.000000e-50 2.239748e-02 1.000000e-50 2.302839e-02 1.000000e-50 1.000000e-50 3.154574e-03 4.100946e-02 2.018927e-02 1.955836e-02 2.050473e-02 1.167192e-02 1.000000e-50 1.132492e-01 1.000000e-50 3.154574e-03 1.135647e-02 1.000000e-50 1.000000e-50 1.000000e-50 3.217666e-02 1.000000e-50 1.000000e-50 3.880126e-02 8.832808e-03 
4.582251e-03 8.095311e-03 1.451046e-02 1.234153e-01 1.099740e-01 1.000000e-50 1.000000e-50 1.481595e-02 1.000000e-50 1.000000e-50 3.054834e-02 7.789827e-03 2.779899e-02 1.000000e-50 3.604704e-02 2.153658e-02 1.000000e-50 3.574156e-02 3.390866e-02 1.000000e-50 1.787078e-02 1.000000e-50 1.000000e-50 2.428593e-02 1.000000e-50 1.000000e-50 1.000000e-50 1.466320e-02 7.026119e-03 7.942569e-03 1.000000e-50 9.775470e-03 1.000000e-50 1.909271e-02 1.000000e-50 1.000000e-50 4.307316e-02 2.703528e-02 9.317245e-03 2.214755e-02 2.856270e-02 8.095311e-03 2.138384e-03 4.276768e-02 5.956927e-03 1.313579e-02 2.260577e-02 1.000000e-50 1.000000e-50 1.000000e-50 1.351764e-01 9.928211e-03 1.000000e-50 4.734993e-03 5.590347e-02 
1.000000e-50 1.175568e-01 4.604052e-03 3.806016e-02 2.823818e-02 4.726826e-02 1.000000e-50 1.000000e-50 1.000000e-50 1.000000e-50 5.831799e-03 8.594230e-03 4.604052e-03 3.029466e-01 8.594230e-03 4.297115e-03 1.000000e-50 3.990178e-03 4.573358e-02 3.069368e-03 1.000000e-50 1.000000e-50 7.489257e-02 1.000000e-50 1.000000e-50 1.000000e-50 1.000000e-50 8.287293e-03 2.762431e-03 1.000000e-50 1.249233e-01 1.000000e-50 1.000000e-50 1.000000e-50 1.000000e-50 1.872314e-02 1.000000e-50 1.442603e-02 1.000000e-50 1.596071e-02 1.166360e-02 3.130755e-02 1.000000e-50 5.831799e-03 1.000000e-50 1.000000e-50 1.534684e-03 1.000000e-50 4.419890e-02 1.000000e-50 8.594230e-03 1.000000e-50 1.000000e-50 1.841621e-03 1.166360e-02 
1.000000e-50 1.000000e-50 1.000000e-50 1.000000e-50 1.000000e-50 1.000000e-50 5.189464e-03 1.000000e-50 1.000000e-50 1.513757e-01 1.000000e-50 1.000000e-50 1.000000e-50 1.000000e-50 1.000000e-50 1.000000e-50 1.000000e-50 1.000000e-50 1.000000e-50 1.000000e-50 1.000000e-50 1.000000e-50 1.000000e-50 1.000000e-50 1.000000e-50 7.833154e-04 1.000000e-50 6.462352e-03 1.000000e-50 6.217566e-01 1.000000e-50 1.000000e-50 3.387839e-02 2.095369e-02 1.000000e-50 1.000000e-50 1.000000e-50 1.000000e-50 1.000000e-50 1.272887e-03 1.000000e-50 1.000000e-50 8.224812e-03 1.000000e-50 3.084304e-02 1.000000e-50 8.812298e-04 4.611769e-02 1.000000e-50 1.000000e-50 1.000000e-50 1.000000e-50 7.226084e-02 1.000000e-50 1.000000e-50 
1.212346e-01 1.000000e-50 1.000000e-50 1.160494e-02 1.000000e-50 1.000000e-50 1.000000e-50 2.160494e-01 1.000000e-50 1.000000e-50 1.000000e-50 1.000000e-50 1.000000e-50 1.000000e-50 1.000000e-50 1.000000e-50 1.000000e-50 1.000000e-50 1.000000e-50 1.000000e-50 4.928395e-01 1.000000e-50 1.000000e-50 1.000000e-50 1.000000e-50 1.000000e-50 1.000000e-50 1.086420e-02 1.000000e-50 1.000000e-50 1.000000e-50 1.000000e-50 1.000000e-50 1.000000e-50 1.000000e-50 1.000000e-50 1.000000e-50 1.000000e-50 1.000000e-50 4.691358e-03 1.000000e-50 1.000000e-50 1.000000e-50 3.209877e-02 1.000000e-50 1.000000e-50 1.000000e-50 1.000000e-50 1.000000e-50 1.000000e-50 1.000000e-50 4.123457e-02 1.000000e-50 6.938272e-02 1.000000e-50 
1.000000e-50 1.000000e-50 1.000000e-50 1.000000e-50 1.000000e-50 1.000000e-50 1.000000e-50 1.000000e-50 1.000000e-50 1.000000e-50 7.797271e-04 1.000000e-50 1.000000e-50 1.000000e-50 1.000000e-50 1.000000e-50 1.949318e-03 1.000000e-50 1.000000e-50 1.000000e-50 1.000000e-50 1.000000e-50 1.000000e-50 1.000000e-50 7.407407e-03 1.000000e-50 4.288499e-03 1.890838e-01 1.000000e-50 1.000000e-50 1.000000e-50 1.000000e-50 5.847953e-04 1.715400e-02 1.000000e-50 1.000000e-50 1.000000e-50 1.000000e-50 1.000000e-50 4.678363e-03 1.000000e-50 1.000000e-50 1.000000e-50 1.000000e-50 5.892788e-01 1.000000e-50 1.000000e-50 1.586745e-01 1.000000e-50 1.000000e-50 1.000000e-50 1.000000e-50 1.000000e-50 2.612086e-02 1.000000e-50 
1.000000e-50 2.755102e-02 1.000000e-50 1.408163e-01 2.500000e-01 4.795918e-02 1.000000e-50 1.000000e-50 1.000000e-50 1.000000e-50 1.000000e-50 1.000000e-50 1.000000e-50 1.000000e-50 1.224490e-02 1.000000e-50 5.102041e-03 5.714286e-02 1.000000e-50 1.000000e-50 1.000000e-50 1.000000e-50 1.000000e-50 2.040816e-03 1.000000e-50 1.000000e-50 1.000000e-50 1.000000e-50 1.000000e-50 1.000000e-50 1.000000e-50 7.142857e-03 1.000000e-50 1.000000e-50 1.000000e-50 1.000000e-50 2.448980e-02 1.000000e-50 2.142857e-02 3.775510e-02 1.020408e-01 1.000000e-50 1.000000e-50 1.000000e-50 2.142857e-02 2.959184e-02 1.224490e-02 1.000000e-50 1.000000e-50 1.000000e-50 2.857143e-02 7.959184e-02 1.000000e-50 1.836735e-02 7.448980e-02 
3.820086e-02 1.417129e-02 2.587800e-02 7.701787e-02 6.161429e-02 2.033272e-02 1.000000e-50 1.916205e-01 1.000000e-50 1.000000e-50 1.232286e-02 4.066543e-02 9.242144e-03 1.000000e-50 1.663586e-02 5.545287e-03 7.393715e-03 1.000000e-50 1.000000e-50 3.388786e-02 7.085644e-02 1.000000e-50 1.000000e-50 1.478743e-02 1.000000e-50 2.156500e-02 1.000000e-50 7.393715e-02 1.000000e-50 1.109057e-02 1.000000e-50 1.848429e-03 1.000000e-50 1.000000e-50 1.000000e-50 1.000000e-50 1.540357e-02 1.000000e-50 2.464572e-03 2.649415e-02 4.128158e-02 1.000000e-50 8.626001e-03 4.251386e-02 1.786815e-02 1.000000e-50 2.526186e-02 1.000000e-50 1.000000e-50 3.696858e-03 4.621072e-02 1.725200e-02 1.000000e-50 1.000000e-50 4.313001e-03 
1.000000e-50 1.000000e-50 3.971406e-03 1.000000e-50 1.000000e-50 1.000000e-50 7.227959e-02 1.000000e-50 1.000000e-50 1.000000e-50 1.000000e-50 1.000000e-50 1.000000e-50 1.000000e-50 1.000000e-50 1.985703e-03 1.000000e-50 1.000000e-50 1.000000e-50 1.000000e-50 5.559968e-03 1.000000e-50 1.000000e-50 1.000000e-50 7.335187e-01 1.000000e-50 2.501986e-02 1.000000e-50 1.000000e-50 1.000000e-50 1.000000e-50 1.000000e-50 1.350278e-01 1.000000e-50 1.000000e-50 1.000000e-50 1.000000e-50 1.000000e-50 1.000000e-50 1.000000e-50 1.000000e-50 1.000000e-50 1.000000e-50 1.000000e-50 1.000000e-50 4.765687e-03 1.000000e-50 1.000000e-50 1.000000e-50 1.000000e-50 1.000000e-50 1.000000e-50 1.000000e-50 1.787133e-02 1.000000e-50 
1.000000e-50 2.338941e-02 1.969635e-02 3.077554e-02 3.816167e-02 3.405827e-02 1.000000e-50 2.503078e-02 1.000000e-50 1.000000e-50 9.027493e-03 1.017645e-01 1.000000e-50 5.088223e-02 1.000000e-50 8.617152e-03 1.000000e-50 3.282725e-03 1.000000e-50 1.189988e-02 1.000000e-50 1.000000e-50 1.000000e-50 1.000000e-50 1.000000e-50 1.000000e-50 1.000000e-50 1.000000e-50 1.000000e-50 1.000000e-50 1.000000e-50 5.744768e-03 1.000000e-50 2.051703e-03 1.000000e-50 1.140747e-01 1.000000e-50 1.000000e-50 1.969635e-02 1.000000e-50 9.314731e-02 1.251539e-01 1.000000e-50 4.103406e-02 1.000000e-50 1.000000e-50 2.133771e-02 1.000000e-50 1.395158e-01 1.231022e-02 2.092737e-02 1.000000e-50 1.000000e-50 1.723430e-02 3.118588e-02 
1.000000e-50 2.056962e-02 1.000000e-50 4.430380e-02 1.582278e-02 3.322785e-02 1.000000e-50 1.000000e-50 1.000000e-50 1.000000e-50 1.000000e-50 2.689873e-02 5.537975e-02 1.000000e-50 1.000000e-50 1.000000e-50 1.265823e-02 4.731013e-01 1.582278e-02 2.531646e-02 1.000000e-50 1.000000e-50 1.000000e-50 2.848101e-02 1.000000e-50 1.000000e-50 1.000000e-50 1.000000e-50 1.000000e-50 1.000000e-50 1.000000e-50 1.000000e-50 1.000000e-50 1.000000e-50 1.000000e-50 3.797468e-02 7.120253e-02 1.000000e-50 1.000000e-50 1.000000e-50 1.000000e-50 1.250000e-01 1.000000e-50 1.000000e-50 1.000000e-50 1.000000e-50 1.000000e-50 1.000000e-50 1.424051e-02 1.000000e-50 1.000000e-50 1.000000e-50 1.000000e-50 1.000000e-50 1.000000e-50 
1.898188e-02 2.295082e-02 1.863676e-02 9.421915e-02 7.903365e-02 1.000000e-50 1.000000e-50 2.899051e-02 4.314064e-03 1.622088e-02 1.777394e-02 6.125971e-02 1.000000e-50 1.000000e-50 1.000000e-50 2.502157e-02 1.000000e-50 6.384814e-03 3.399482e-02 4.210526e-02 6.229508e-02 1.000000e-50 1.000000e-50 1.000000e-50 3.451251e-04 4.296808e-02 1.000000e-50 6.971527e-02 7.592752e-03 1.000000e-50 1.000000e-50 8.110440e-03 1.000000e-50 2.088007e-02 1.000000e-50 1.000000e-50 1.156169e-02 2.847282e-02 1.190682e-02 2.691976e-02 5.004314e-02 1.000000e-50 1.000000e-50 5.694564e-02 1.466782e-02 1.000000e-50 2.881795e-02 1.000000e-50 1.000000e-50 1.000000e-50 6.125971e-02 1.259707e-02 1.000000e-50 1.000000e-50 1.501294e-02 
1.203606e-01 1.000000e-50 3.870626e-02 7.847296e-02 3.870626e-02 1.166490e-02 1.000000e-50 1.000000e-50 1.000000e-50 1.000000e-50 2.067869e-02 1.000000e-50 1.537646e-02 1.000000e-50 1.000000e-50 6.362672e-03 1.000000e-50 1.000000e-50 1.000000e-50 1.000000e-50 4.506893e-02 1.000000e-50 1.000000e-50 1.000000e-50 1.000000e-50 1.000000e-50 1.000000e-50 1.000000e-50 1.000000e-50 1.000000e-50 1.000000e-50 1.000000e-50 1.000000e-50 2.067869e-02 5.832450e-02 1.000000e-50 1.000000e-50 1.000000e-50 1.000000e-50 7.317073e-02 2.025451e-01 1.000000e-50 1.000000e-50 8.960764e-02 4.772004e-02 1.000000e-50 1.219512e-02 1.000000e-50 1.000000e-50 6.362672e-03 1.000000e-50 1.139979e-01 1.000000e-50 1.000000e-50 1.000000e-50 
7.236842e-02 1.000000e-50 4.824561e-03 1.000000e-50 1.000000e-50 1.000000e-50 1.000000e-50 1.780702e-01 3.991228e-02 1.000000e-50 1.000000e-50 1.000000e-50 1.000000e-50 1.000000e-50 1.000000e-50 1.000000e-50 1.000000e-50 1.000000e-50 1.000000e-50 1.000000e-50 1.776316e-01 1.000000e-50 1.000000e-50 1.000000e-50 1.000000e-50 1.000000e-50 4.846491e-01 1.000000e-50 1.000000e-50 1.000000e-50 1.000000e-50 1.000000e-50 1.000000e-50 1.000000e-50 1.000000e-50 1.000000e-50 1.000000e-50 1.000000e-50 1.000000e-50 1.000000e-50 1.000000e-50 1.000000e-50 1.000000e-50 1.000000e-50 1.000000e-50 1.000000e-50 1.000000e-50 2.017544e-02 1.000000e-50 1.000000e-50 1.000000e-50 1.000000e-50 2.236842e-02 1.000000e-50 1.000000e-50 
2.949309e-02 1.000000e-50 4.009217e-02 8.294931e-03 1.000000e-50 1.000000e-50 1.000000e-50 7.004608e-02 1.000000e-50 1.000000e-50 1.000000e-50 2.857143e-02 1.000000e-50 1.000000e-50 1.000000e-50 1.000000e-50 1.290323e-02 1.000000e-50 1.000000e-50 1.000000e-50 3.041475e-02 1.000000e-50 1.000000e-50 1.000000e-50 1.428571e-02 1.115207e-01 1.981567e-02 1.290323e-02 5.529954e-03 1.000000e-50 1.000000e-50 2.534562e-02 1.000000e-50 1.000000e-50 1.000000e-50 1.000000e-50 1.658986e-02 2.216590e-01 3.548387e-02 7.235023e-02 1.170507e-01 1.000000e-50 1.000000e-50 2.119816e-02 1.000000e-50 8.294931e-03 1.000000e-50 7.834101e-03 1.000000e-50 1.000000e-50 2.718894e-02 6.313364e-02 1.000000e-50 1.000000e-50 1.000000e-50 
2.739726e-02 6.322445e-03 6.585880e-03 3.134879e-02 8.798736e-02 1.080084e-02 1.000000e-50 1.000000e-50 1.000000e-50 4.056902e-02 8.956797e-03 2.660695e-02 1.000000e-50 1.000000e-50 1.580611e-03 1.000000e-50 1.000000e-50 1.000000e-50 2.528978e-02 1.000000e-50 1.646470e-01 1.000000e-50 6.059009e-03 1.448894e-02 1.000000e-50 1.923077e-02 1.000000e-50 2.131191e-01 6.849315e-03 2.291886e-02 1.000000e-50 1.000000e-50 1.000000e-50 5.637513e-02 1.000000e-50 1.000000e-50 1.554268e-02 9.483667e-03 3.161222e-03 1.027397e-02 3.740780e-02 1.000000e-50 1.000000e-50 1.000000e-50 1.475237e-02 8.693361e-03 1.185458e-02 1.000000e-50 1.000000e-50 1.000000e-50 3.345627e-02 2.186512e-02 1.000000e-50 4.452055e-02 1.185458e-02 

#DOUBLE_55x3_DISCRETE_SS_EMISSION
1.000000e-50 1.000000e-50 1.000000e+00 
1.000000e-50 1.000000e+00 1.000000e-50 
3.354298e-03 1.000000e-50 9.966457e-01 
1.000000e-50 1.000000e-50 1.000000e+00 
1.000000e-50 1.000000e-50 1.000000e+00 
1.000000e-50 1.000000e+00 1.000000e-50 
9.966611e-01 1.000000e-50 3.338898e-03 
1.000000e-50 1.039501e-03 9.989605e-01 
1.000000e+00 1.000000e-50 1.000000e-50 
1.000000e+00 1.000000e-50 1.000000e-50 
1.000000e-50 4.331858e-01 5.668142e-01 
1.107420e-03 1.771872e-02 9.811739e-01 
1.000000e-50 6.057782e-03 9.939422e-01 
1.000000e-50 1.000000e+00 1.000000e-50 
1.000000e-50 1.000000e-50 1.000000e+00 
1.000000e-50 1.000000e-50 1.000000e+00 
1.000000e-50 1.000000e-50 1.000000e+00 
1.000000e-50 5.870841e-03 9.941292e-01 
1.000000e-50 1.000000e+00 1.000000e-50 
1.000000e-50 8.550330e-03 9.914497e-01 
1.000000e-50 1.000000e-50 1.000000e+00 
2.222222e-01 1.111111e-01 6.666667e-01 
1.000000e-50 1.000000e+00 1.000000e-50 
1.000000e-50 9.857208e-01 1.427924e-02 
1.000000e+00 1.000000e-50 1.000000e-50 
1.000000e-50 6.515775e-03 9.934842e-01 
1.675362e-01 1.000000e-50 8.324638e-01 
1.000000e+00 1.000000e-50 1.000000e-50 
1.000000e-50 1.000000e-50 1.000000e+00 
1.000000e+00 1.000000e-50 1.000000e-50 
1.000000e-50 1.000000e+00 1.000000e-50 
1.578354e-02 1.000000e-50 9.842165e-01 
1.000000e+00 1.000000e-50 1.000000e-50 
1.000000e+00 1.000000e-50 1.000000e-50 
1.000000e-50 1.000000e-50 1.000000e+00 
1.000000e-50 9.972473e-01 2.752654e-03 
4.377964e-03 1.000000e-50 9.956220e-01 
1.580460e-02 4.310345e-03 9.798851e-01 
1.000000e-50 1.569311e-02 9.843069e-01 
4.345127e-03 1.769088e-02 9.779640e-01 
1.000000e-50 4.376037e-03 9.956240e-01 
1.000000e-50 1.000000e+00 1.000000e-50 
1.000000e+00 1.000000e-50 1.000000e-50 
1.000000e-50 1.000000e-50 1.000000e+00 
1.000000e+00 1.000000e-50 1.000000e-50 
6.097561e-03 1.000000e-50 9.939024e-01 
4.776300e-02 1.813785e-02 9.340992e-01 
1.000000e+00 1.000000e-50 1.000000e-50 
1.000000e-50 9.934048e-01 6.595218e-03 
1.000000e-50 2.496025e-01 7.503975e-01 
1.000000e-50 6.809670e-04 9.993190e-01 
1.000000e-50 1.000000e-50 1.000000e+00 
9.982729e-01 1.000000e-50 1.727116e-03 
3.283174e-02 1.000000e-50 9.671683e-01 
1.564129e-03 2.346194e-02 9.749739e-01 

#DOUBLE_55x3_TORUS_TORUS_KAPPA
9.919527e+01 1.033684e+02 3.899507e+01 
2.635750e+01 3.929253e+01 2.113039e+00 
4.841770e+01 7.031035e+00 1.891045e-01 
1.006341e+01 1.176307e+01 2.459121e+00 
3.547811e+01 2.888237e+01 7.677112e+00 
1.765468e+01 2.841038e+01 5.833295e+00 
1.934100e+01 2.156695e+01 5.980036e+00 
6.093813e+01 6.305283e+01 2.274681e+01 
1.978402e+02 1.736771e+02 5.808442e+01 
7.300992e+02 6.248625e+02 2.640405e+02 
2.204244e+00 6.324920e+00 -5.798978e-01 
7.192570e+01 4.562480e+01 2.237084e+01 
2.643116e+01 2.478306e+01 5.502799e+00 
1.438694e+01 1.327914e+01 3.269366e+00 
3.624519e+00 1.471160e+01 -7.237350e+00 
9.133175e+01 7.122066e+01 1.158721e+01 
1.653100e+00 2.046978e+00 -5.273916e-01 
6.744459e+01 4.135395e+01 1.840287e+01 
3.908689e+01 2.508185e+01 4.666437e+00 
6.538161e+01 4.567120e+01 1.729112e+01 
2.069995e+02 1.233856e+02 6.099736e+01 
7.185686e+00 1.297310e+01 1.247184e+00 
2.180439e+01 1.087506e+01 2.692732e+00 
3.477354e+01 2.200974e+01 4.125625e+00 
3.740735e+01 3.432440e+01 1.013869e+01 
9.902942e+00 4.767386e+00 9.721739e-01 
8.282093e+01 8.319258e+01 3.002224e+01 
1.619300e+02 1.180285e+02 5.026533e+01 
2.351023e+01 3.862701e+01 9.136736e+00 
4.798726e+02 3.746867e+02 1.722752e+02 
2.373903e+01 2.452724e+01 6.700896e+00 
2.166262e+00 1.536838e+00 -1.661029e+00 
7.329424e+01 4.450038e+01 1.626460e+01 
1.476138e+02 1.288136e+02 4.569483e+01 
1.456884e+01 1.043885e+01 2.060195e+00 
2.417346e+01 2.216018e+01 3.644273e+00 
1.183659e+02 6.119083e+01 2.999805e+01 
4.002643e+00 3.088891e+00 4.873331e-02 
3.568910e+00 1.865071e+00 -8.256380e-01 
1.320241e+01 7.944992e+00 1.059269e+00 
2.153547e+01 1.435608e+01 4.542055e+00 
1.942692e+01 1.171544e+01 -8.295591e+00 
3.329912e+02 3.089917e+02 1.205727e+02 
1.438135e+02 9.778859e+01 4.181195e+01 
3.915006e+01 3.213810e+01 6.984280e+00 
8.440583e+01 4.139716e+01 2.093336e+01 
4.122569e+01 2.313667e+01 1.270400e+01 
8.896869e+01 7.615333e+01 2.719137e+01 
1.510671e+01 1.746036e+01 -1.089552e+00 
9.647119e+01 5.322897e+01 2.335935e+01 
9.121956e+00 1.038172e+01 -1.890522e-01 
5.072207e+00 1.893657e+01 -3.687158e+00 
2.716707e+02 1.755968e+02 8.447125e+01 
1.952753e+01 1.058235e+01 4.166358e+00 
2.919631e+01 2.661352e+01 9.029955e+00 

#DOUBLE_55x2_TORUS_TORUS_KAPPA-ENVELOPE
4.044148e+01 4.044148e+01 
3.704553e+01 3.704553e+01 
6.843214e+00 6.843214e+00 
8.799119e+00 8.799119e+00 
1.934793e+01 1.934793e+01 
2.021139e+01 2.021139e+01 
1.342268e+01 1.342268e+01 
2.782272e+01 2.782272e+01 
9.200970e+01 9.200970e+01 
2.125711e+02 2.125711e+02 
6.692097e+00 6.692097e+00 
1.421213e+01 1.421213e+01 
1.805903e+01 1.805903e+01 
9.317662e+00 9.317662e+00 
1.702728e+01 1.702728e+01 
5.805280e+01 5.805280e+01 
2.344974e+00 2.344974e+00 
1.667704e+01 1.667704e+01 
1.987961e+01 1.987961e+01 
2.266228e+01 2.266228e+01 
3.788371e+01 3.788371e+01 
1.161104e+01 1.161104e+01 
7.913669e+00 7.913669e+00 
1.742564e+01 1.742564e+01 
2.083287e+01 2.083287e+01 
3.767891e+00 3.767891e+00 
3.709515e+01 3.709515e+01 
4.595296e+01 4.595296e+01 
2.449572e+01 2.449572e+01 
1.074132e+02 1.074132e+02 
1.561675e+01 1.561675e+01 
2.385124e+00 2.385124e+00 
2.393633e+01 2.393633e+01 
6.328618e+01 6.328618e+01 
8.161209e+00 8.161209e+00 
1.799676e+01 1.799676e+01 
2.164636e+01 2.164636e+01 
3.046459e+00 3.046459e+00 
2.472179e+00 2.472179e+00 
6.849425e+00 6.849425e+00 
8.874437e+00 8.874437e+00 
1.745926e+01 1.745926e+01 
1.210987e+02 1.210987e+02 
3.955252e+01 3.955252e+01 
2.381466e+01 2.381466e+01 
1.420451e+01 1.420451e+01 
6.012183e+00 6.012183e+00 
3.763819e+01 3.763819e+01 
1.844689e+01 1.844689e+01 
2.289481e+01 2.289481e+01 
1.055685e+01 1.055685e+01 
2.096099e+01 2.096099e+01 
5.405699e+01 5.405699e+01 
5.610257e+00 5.610257e+00 
1.414643e+01 1.414643e+01 

#DOUBLE_55x2_TORUS_TORUS_MU
-1.463229e+00 -1.817776e-01 
-1.959329e+00 2.199355e+00 
-1.477771e+00 1.282121e+00 
-1.962995e+00 2.409101e+00 
-1.253231e+00 2.523953e+00 
-1.839689e+00 2.547501e+00 
-1.721519e+00 -3.136314e-01 
-1.696754e+00 1.714390e-01 
-1.169171e+00 -6.631239e-01 
-1.095515e+00 -7.517074e-01 
2.734211e+00 -2.995843e+00 
-1.277597e+00 -4.077930e-01 
1.649486e+00 -7.947200e-02 
-1.666273e+00 -5.157618e-01 
-1.500434e+00 2.029811e+00 
-9.896573e-01 2.308491e+00 
2.121528e+00 -1.082633e+00 
1.366791e+00 2.539998e-01 
-2.321868e+00 2.458315e+00 
-1.154697e+00 2.611865e+00 
-1.132452e+00 -3.221009e-01 
-1.368149e+00 1.828693e+00 
-2.354814e+00 2.169122e+00 
-2.709524e+00 2.736715e+00 
-1.439580e+00 -7.266127e-01 
-1.261798e+00 2.409734e+00 
-1.532222e+00 3.691398e-02 
-1.027390e+00 -6.346854e-01 
-1.505729e+00 -5.625296e-01 
-1.068424e+00 -6.852747e-01 
-2.195685e+00 2.692042e+00 
1.687086e+00 -6.362688e-01 
-1.302859e+00 -5.036171e-01 
-9.504768e-01 -8.069563e-01 
-1.329677e+00 -6.018532e-01 
-1.328565e+00 2.484794e+00 
9.757167e-01 7.089594e-01 
-1.868371e+00 -6.742030e-01 
1.176788e+00 1.678309e+00 
-2.349032e+00 1.370556e+00 
-1.923508e+00 3.881212e-02 
-1.396611e+00 2.217052e+00 
-1.154810e+00 -8.034929e-01 
-9.745818e-01 -5.864040e-01 
-1.008201e+00 -8.323570e-01 
1.173956e+00 2.659996e-01 
1.265522e+00 -2.728262e+00 
-1.095192e+00 -4.667678e-01 
-1.737048e+00 1.885971e+00 
9.291130e-01 7.705434e-01 
-2.504326e+00 2.819210e+00 
-1.406009e+00 -7.258676e-01 
-1.092862e+00 -5.024848e-01 
-1.099157e+00 -5.542656e-01 
-1.453883e+00 2.969269e+00 

#DOUBLE_55x2_TORUS_TORUS_MU-ENVELOPE
0.000000e+00 -0.000000e+00 
0.000000e+00 -0.000000e+00 
0.000000e+00 -0.000000e+00 
0.000000e+00 -0.000000e+00 
0.000000e+00 -0.000000e+00 
0.000000e+00 -0.000000e+00 
0.000000e+00 -0.000000e+00 
0.000000e+00 -0.000000e+00 
0.000000e+00 -0.000000e+00 
0.000000e+00 -0.000000e+00 
0.000000e+00 -0.000000e+00 
0.000000e+00 -0.000000e+00 
0.000000e+00 -0.000000e+00 
0.000000e+00 -0.000000e+00 
0.000000e+00 -0.000000e+00 
0.000000e+00 -0.000000e+00 
0.000000e+00 -0.000000e+00 
0.000000e+00 -0.000000e+00 
0.000000e+00 -0.000000e+00 
0.000000e+00 -0.000000e+00 
0.000000e+00 -0.000000e+00 
0.000000e+00 -0.000000e+00 
0.000000e+00 -0.000000e+00 
0.000000e+00 -0.000000e+00 
0.000000e+00 -0.000000e+00 
0.000000e+00 -0.000000e+00 
0.000000e+00 -0.000000e+00 
0.000000e+00 -0.000000e+00 
0.000000e+00 -0.000000e+00 
0.000000e+00 -0.000000e+00 
0.000000e+00 -0.000000e+00 
0.000000e+00 -0.000000e+00 
0.000000e+00 -0.000000e+00 
0.000000e+00 -0.000000e+00 
0.000000e+00 -0.000000e+00 
0.000000e+00 -0.000000e+00 
0.000000e+00 -0.000000e+00 
0.000000e+00 -0.000000e+00 
0.000000e+00 -0.000000e+00 
0.000000e+00 -0.000000e+00 
0.000000e+00 -0.000000e+00 
0.000000e+00 -0.000000e+00 
0.000000e+00 -0.000000e+00 
0.000000e+00 -0.000000e+00 
0.000000e+00 -0.000000e+00 
0.000000e+00 -0.000000e+00 
0.000000e+00 -0.000000e+00 
0.000000e+00 -0.000000e+00 
0.000000e+00 -0.000000e+00 
0.000000e+00 -0.000000e+00 
0.000000e+00 -0.000000e+00 
0.000000e+00 -0.000000e+00 
0.000000e+00 -0.000000e+00 
0.000000e+00 -0.000000e+00 
0.000000e+00 -0.000000e+00 

#DOUBLE_55x2_TORUS_TORUS_PROPORTION-ENVELOPE
5.000000e-01 5.000000e-01 
5.000000e-01 5.000000e-01 
5.000000e-01 5.000000e-01 
5.000000e-01 5.000000e-01 
5.000000e-01 5.000000e-01 
5.000000e-01 5.000000e-01 
5.000000e-01 5.000000e-01 
5.000000e-01 5.000000e-01 
5.000000e-01 5.000000e-01 
5.000000e-01 5.000000e-01 
5.000000e-01 5.000000e-01 
5.000000e-01 5.000000e-01 
5.000000e-01 5.000000e-01 
5.000000e-01 5.000000e-01 
5.000000e-01 5.000000e-01 
5.000000e-01 5.000000e-01 
5.000000e-01 5.000000e-01 
5.000000e-01 5.000000e-01 
5.000000e-01 5.000000e-01 
5.000000e-01 5.000000e-01 
5.000000e-01 5.000000e-01 
5.000000e-01 5.000000e-01 
5.000000e-01 5.000000e-01 
5.000000e-01 5.000000e-01 
5.000000e-01 5.000000e-01 
5.000000e-01 5.000000e-01 
5.000000e-01 5.000000e-01 
5.000000e-01 5.000000e-01 
5.000000e-01 5.000000e-01 
5.000000e-01 5.000000e-01 
5.000000e-01 5.000000e-01 
5.000000e-01 5.000000e-01 
5.000000e-01 5.000000e-01 
5.000000e-01 5.000000e-01 
5.000000e-01 5.000000e-01 
5.000000e-01 5.000000e-01 
5.000000e-01 5.000000e-01 
5.000000e-01 5.000000e-01 
5.000000e-01 5.000000e-01 
5.000000e-01 5.000000e-01 
5.000000e-01 5.000000e-01 
5.000000e-01 5.000000e-01 
5.000000e-01 5.000000e-01 
5.000000e-01 5.000000e-01 
5.000000e-01 5.000000e-01 
5.000000e-01 5.000000e-01 
5.000000e-01 5.000000e-01 
5.000000e-01 5.000000e-01 
5.000000e-01 5.000000e-01 
5.000000e-01 5.000000e-01 
5.000000e-01 5.000000e-01 
5.000000e-01 5.000000e-01 
5.000000e-01 5.000000e-01 
5.000000e-01 5.000000e-01 
5.000000e-01 5.000000e-01 


