#DOUBLE_1x35_DISCRETE_HIDDEN_START
7.458564e-02  2.279006e-02  4.143646e-03  1.519337e-02  1.000000e-50  1.000000e-50  9.668508e-03  6.008287e-02  2.071823e-02  1.000000e-50  1.000000e-50  1.000000e-50  2.071823e-02  1.000000e-50  4.696133e-02  1.726519e-02  4.834254e-03  1.000000e-50  7.941989e-02  7.596685e-03  5.179558e-02  1.000000e-50  9.737569e-02  1.000000e-50  1.332873e-01  1.000000e-50  1.243094e-02  5.317680e-02  1.000000e-50  1.000000e-50  5.248619e-02  9.461326e-02  2.762431e-02  3.453039e-02  5.870166e-02  

#DOUBLE_35x35_DISCRETE_HIDDEN_TRANSITION
1.826847e-02  1.416468e-02  5.824729e-03  2.462272e-02  1.000000e-50  1.000000e-50  1.045804e-02  5.890919e-02  3.441885e-03  7.810432e-03  3.362457e-02  1.000000e-50  1.032566e-02  2.766746e-02  3.057983e-02  1.826847e-01  1.000000e-50  1.000000e-50  1.813609e-02  1.270850e-02  1.419116e-01  1.000000e-50  4.037596e-02  5.295208e-04  6.513106e-02  7.942812e-03  2.038655e-02  5.957109e-03  7.942812e-02  1.000000e-50  1.257612e-02  1.307916e-01  1.284088e-02  1.442944e-02  8.472333e-03 
4.470199e-02  2.235099e-02  1.572848e-02  8.278146e-03  1.000000e-50  1.000000e-50  1.986755e-02  1.000000e-50  1.000000e-50  1.000000e-50  1.788079e-01  1.490066e-02  2.483444e-02  1.000000e-50  6.374172e-02  2.649007e-02  1.000000e-50  1.000000e-50  1.283113e-01  1.738411e-02  1.000000e-50  1.000000e-50  1.291391e-01  2.152318e-02  8.278146e-02  9.933775e-03  1.000000e-50  3.725166e-02  1.000000e-50  1.000000e-50  2.566225e-02  1.572848e-02  5.546358e-02  3.394040e-02  2.317881e-02 
3.038251e-02  1.000000e-50  6.775956e-03  1.967213e-02  1.000000e-50  1.000000e-50  7.650273e-03  5.442623e-02  1.748634e-02  2.579235e-02  1.000000e-50  2.622951e-03  1.530055e-02  8.961749e-03  1.224044e-02  6.120219e-03  1.000000e-50  1.000000e-50  2.367213e-01  5.027322e-03  1.000000e-50  9.398907e-03  4.174863e-02  1.000000e-50  2.819672e-01  6.338798e-03  1.000000e-50  6.644809e-02  1.114754e-02  1.000000e-50  3.322404e-02  1.000000e-50  1.000000e-50  5.770492e-02  4.284153e-02 
9.543995e-02  5.009634e-03  1.678870e-01  1.000000e-50  1.000000e-50  1.000000e-50  2.157996e-02  7.321773e-03  1.811175e-02  1.000000e-50  4.906872e-02  1.000000e-50  1.027617e-03  2.145151e-02  1.528581e-02  3.108542e-02  1.000000e-50  1.000000e-50  1.514451e-01  1.323057e-02  7.835581e-03  1.000000e-50  5.908799e-03  1.000000e-50  1.175337e-01  1.044316e-01  3.493899e-02  3.134232e-02  1.000000e-50  1.000000e-50  1.000000e-50  1.000000e-50  1.156069e-03  7.321773e-02  2.569043e-02 
1.000000e-50  1.000000e-50  5.479452e-03  1.000000e-50  3.835616e-02  1.000000e-50  1.376712e-01  2.054795e-03  5.136986e-02  1.000000e-50  1.000000e-50  1.000000e-50  1.000000e-50  1.000000e-50  2.054795e-03  1.000000e-50  1.000000e-50  1.000000e-50  1.000000e-50  3.424658e-03  1.000000e-50  1.000000e-50  6.849315e-04  1.000000e-50  1.000000e-50  5.479452e-03  1.000000e-50  3.424658e-03  1.000000e-50  1.000000e-50  7.294521e-01  1.000000e-50  1.000000e-50  1.000000e-50  2.054795e-02 
1.217450e-01  1.000000e-50  1.646939e-01  1.000000e-50  1.000000e-50  5.985796e-02  1.000000e-50  1.000000e-50  1.000000e-50  4.734528e-03  3.314170e-02  5.647616e-02  1.000000e-50  2.502536e-02  1.000000e-50  2.806899e-02  5.072709e-03  1.000000e-50  9.908691e-02  1.082178e-02  1.000000e-50  1.000000e-50  1.000000e-50  7.778154e-03  1.000000e-50  6.594521e-02  2.942171e-02  2.840717e-02  1.000000e-50  2.512682e-01  1.000000e-50  1.000000e-50  8.454515e-03  1.000000e-50  1.000000e-50 
3.847664e-02  1.000000e-50  1.963094e-03  3.926188e-03  5.104044e-03  1.000000e-50  3.062426e-02  5.300353e-02  2.080879e-02  1.009030e-01  3.415783e-02  1.000000e-50  1.000000e-50  1.688261e-02  2.983903e-02  2.983903e-02  1.000000e-50  1.000000e-50  4.711425e-02  1.020809e-02  1.766784e-02  1.000000e-50  6.164115e-02  1.000000e-50  5.104044e-02  7.067138e-03  1.000000e-50  4.201021e-02  1.452689e-02  1.000000e-50  1.912053e-01  7.302709e-02  1.177856e-02  1.000000e-50  1.071849e-01 
1.394976e-01  1.425263e-02  1.000000e-50  2.422947e-02  1.000000e-50  1.000000e-50  2.618920e-02  3.830394e-02  1.000000e-50  5.879209e-03  7.500445e-02  1.000000e-50  1.000000e-50  1.000000e-50  2.583289e-02  2.262605e-02  1.000000e-50  1.247105e-03  3.028683e-02  2.244789e-02  3.741315e-03  1.000000e-50  2.344557e-01  1.000000e-50  1.090326e-01  1.300552e-02  8.551577e-03  2.155710e-02  1.000000e-50  1.000000e-50  7.928024e-02  2.494210e-03  6.769998e-03  6.467130e-02  3.064315e-02 
1.293014e-02  1.000000e-50  1.000000e-50  4.734098e-02  1.453597e-01  1.000000e-50  1.689260e-02  1.000000e-50  1.672576e-01  2.179353e-01  1.000000e-50  1.000000e-50  1.000000e-50  1.000000e-50  5.172054e-02  6.110532e-02  1.000000e-50  1.000000e-50  2.127216e-02  3.920751e-02  4.796663e-03  1.000000e-50  1.772680e-02  1.000000e-50  2.586027e-02  1.939520e-02  1.000000e-50  1.876955e-02  1.021898e-02  1.000000e-50  3.190824e-02  2.523462e-02  8.133472e-03  1.000000e-50  5.693431e-02 
3.345662e-02  8.406187e-04  6.220578e-03  1.000000e-50  8.574311e-02  1.000000e-50  1.143241e-02  3.765972e-02  6.153329e-02  2.639543e-02  2.084734e-02  1.000000e-50  1.000000e-50  1.000000e-50  1.260928e-02  3.665098e-02  1.000000e-50  6.724950e-04  4.186281e-02  2.353732e-03  1.950235e-02  1.000000e-50  2.925353e-02  1.000000e-50  6.287828e-02  9.583053e-03  1.000000e-50  3.429724e-02  1.092804e-02  1.000000e-50  2.424344e-01  1.000000e-50  1.000000e-50  3.160726e-02  1.812374e-01 
8.145146e-02  1.000000e-50  2.567072e-02  5.771087e-02  1.000000e-50  1.930129e-03  1.447597e-02  1.988033e-02  1.000000e-50  5.790388e-03  2.331596e-01  4.632310e-03  1.000000e-50  1.215981e-02  7.276588e-02  4.941131e-02  4.439297e-03  1.000000e-50  3.647944e-02  9.650647e-03  1.505501e-02  1.000000e-50  7.469600e-02  1.000000e-50  5.713183e-02  1.737116e-02  7.295889e-02  1.000000e-50  5.211349e-03  1.000000e-50  7.913530e-03  1.293187e-02  6.350125e-02  4.362092e-02  1.000000e-50 
1.512433e-02  1.000000e-50  1.000000e-50  1.000000e-50  1.000000e-50  7.895411e-02  1.000000e-50  1.000000e-50  1.000000e-50  1.000000e-50  1.717508e-02  2.307101e-02  1.000000e-50  1.000000e-50  1.384260e-02  1.000000e-50  1.525250e-01  1.707255e-01  1.000000e-50  1.000000e-50  5.921559e-02  1.000000e-50  3.076134e-03  1.000000e-50  1.000000e-50  1.000000e-50  2.291720e-01  1.000000e-50  1.000000e-50  2.345552e-01  1.000000e-50  1.000000e-50  2.563445e-03  1.000000e-50  1.000000e-50 
1.000000e-50  1.000000e-50  1.000000e-50  1.000000e-50  1.000000e-50  1.010944e-02  1.000000e-50  1.000000e-50  1.000000e-50  1.000000e-50  1.000000e-50  1.000000e-50  7.627973e-01  1.000000e-50  1.000000e-50  1.000000e-50  9.066401e-02  1.000000e-50  1.000000e-50  3.209346e-04  1.000000e-50  1.332520e-01  1.000000e-50  2.856318e-03  1.000000e-50  1.000000e-50  1.000000e-50  1.000000e-50  1.000000e-50  1.000000e-50  1.000000e-50  1.000000e-50  1.000000e-50  1.000000e-50  1.000000e-50 
5.811540e-02  5.396430e-03  7.347447e-02  1.951017e-02  1.000000e-50  1.000000e-50  1.000000e-50  3.237858e-02  1.000000e-50  1.000000e-50  1.000000e-50  1.000000e-50  4.773765e-02  1.000000e-50  1.203819e-02  1.137401e-01  1.000000e-50  1.000000e-50  1.440432e-01  3.113325e-02  1.000000e-50  1.000000e-50  2.283105e-02  1.000000e-50  6.683271e-02  1.577418e-01  5.562474e-02  7.721046e-02  4.026567e-02  1.000000e-50  1.000000e-50  1.000000e-50  9.132420e-03  3.279369e-02  1.000000e-50 
4.055220e-02  5.349439e-02  1.000000e-50  8.340523e-03  2.013230e-03  1.000000e-50  1.783146e-02  1.668105e-02  1.000000e-50  1.064136e-02  1.242450e-01  1.000000e-50  1.438021e-02  1.000000e-50  5.464481e-02  2.847282e-02  1.000000e-50  1.000000e-50  7.075065e-02  9.203336e-03  2.300834e-02  1.179177e-02  1.932701e-01  1.000000e-50  1.038251e-01  1.000000e-50  2.559678e-02  5.291918e-02  1.898188e-02  1.000000e-50  3.278689e-02  1.000000e-50  4.170262e-02  3.278689e-02  1.207938e-02 
1.189689e-02  3.304693e-03  1.321877e-03  2.785856e-01  1.000000e-50  1.000000e-50  1.000000e-50  5.386649e-02  1.000000e-50  1.000000e-50  5.436219e-02  1.000000e-50  1.000000e-50  8.278255e-02  1.569729e-02  9.021811e-02  1.000000e-50  1.000000e-50  1.000000e-50  1.982816e-03  1.057502e-02  4.957039e-04  1.850628e-02  1.000000e-50  9.418374e-03  4.130866e-03  1.000000e-50  1.000000e-50  3.602115e-01  1.000000e-50  1.000000e-50  1.000000e-50  1.000000e-50  1.000000e-50  2.643754e-03 
2.820079e-03  1.165633e-02  1.000000e-50  3.038165e-01  1.000000e-50  2.237263e-01  5.640158e-04  1.000000e-50  1.000000e-50  1.000000e-50  1.000000e-50  1.686407e-01  1.000000e-50  6.937394e-02  8.084226e-03  1.000000e-50  8.309833e-02  1.000000e-50  1.000000e-50  1.000000e-50  1.000000e-50  1.000000e-50  1.000000e-50  5.264147e-03  1.000000e-50  1.000000e-50  1.000000e-50  1.000000e-50  1.171273e-01  5.828163e-03  1.000000e-50  1.000000e-50  1.000000e-50  1.000000e-50  1.000000e-50 
1.000000e-50  1.000000e-50  1.000000e-50  1.000000e-50  1.000000e-50  1.000000e-50  1.000000e-50  1.000000e-50  1.000000e-50  1.000000e-50  5.933587e-02  8.786064e-01  1.000000e-50  1.000000e-50  1.905280e-02  1.000000e-50  9.254219e-03  2.068590e-02  1.000000e-50  1.000000e-50  1.000000e-50  1.000000e-50  1.000000e-50  1.000000e-50  1.000000e-50  1.000000e-50  1.000000e-50  1.000000e-50  8.709853e-03  1.000000e-50  1.000000e-50  2.177463e-03  2.177463e-03  1.000000e-50  1.000000e-50 
6.407919e-02  1.000000e-50  1.172180e-01  1.000000e-50  1.000000e-50  1.000000e-50  1.536859e-02  9.898411e-02  1.211253e-02  3.256056e-02  1.393592e-02  1.000000e-50  1.000000e-50  1.000000e-50  2.240167e-02  1.000000e-50  1.000000e-50  1.000000e-50  6.121386e-03  3.516541e-03  1.000000e-50  1.000000e-50  7.684293e-02  1.000000e-50  9.364418e-02  4.363115e-02  1.000000e-50  5.860901e-02  1.000000e-50  1.000000e-50  4.076582e-02  1.457411e-01  1.000000e-50  8.934618e-02  6.512113e-02 
5.402364e-02  1.000000e-50  6.190208e-03  1.468768e-01  1.000000e-50  1.000000e-50  1.350591e-02  4.333146e-02  1.000000e-50  6.190208e-03  1.688239e-02  1.000000e-50  2.588633e-02  1.000000e-50  4.895892e-02  4.389420e-02  1.000000e-50  5.064716e-03  2.982555e-02  2.813731e-02  6.302757e-02  1.000000e-50  7.090602e-02  1.000000e-50  6.077659e-02  1.069218e-02  1.688239e-02  2.025886e-02  6.696680e-02  1.000000e-50  2.476083e-02  5.008441e-02  1.012943e-02  1.148002e-01  2.194710e-02 
1.000000e-50  1.000000e-50  1.000000e-50  1.000000e-50  1.000000e-50  1.000000e-50  1.000000e-50  1.000000e-50  1.000000e-50  1.000000e-50  1.000000e-50  1.000000e-50  2.495449e-01  1.000000e-50  1.000000e-50  1.000000e-50  1.000000e-50  5.262287e-02  1.000000e-50  1.000000e-50  1.919576e-02  4.105577e-01  1.000000e-50  2.452424e-01  1.000000e-50  1.000000e-50  2.283634e-02  1.000000e-50  1.000000e-50  1.000000e-50  1.000000e-50  1.000000e-50  1.000000e-50  1.000000e-50  1.000000e-50 
1.000000e-50  1.000000e-50  1.000000e-50  1.221137e-03  1.000000e-50  8.492451e-02  1.000000e-50  1.000000e-50  1.000000e-50  1.000000e-50  1.000000e-50  9.791297e-02  1.000000e-50  1.000000e-50  1.000000e-50  1.000000e-50  6.660746e-03  1.000000e-50  1.000000e-50  1.000000e-50  1.000000e-50  9.780195e-02  1.000000e-50  7.001554e-01  1.000000e-50  1.000000e-50  1.000000e-50  1.000000e-50  1.000000e-50  1.132327e-02  1.000000e-50  1.000000e-50  1.000000e-50  1.000000e-50  1.000000e-50 
5.842422e-02  6.677053e-03  6.899622e-03  1.502337e-02  1.000000e-50  1.000000e-50  1.802804e-02  8.223904e-02  5.341643e-03  1.112842e-02  3.249499e-02  1.000000e-50  1.446695e-02  1.335411e-02  3.171600e-02  6.154017e-02  1.000000e-50  3.115958e-03  6.665925e-02  3.160472e-02  5.441798e-02  1.000000e-50  8.557757e-02  1.000000e-50  9.002893e-02  1.212998e-02  1.569108e-02  3.794792e-02  3.839306e-02  1.000000e-50  3.327398e-02  8.802582e-02  9.793011e-03  3.672379e-02  3.928333e-02 
1.000000e-50  1.867530e-03  1.000000e-50  1.000000e-50  1.000000e-50  2.440239e-02  1.000000e-50  1.000000e-50  1.000000e-50  1.000000e-50  1.000000e-50  2.938247e-02  6.106823e-01  1.000000e-50  7.470120e-04  1.000000e-50  1.606076e-01  1.000000e-50  1.000000e-50  1.000000e-50  4.482072e-03  1.574950e-01  1.000000e-50  1.033367e-02  1.000000e-50  1.000000e-50  1.000000e-50  1.000000e-50  1.000000e-50  1.000000e-50  1.000000e-50  1.000000e-50  1.000000e-50  1.000000e-50  1.000000e-50 
9.560793e-02  8.569898e-03  1.000000e-50  1.000000e-50  1.000000e-50  1.000000e-50  1.080164e-02  4.758079e-02  1.044456e-02  3.044099e-02  1.044456e-02  1.000000e-50  1.000000e-50  1.000000e-50  3.222639e-02  1.000000e-50  1.000000e-50  1.000000e-50  4.499197e-02  9.908945e-03  1.000000e-50  1.000000e-50  7.980718e-02  1.000000e-50  1.515801e-01  1.812176e-02  1.000000e-50  1.080164e-01  1.000000e-50  1.000000e-50  2.758436e-02  2.104089e-01  5.356186e-03  4.695590e-02  5.115158e-02 
4.764398e-02  4.450262e-03  1.374346e-01  1.544503e-02  2.094241e-03  1.000000e-50  8.115183e-03  3.507853e-02  9.947644e-03  3.350785e-02  2.513089e-02  1.000000e-50  5.235602e-03  1.727749e-02  1.361257e-02  1.387435e-02  1.000000e-50  1.000000e-50  8.036649e-02  1.000000e-50  1.675393e-02  1.000000e-50  7.015707e-02  1.000000e-50  1.848168e-01  6.282723e-02  7.068063e-03  2.958115e-02  1.806283e-02  1.000000e-50  6.125654e-02  2.539267e-02  1.000000e-50  4.450262e-02  3.036649e-02 
1.000000e-50  1.000000e-50  1.000000e-50  1.000000e-50  1.000000e-50  1.000000e-50  1.000000e-50  1.000000e-50  1.000000e-50  1.000000e-50  1.000000e-50  1.000000e-50  2.403728e-02  1.000000e-50  1.000000e-50  1.000000e-50  1.000000e-50  1.839588e-01  1.000000e-50  1.000000e-50  4.277655e-01  3.875399e-02  1.000000e-50  1.000000e-50  1.000000e-50  1.000000e-50  3.254844e-01  1.000000e-50  1.000000e-50  1.000000e-50  1.000000e-50  1.000000e-50  1.000000e-50  1.000000e-50  1.000000e-50 
2.343314e-02  9.298866e-03  1.115864e-03  3.273201e-02  7.439092e-04  1.000000e-50  1.357634e-02  6.397619e-02  1.000000e-50  4.463455e-03  1.000000e-50  1.000000e-50  5.207365e-02  1.000000e-50  3.068626e-02  1.130742e-01  2.603682e-03  1.000000e-50  8.759531e-02  1.000000e-50  1.770504e-01  1.000000e-50  5.932676e-02  1.000000e-50  3.012832e-02  1.599405e-02  3.961317e-02  2.808257e-02  8.852520e-02  1.000000e-50  3.793937e-02  5.263158e-02  6.509206e-03  1.000000e-50  2.882648e-02 
1.586131e-02  5.164146e-03  3.319808e-03  5.143858e-01  1.000000e-50  1.000000e-50  1.000000e-50  2.508300e-02  1.000000e-50  1.000000e-50  2.250092e-02  1.000000e-50  1.000000e-50  1.128735e-01  4.241977e-03  1.217263e-02  1.000000e-50  4.241977e-03  5.164146e-03  4.426411e-03  1.954998e-02  1.000000e-50  1.000000e-50  1.000000e-50  5.717447e-03  1.000000e-50  1.000000e-50  1.000000e-50  8.760605e-02  1.000000e-50  1.000000e-50  1.000000e-50  1.000000e-50  1.576909e-01  1.000000e-50 
1.226252e-01  1.899827e-02  1.000000e-50  1.000000e-50  1.000000e-50  1.000000e-50  2.245250e-02  1.000000e-50  1.000000e-50  1.000000e-50  2.130109e-01  1.000000e-50  1.554404e-02  2.130109e-02  2.245250e-02  8.232585e-02  1.000000e-50  1.000000e-50  7.484168e-02  9.786989e-02  2.130109e-02  1.000000e-50  5.008636e-02  1.000000e-50  1.162925e-01  9.671848e-02  1.000000e-50  1.000000e-50  6.908463e-03  1.000000e-50  9.786989e-03  1.000000e-50  1.000000e-50  1.000000e-50  7.484168e-03 
1.380644e-02  1.000000e-50  3.201494e-03  1.400654e-03  8.137131e-03  1.000000e-50  3.061429e-02  1.680784e-02  3.888481e-02  1.191223e-01  3.668379e-03  1.000000e-50  1.000000e-50  4.135263e-03  6.069499e-03  2.201027e-03  1.000000e-50  1.000000e-50  1.000000e-50  7.003268e-03  6.002801e-04  1.000000e-50  2.174348e-02  1.000000e-50  1.047155e-02  1.780831e-02  1.000000e-50  2.014273e-02  6.869873e-03  1.000000e-50  3.596345e-01  1.240579e-02  2.467818e-03  8.337224e-03  2.844661e-01 
3.470867e-02  1.839978e-02  8.084750e-02  1.000000e-50  1.000000e-50  1.000000e-50  1.700585e-02  7.067187e-02  7.109005e-03  1.017563e-02  1.714525e-02  1.000000e-50  1.000000e-50  1.000000e-50  1.923613e-02  8.795651e-02  1.000000e-50  1.672707e-03  1.046836e-01  5.854474e-03  5.380541e-02  1.000000e-50  5.296905e-02  1.000000e-50  1.105381e-01  3.275718e-02  2.007248e-02  3.875105e-02  1.000000e-50  1.000000e-50  3.526624e-02  9.116253e-02  9.199888e-03  2.592696e-02  5.408419e-02 
7.452907e-02  7.534808e-02  1.000000e-50  1.000000e-50  8.190008e-04  1.000000e-50  1.556102e-02  7.289107e-02  1.000000e-50  1.000000e-50  1.228501e-01  1.000000e-50  1.000000e-50  1.000000e-50  8.435708e-02  2.866503e-02  3.276003e-03  1.000000e-50  1.000000e-50  4.095004e-03  2.948403e-02  1.000000e-50  1.162981e-01  1.000000e-50  7.371007e-02  1.392301e-02  1.000000e-50  4.340704e-02  1.000000e-50  1.000000e-50  3.112203e-02  6.224406e-02  9.500410e-02  1.392301e-02  3.849304e-02 
8.744955e-02  2.037286e-02  3.267346e-02  8.456660e-03  1.000000e-50  1.000000e-50  3.670959e-02  1.825870e-02  9.033250e-03  8.456660e-03  1.000000e-50  1.000000e-50  6.342495e-03  1.902748e-02  1.364597e-02  2.671536e-02  1.000000e-50  3.075149e-03  8.860273e-02  1.556794e-02  1.633673e-02  1.000000e-50  2.231405e-01  1.000000e-50  1.078224e-01  1.249279e-02  1.000000e-50  5.689026e-02  8.841053e-03  1.000000e-50  1.199308e-01  1.000000e-50  1.000000e-50  1.000000e-50  6.015760e-02 
1.306616e-02  8.779631e-04  5.164489e-04  1.000000e-50  2.014151e-03  1.000000e-50  8.882921e-03  2.685534e-03  1.198678e-01  7.684760e-02  4.079946e-03  1.000000e-50  1.000000e-50  1.000000e-50  1.291122e-03  1.000000e-50  1.000000e-50  1.000000e-50  4.389816e-03  3.305273e-03  1.000000e-50  1.000000e-50  1.285958e-02  1.000000e-50  1.105201e-02  1.358261e-02  1.000000e-50  2.308527e-02  1.000000e-50  1.000000e-50  1.670712e-01  4.906265e-03  1.000000e-50  6.662191e-03  5.229562e-01 


#DOUBLE_1x35_DISCRETE_HIDDEN_DOMINANT-EIGENVECTOR
3.337153e-02  5.276437e-03  2.050211e-02  3.475504e-02  6.517112e-03  1.311874e-02  1.136908e-02  2.498731e-02  2.147196e-02  2.664905e-02  2.365714e-02  1.766556e-02  1.379060e-01  1.093813e-02  1.550976e-02  2.665854e-02  2.344832e-02  8.391789e-03  3.439199e-02  7.946873e-03  2.654034e-02  3.986656e-02  4.003654e-02  3.553947e-02  4.985157e-02  1.726614e-02  1.829096e-02  2.359310e-02  2.413714e-02  8.027952e-03  6.658243e-02  3.179815e-02  5.538697e-03  2.314127e-02  8.525721e-02  

#DOUBLE_35x20_DISCRETE_AA_EMISSION
4.182510e-02  3.054936e-02  2.320703e-01  4.444736e-02  3.828504e-02  9.046807e-03  4.418513e-02  2.753376e-02  4.470958e-02  3.920283e-02  1.494690e-02  1.718893e-01  4.457847e-03  2.478039e-02  4.798741e-02  7.001442e-02  3.028714e-02  3.120493e-02  1.232464e-02  4.025174e-02 
1.778496e-02  1.000000e-50  4.203719e-02  3.637833e-02  1.455133e-02  7.162490e-01  1.000000e-50  7.275667e-03  2.101859e-02  1.859337e-02  1.000000e-50  1.778496e-02  1.000000e-50  9.700889e-03  2.021019e-02  5.335489e-02  1.535974e-02  1.000000e-50  1.000000e-50  9.700889e-03 
2.401222e-03  1.746344e-03  5.675617e-03  6.548788e-03  8.076839e-03  9.297097e-01  5.457324e-03  1.000000e-50  5.675617e-03  3.710980e-03  3.274394e-03  1.528051e-02  1.000000e-50  1.309758e-03  1.528051e-03  2.182929e-03  4.584152e-03  1.000000e-50  6.548788e-04  2.182929e-03 
8.951049e-02  1.411316e-02  1.285442e-01  7.577877e-02  3.280356e-02  4.996821e-02  2.263191e-02  6.611570e-03  6.369994e-02  1.061666e-01  2.542912e-02  7.908455e-02  1.000000e-50  5.340114e-02  5.136682e-02  9.052765e-02  5.924984e-02  1.004450e-02  1.436745e-02  2.670057e-02 
6.506849e-02  1.027397e-02  5.547945e-02  4.794521e-02  2.465753e-02  2.328767e-02  2.397260e-02  9.452055e-02  5.547945e-02  1.452055e-01  2.260274e-02  3.493151e-02  2.260274e-02  2.945205e-02  4.452055e-02  5.890411e-02  6.986301e-02  1.431507e-01  1.027397e-02  1.780822e-02 
1.099494e-01  1.618887e-02  4.148398e-02  7.925801e-02  3.406408e-02  2.023609e-02  2.360877e-02  2.158516e-02  8.971332e-02  1.649241e-01  3.440135e-02  5.261383e-02  1.000000e-50  3.946037e-02  7.453626e-02  7.655987e-02  6.543002e-02  2.765599e-02  7.082631e-03  2.124789e-02 
5.818464e-03  7.757952e-04  6.206362e-03  1.939488e-03  1.163693e-03  9.631497e-01  3.878976e-03  1.000000e-50  3.878976e-03  1.000000e-50  1.939488e-03  1.000000e-50  1.000000e-50  1.000000e-50  3.103181e-03  6.982157e-03  1.163693e-03  1.000000e-50  1.000000e-50  1.000000e-50 
7.524229e-02  6.872247e-03  9.568282e-02  8.140969e-02  1.850220e-02  3.136564e-02  1.903084e-02  2.889868e-02  8.581498e-02  6.096916e-02  9.867841e-03  2.713656e-02  1.728634e-01  3.735683e-02  5.550661e-02  8.634361e-02  4.986784e-02  3.682819e-02  5.814978e-03  1.462555e-02 
4.345127e-02  2.813987e-02  1.084213e-01  4.096834e-02  5.172771e-02  5.586592e-03  3.062280e-02  1.262156e-01  3.662322e-02  1.131802e-01  2.400166e-02  7.552245e-02  1.241465e-03  3.020898e-02  2.938134e-02  3.517484e-02  2.565694e-02  1.469067e-01  1.117318e-02  3.579557e-02 
7.102556e-02  2.588782e-02  4.563558e-02  5.326917e-02  4.463989e-02  3.866578e-02  1.775639e-02  3.003651e-02  6.953203e-02  1.070362e-01  1.759044e-02  2.738135e-02  1.520080e-01  2.953867e-02  5.492864e-02  4.995022e-02  4.447395e-02  5.194159e-02  2.904082e-02  3.966147e-02 
6.579446e-02  3.431930e-02  5.479712e-02  8.551384e-02  3.981797e-02  6.541524e-02  3.052711e-02  5.233220e-02  7.262040e-02  8.665150e-02  1.820250e-02  4.133485e-02  1.000000e-50  3.469852e-02  4.285173e-02  7.072431e-02  7.792947e-02  6.977626e-02  1.801289e-02  3.868032e-02 
8.131313e-02  2.121212e-02  3.964646e-02  9.898990e-02  4.797980e-02  1.893939e-02  2.121212e-02  7.828283e-02  8.686869e-02  1.196970e-01  2.171717e-02  2.323232e-02  2.020202e-03  6.237374e-02  6.540404e-02  3.888889e-02  4.166667e-02  7.323232e-02  1.868687e-02  3.863636e-02 
1.399737e-01  1.278314e-02  4.088040e-02  8.381123e-02  4.084836e-02  3.120495e-02  1.867811e-02  6.990677e-02  6.888156e-02  1.283760e-01  2.957101e-02  2.697594e-02  3.203793e-05  4.901804e-02  6.240989e-02  3.437670e-02  3.854163e-02  7.355909e-02  1.534617e-02  3.482523e-02 
2.546201e-02  1.765914e-02  9.897331e-02  2.340862e-02  8.542094e-02  3.162218e-02  6.899384e-02  4.722793e-02  2.299795e-02  7.392197e-02  2.053388e-02  1.498973e-01  1.000000e-50  3.696099e-02  4.887064e-02  3.203285e-02  7.474333e-02  4.271047e-02  2.299795e-02  7.556468e-02 
7.098062e-02  1.852908e-02  1.257127e-01  5.530217e-02  3.534778e-02  6.727480e-02  2.565564e-02  2.023945e-02  4.960091e-02  7.924743e-02  1.909920e-02  1.043330e-01  1.259977e-01  3.050171e-02  4.076397e-02  5.530217e-02  3.192702e-02  1.852908e-02  9.692132e-03  1.596351e-02 
1.229413e-01  1.097987e-02  4.208950e-02  7.053735e-02  2.512061e-02  3.061055e-02  1.330893e-02  3.610048e-02  6.820828e-02  7.502911e-02  1.796706e-02  1.730161e-02  2.141075e-01  2.878057e-02  4.857761e-02  5.573116e-02  3.077691e-02  4.957578e-02  1.696889e-02  2.528697e-02 
1.682611e-01  6.940536e-03  4.408179e-02  8.835115e-02  2.213468e-02  2.682424e-02  1.200525e-02  4.633277e-02  9.529169e-02  1.433127e-01  2.982555e-02  3.732883e-02  5.627462e-04  5.496155e-02  7.540799e-02  5.871319e-02  2.382292e-02  3.751641e-02  1.012943e-02  1.819546e-02 
1.057174e-01  1.941748e-02  6.418554e-02  1.359223e-01  1.000000e-50  4.746494e-02  1.186624e-02  5.285868e-02  7.820928e-02  9.169364e-02  2.966559e-02  3.290183e-02  2.319310e-02  4.746494e-02  7.820928e-02  5.717368e-02  4.207120e-02  5.555556e-02  1.000000e-50  2.642934e-02 
1.658927e-01  2.257482e-02  5.237358e-02  6.566047e-02  5.276058e-02  2.541280e-02  1.741486e-02  3.482972e-02  5.198658e-02  1.190660e-01  3.212074e-02  2.941176e-02  1.000000e-50  3.895769e-02  5.056760e-02  7.030444e-02  5.314757e-02  5.546956e-02  1.741486e-02  4.463364e-02 
2.173913e-02  3.344482e-03  2.898551e-02  1.114827e-02  6.688963e-03  8.104794e-01  2.229654e-03  1.672241e-03  1.839465e-02  8.361204e-03  3.901895e-03  1.950948e-02  1.000000e-50  7.803790e-03  1.059086e-02  3.121516e-02  3.901895e-03  2.787068e-03  2.229654e-03  5.016722e-03 
8.535980e-02  6.451613e-03  5.971878e-02  9.263854e-02  2.646816e-02  3.738627e-02  1.770058e-02  4.267990e-02  4.929694e-02  6.269644e-02  1.207610e-02  2.382134e-02  2.330852e-01  3.308519e-02  3.556658e-02  4.747725e-02  3.540116e-02  5.095120e-02  2.001654e-02  2.812242e-02 
1.253044e-01  1.206553e-02  7.283595e-02  1.246402e-01  2.723046e-02  3.675006e-02  1.903919e-02  2.213859e-02  7.416427e-02  9.508523e-02  3.320788e-02  5.335400e-02  3.320788e-04  5.534647e-02  8.124862e-02  6.619438e-02  3.088333e-02  2.789462e-02  1.582909e-02  2.645561e-02 
7.109057e-02  2.377022e-02  6.910972e-02  5.249257e-02  4.643997e-02  3.554528e-02  4.357874e-02  1.342577e-02  4.710025e-02  2.509079e-02  1.485639e-02  7.219104e-02  7.703312e-04  3.587543e-02  5.293276e-02  1.514251e-01  1.468031e-01  3.895675e-02  1.331573e-02  4.522945e-02 
7.365793e-02  8.489388e-03  5.555556e-02  1.019975e-01  5.043695e-02  3.295880e-02  2.609238e-02  8.564295e-02  5.593009e-02  1.147316e-01  2.521848e-02  2.559301e-02  1.000000e-50  5.518102e-02  4.656679e-02  3.358302e-02  5.805243e-02  9.637953e-02  1.398252e-02  3.995006e-02 
3.711213e-02  1.868829e-02  1.000000e-50  6.391044e-02  5.562412e-02  1.000000e-50  1.824753e-02  1.415726e-01  9.062059e-02  1.376939e-01  2.582863e-02  1.000000e-50  1.000000e-50  5.562412e-02  5.580042e-02  1.278209e-02  5.641749e-02  1.689880e-01  1.692525e-02  4.416432e-02 
4.900181e-02  1.296344e-02  1.257454e-01  5.003889e-02  2.696396e-02  1.166710e-01  3.500130e-02  1.555613e-03  9.307752e-02  2.826031e-02  1.555613e-02  2.429349e-01  1.000000e-50  4.874255e-02  6.015038e-02  4.900181e-02  2.851957e-03  2.333420e-03  1.140783e-02  2.774177e-02 
9.345794e-02  1.303492e-02  3.393999e-02  7.575012e-02  4.476144e-02  5.238564e-02  2.262666e-02  7.525824e-02  5.804230e-02  1.566650e-01  2.459420e-02  2.188883e-02  1.598623e-02  3.467782e-02  5.189375e-02  3.984260e-02  4.058042e-02  7.894737e-02  1.942941e-02  4.623709e-02 
3.045222e-02  1.732312e-02  1.177972e-01  2.552881e-02  1.000000e-50  2.184537e-01  1.659373e-02  1.000000e-50  2.680525e-02  2.826404e-02  5.470460e-03  6.673961e-02  1.732312e-02  2.133479e-02  2.789934e-02  2.117068e-01  1.546317e-01  1.000000e-50  2.735230e-03  1.094092e-02 
1.060771e-01  1.128093e-02  8.005822e-02  1.082606e-01  2.037846e-02  4.694323e-02  3.093159e-02  2.201601e-02  7.332606e-02  4.967249e-02  1.291849e-02  4.021106e-02  9.206696e-02  4.021106e-02  5.003639e-02  1.189956e-01  4.239447e-02  2.110626e-02  1.401019e-02  1.910480e-02 
3.617863e-02  2.204635e-02  2.882985e-02  4.861504e-02  1.011871e-01  2.091577e-02  5.031091e-02  5.709440e-02  5.935557e-02  1.079706e-01  2.769927e-02  6.726964e-02  1.000000e-50  3.730921e-02  4.126625e-02  3.843980e-02  7.235726e-02  7.631430e-02  1.865461e-02  8.818542e-02 
1.101076e-01  2.809138e-02  2.609908e-02  4.967459e-02  7.876212e-02  4.602205e-02  2.968522e-02  4.090849e-02  4.794793e-02  4.157259e-02  2.570062e-02  2.105193e-02  1.000000e-50  3.639262e-02  5.917120e-02  9.669279e-02  8.819232e-02  7.862930e-02  2.277859e-02  7.251959e-02 
6.159570e-02  6.752101e-03  2.714620e-02  4.850489e-02  8.130081e-03  2.342566e-03  1.240182e-02  6.614303e-03  4.643792e-02  1.653576e-02  4.271738e-03  5.374122e-03  6.586744e-01  1.226402e-02  2.521703e-02  2.962657e-02  7.303293e-03  1.033485e-02  4.409536e-03  6.063111e-03 
7.857143e-02  2.777778e-02  9.603175e-02  6.746032e-02  2.142857e-02  1.539683e-01  5.079365e-02  2.539683e-02  6.349206e-02  5.555556e-02  1.428571e-02  8.730159e-02  1.031746e-02  4.126984e-02  4.682540e-02  6.031746e-02  4.523810e-02  2.936508e-02  1.190476e-02  1.269841e-02 
3.089245e-02  1.449275e-02  8.943555e-02  5.854310e-02  3.756674e-02  1.983219e-02  3.051106e-02  3.394355e-02  9.610984e-02  6.121281e-02  1.334859e-02  6.731503e-02  1.000000e-50  4.443173e-02  7.055683e-02  6.941266e-02  1.510297e-01  5.225019e-02  1.201373e-02  4.710145e-02 
3.421542e-02  1.509200e-02  1.023362e-02  4.170974e-02  5.411412e-02  7.959479e-03  1.933016e-02  1.607401e-01  4.465578e-02  1.406347e-01  1.757288e-02  1.638412e-02  1.000000e-50  2.501551e-02  4.357039e-02  2.093240e-02  7.406450e-02  2.102543e-01  1.493694e-02  4.858383e-02 


#DOUBLE_35x3_DISCRETE_SS_EMISSION
2.103879e-03  1.314924e-04  9.977646e-01 
6.488240e-03  1.000000e-50  9.935118e-01 
1.000000e-50  6.530257e-03  9.934697e-01 
3.803245e-04  1.000000e-50  9.996197e-01 
1.000000e-50  9.917808e-01  8.219178e-03 
1.000000e+00  1.000000e-50  1.000000e-50 
1.000000e-50  4.355660e-01  5.644340e-01 
7.097232e-04  1.000000e-50  9.992903e-01 
1.000000e-50  1.000000e+00  1.000000e-50 
1.000000e-50  1.000000e+00  1.000000e-50 
2.859321e-02  1.000000e-50  9.714068e-01 
1.000000e+00  1.000000e-50  1.000000e-50 
1.000000e+00  1.000000e-50  1.000000e-50 
1.000000e-50  1.000000e-50  1.000000e+00 
6.837607e-03  1.794872e-02  9.752137e-01 
1.000000e-50  1.000000e-50  1.000000e+00 
1.000000e+00  1.000000e-50  1.000000e-50 
9.967828e-01  1.000000e-50  3.217158e-03 
1.000000e-50  1.000000e-50  1.000000e+00 
4.537908e-02  1.217488e-02  9.424460e-01 
1.000000e+00  1.000000e-50  1.000000e-50 
1.000000e+00  1.000000e-50  1.000000e-50 
1.000000e-50  1.000000e-50  1.000000e+00 
1.000000e+00  1.000000e-50  1.000000e-50 
1.000000e-50  1.000000e-50  1.000000e+00 
1.000000e-50  3.952158e-02  9.604784e-01 
1.000000e+00  1.000000e-50  1.000000e-50 
1.000000e-50  2.077970e-02  9.792203e-01 
1.000000e-50  1.000000e-50  1.000000e+00 
9.977376e-01  1.000000e-50  2.262443e-03 
1.000000e-50  1.000000e+00  1.000000e-50 
1.371554e-04  1.000000e-50  9.998628e-01 
1.435407e-02  1.036683e-02  9.752791e-01 
1.000000e-50  1.000000e-50  1.000000e+00 
1.000000e-50  1.000000e+00  1.000000e-50 


#DOUBLE_35x2_DISCRETE_CIS_EMISSION
1.000000e+00  1.000000e-50 
1.000000e+00  1.000000e-50 
1.000000e+00  1.000000e-50 
1.000000e+00  1.000000e-50 
9.965730e-01  3.427005e-03 
1.000000e+00  1.000000e-50 
9.976617e-01  2.338270e-03 
9.718111e-01  2.818887e-02 
1.000000e+00  1.000000e-50 
9.976721e-01  2.327902e-03 
1.000000e+00  1.000000e-50 
1.000000e+00  1.000000e-50 
1.000000e+00  1.000000e-50 
1.000000e+00  1.000000e-50 
1.000000e+00  1.000000e-50 
1.000000e+00  1.000000e-50 
1.000000e+00  1.000000e-50 
1.000000e+00  1.000000e-50 
1.000000e+00  1.000000e-50 
9.988938e-01  1.106195e-03 
1.000000e+00  1.000000e-50 
1.000000e+00  1.000000e-50 
9.979262e-01  2.073783e-03 
1.000000e+00  1.000000e-50 
1.000000e+00  1.000000e-50 
1.000000e+00  1.000000e-50 
1.000000e+00  1.000000e-50 
1.000000e+00  1.000000e-50 
1.000000e+00  1.000000e-50 
1.000000e+00  1.000000e-50 
1.000000e+00  1.000000e-50 
9.561561e-01  4.384393e-02 
1.000000e+00  1.000000e-50 
1.000000e+00  1.000000e-50 
1.000000e+00  1.000000e-50 


#DOUBLE_35x3_TORUS_TORUS_KAPPA
1.757813e+00  4.230770e+00  -7.419041e+00 
2.910524e+00  2.269663e+00  -5.912705e-01 
4.415046e+01  3.343339e+01  1.360950e+01 
7.230661e+01  6.043334e+01  2.404820e+01 
1.351039e+01  1.249129e+01  3.026625e+00 
5.106982e+01  4.958937e+01  1.778208e+01 
1.718829e+00  5.224862e+00  -1.036136e+00 
4.239976e+01  2.612598e+01  1.128852e+01 
4.673060e+00  1.233757e+01  -5.913212e+00 
2.161094e+01  2.025247e+01  2.565664e+00 
4.163853e+00  4.137517e+00  1.383356e-02 
3.955716e+01  4.602632e+01  1.487704e+01 
3.972152e+02  3.092888e+02  1.197910e+02 
3.869723e+01  3.706494e+01  1.046292e+01 
6.430587e+00  1.352073e+00  -7.779244e+00 
1.075449e+02  6.825903e+01  2.877775e+01 
1.838889e+02  1.114293e+02  5.109999e+01 
5.483713e+01  4.451978e+01  1.751221e+01 
4.901831e+01  4.265511e+01  1.400036e+01 
3.432934e+01  1.901863e+01  1.022779e+01 
1.632083e+02  1.240487e+02  5.354791e+01 
2.292468e+02  2.154972e+02  8.243032e+01 
8.225545e+00  8.599991e+00  -3.227726e-01 
3.279981e+02  2.355852e+02  9.940941e+01 
8.029867e+00  1.071213e+01  9.522415e-01 
1.290503e+02  6.700784e+01  3.544097e+01 
5.102801e+01  5.134875e+01  1.330336e+01 
2.770582e+01  2.087629e+01  7.146790e+00 
2.037404e+02  1.194770e+02  5.848328e+01 
2.199569e+01  2.299303e+01  8.241539e+00 
1.485827e+01  1.714017e+01  1.528963e+00 
5.482922e+01  3.465054e+01  1.335200e+01 
9.458465e+00  2.929424e+00  1.775774e-01 
2.224444e+01  1.362995e+01  4.885856e+00 
1.957255e+01  2.762894e+01  1.927821e+00 


#DOUBLE_35x2_TORUS_TORUS_MU
-1.794743e+00  1.819061e+00 
1.865955e+00  -3.184507e-01 
1.477975e+00  9.306146e-02 
-1.528298e+00  -4.665980e-02 
-1.653331e+00  -4.995669e-01 
-1.446457e+00  -3.566489e-01 
2.770416e+00  -3.017262e+00 
-1.305431e+00  -4.694876e-01 
-1.776740e+00  1.922840e+00 
-1.389272e+00  2.434545e+00 
-1.627731e+00  -6.917043e-01 
-1.354573e+00  -7.920354e-01 
-1.089188e+00  -7.508760e-01 
-1.896196e+00  2.997220e-01 
-1.550739e+00  1.031918e+00 
-9.968137e-01  -5.662201e-01 
-1.096464e+00  -5.405810e-01 
-1.036768e+00  -5.067269e-01 
-1.171569e+00  2.466412e+00 
1.263024e+00  -2.723388e+00 
-1.014698e+00  -6.469622e-01 
-1.122481e+00  -6.229893e-01 
-2.438981e+00  2.749137e+00 
-1.209302e+00  -7.552244e-01 
-1.791578e+00  2.392820e+00 
9.925064e-01  6.626847e-01 
-9.816234e-01  -8.542986e-01 
-1.418023e+00  2.901496e+00 
-1.144350e+00  -3.103037e-01 
-1.695458e+00  -3.654092e-01 
-2.426179e+00  2.656902e+00 
-1.134087e+00  2.563012e+00 
1.028234e+00  1.114923e+00 
-1.923767e+00  -1.236360e-01 
-2.021029e+00  2.259684e+00 


