#DOUBLE_1x50_DISCRETE_HIDDEN_START
1.000000e-50  1.000000e-50  4.212707e-02  1.000000e-50  1.000000e-50  5.248619e-02  8.287293e-03  1.000000e-50  2.486188e-02  1.029006e-01  1.104972e-02  1.381215e-02  8.563536e-02  1.864641e-02  3.176796e-02  1.215470e-01  6.906077e-03  1.000000e-50  3.453039e-03  1.000000e-50  1.519337e-02  1.000000e-50  3.453039e-03  1.000000e-50  6.146409e-02  1.000000e-50  3.383978e-02  4.143646e-02  7.044199e-02  5.317680e-02  1.000000e-50  1.000000e-50  1.000000e-50  1.000000e-50  1.000000e-50  1.000000e-50  1.864641e-02  1.000000e-50  1.000000e-50  1.519337e-02  1.000000e-50  3.245856e-02  1.000000e-50  3.660221e-02  7.596685e-03  1.000000e-50  2.140884e-02  2.762431e-03  2.831492e-02  3.453039e-02  

#DOUBLE_50x50_DISCRETE_HIDDEN_TRANSITION
1.059908e-01  1.000000e-50  4.147465e-02  1.000000e-50  8.064516e-03  1.000000e-50  1.000000e-50  5.760369e-03  1.651306e-02  4.224270e-02  5.453149e-02  3.456221e-03  5.990783e-02  6.528418e-03  4.723502e-02  8.410138e-02  6.374808e-02  1.000000e-50  1.152074e-02  1.000000e-50  1.036866e-02  1.000000e-50  3.840246e-02  1.000000e-50  1.000000e-50  1.000000e-50  1.000000e-50  1.075269e-02  1.000000e-50  1.155914e-01  1.000000e-50  1.000000e-50  6.528418e-03  1.000000e-50  7.027650e-02  1.000000e-50  1.000000e-50  3.955453e-02  6.912442e-03  1.228879e-02  3.264209e-02  1.000000e-50  1.000000e-50  1.000000e-50  8.832565e-03  1.804916e-02  1.000000e-50  7.296467e-03  1.000000e-50  7.142857e-02 
1.000000e-50  1.000000e-50  1.000000e-50  1.000000e-50  1.000000e-50  1.000000e-50  9.036145e-03  1.000000e-50  1.000000e-50  1.244980e-01  1.104418e-02  1.907631e-02  1.000000e-50  6.024096e-03  4.819277e-02  5.040161e-01  1.907631e-02  1.000000e-50  2.309237e-02  1.000000e-50  2.811245e-02  1.000000e-50  1.000000e-50  1.000000e-50  1.000000e-50  1.000000e-50  1.204819e-02  2.510040e-02  1.000000e-50  5.421687e-02  1.000000e-50  1.000000e-50  1.000000e-50  3.212851e-02  2.811245e-02  1.000000e-50  1.000000e-50  1.000000e-50  1.000000e-50  1.000000e-50  1.000000e-50  2.208835e-02  1.204819e-02  5.020080e-03  1.000000e-50  1.000000e-50  1.000000e-50  1.000000e-50  1.706827e-02  1.000000e-50 
2.204121e-02  1.000000e-50  7.139435e-02  1.772880e-02  1.000000e-50  1.000000e-50  1.000000e-50  1.000000e-50  1.000000e-50  1.000000e-50  8.864399e-03  7.283182e-02  1.000000e-50  1.000000e-50  1.000000e-50  1.000000e-50  1.000000e-50  3.787734e-01  1.533301e-02  1.000000e-50  2.395783e-03  1.000000e-50  1.000000e-50  1.000000e-50  1.000000e-50  1.000000e-50  1.000000e-50  1.000000e-50  1.000000e-50  1.000000e-50  1.000000e-50  1.000000e-50  1.000000e-50  6.181121e-02  1.000000e-50  1.000000e-50  1.000000e-50  1.000000e-50  1.000000e-50  1.000000e-50  1.000000e-50  8.600862e-02  1.000000e-50  1.000000e-50  1.000000e-50  2.628174e-01  1.000000e-50  1.000000e-50  1.000000e-50  1.000000e-50 
1.000000e-50  4.795978e-02  5.994972e-03  1.000000e-50  1.000000e-50  1.334365e-02  1.000000e-50  1.000000e-50  3.693676e-02  1.000000e-50  1.000000e-50  1.000000e-50  1.175788e-01  1.000000e-50  2.146587e-02  1.359505e-01  1.092632e-01  1.000000e-50  7.735448e-03  1.000000e-50  2.281957e-02  1.000000e-50  3.945078e-02  1.000000e-50  1.000000e-50  1.000000e-50  7.348675e-03  7.542061e-03  1.000000e-50  2.475343e-02  1.000000e-50  1.000000e-50  1.160317e-03  2.204603e-02  1.315026e-02  1.000000e-50  1.000000e-50  9.862696e-03  1.000000e-50  8.547670e-02  1.000000e-50  1.000000e-50  3.210211e-02  1.000000e-50  1.315026e-02  1.000000e-50  1.916457e-01  1.000000e-50  1.000000e-50  3.326243e-02 
1.000000e-50  1.000000e-50  1.000000e-50  2.397163e-01  5.531915e-02  1.000000e-50  1.000000e-50  1.484634e-01  1.000000e-50  1.000000e-50  7.943262e-02  1.000000e-50  1.000000e-50  1.000000e-50  1.000000e-50  1.000000e-50  1.000000e-50  2.347518e-01  2.144208e-01  1.000000e-50  1.000000e-50  1.000000e-50  2.364066e-03  1.000000e-50  2.364066e-04  1.000000e-50  1.000000e-50  1.000000e-50  1.000000e-50  1.000000e-50  1.000000e-50  1.000000e-50  1.000000e-50  1.000000e-50  1.000000e-50  1.000000e-50  1.000000e-50  1.000000e-50  1.000000e-50  1.000000e-50  1.000000e-50  1.000000e-50  1.000000e-50  1.000000e-50  1.000000e-50  2.529551e-02  1.000000e-50  1.000000e-50  1.000000e-50  1.000000e-50 
1.000000e-50  1.937814e-03  1.000000e-50  1.000000e-50  1.000000e-50  1.011186e-01  7.698406e-02  1.000000e-50  5.373029e-03  1.506210e-02  1.000000e-50  1.000000e-50  1.444552e-02  1.960715e-01  1.000000e-50  8.103585e-03  2.554391e-03  1.000000e-50  1.000000e-50  3.338325e-02  3.170968e-03  1.823307e-02  2.906721e-03  2.193253e-02  4.844534e-03  1.083414e-02  9.803576e-02  8.279750e-03  6.870431e-03  1.000000e-50  1.000000e-50  1.000000e-50  7.663173e-03  1.000000e-50  2.290144e-03  1.321237e-03  3.026513e-01  1.000000e-50  5.549194e-03  8.543997e-03  4.580287e-03  1.000000e-50  1.000000e-50  1.233154e-03  2.017088e-02  1.000000e-50  3.699463e-03  1.000000e-50  3.082886e-03  9.072492e-03 
1.000000e-50  1.000000e-50  1.000000e-50  1.000000e-50  1.000000e-50  6.562736e-02  1.000000e-50  1.000000e-50  1.760121e-02  2.841338e-02  4.878049e-02  1.000000e-50  6.135278e-02  6.789037e-02  1.000000e-50  6.361579e-02  3.268796e-03  1.000000e-50  6.286145e-03  5.003772e-02  1.835554e-02  7.291929e-02  1.000000e-50  2.514458e-02  1.508675e-03  1.558964e-02  6.160422e-02  2.237868e-02  1.000000e-50  2.615036e-02  1.033442e-01  1.000000e-50  6.034700e-03  1.000000e-50  4.777470e-03  1.000000e-50  1.302489e-01  2.992205e-02  1.000000e-50  1.000000e-50  1.000000e-50  1.000000e-50  1.000000e-50  1.000000e-50  1.000000e-50  1.000000e-50  3.444808e-02  5.028916e-04  1.382952e-02  2.036711e-02 
3.186275e-02  6.535948e-02  1.000000e-50  1.879085e-02  1.000000e-50  1.000000e-50  1.000000e-50  1.000000e-50  5.718954e-02  2.450980e-03  4.901961e-02  1.000000e-50  1.000000e-50  1.000000e-50  1.000000e-50  2.181373e-01  1.691176e-01  1.000000e-50  1.000000e-50  1.000000e-50  1.000000e-50  1.000000e-50  2.369281e-02  1.000000e-50  1.000000e-50  1.000000e-50  1.552288e-02  3.921569e-02  1.000000e-50  1.000000e-50  1.000000e-50  1.000000e-50  1.000000e-50  2.042484e-02  1.552288e-02  1.000000e-50  1.000000e-50  1.000000e-50  5.718954e-03  3.758170e-02  1.000000e-50  5.718954e-03  1.960784e-01  4.084967e-03  1.000000e-50  1.000000e-50  1.000000e-50  1.000000e-50  1.000000e-50  2.450980e-02 
1.000000e-50  3.766183e-02  3.609259e-02  2.903099e-02  1.000000e-50  1.000000e-50  1.000000e-50  1.000000e-50  1.000000e-50  1.000000e-50  3.452334e-01  1.000000e-50  3.413103e-02  1.000000e-50  1.000000e-50  1.000000e-50  1.000000e-50  1.000000e-50  1.039623e-01  1.000000e-50  1.000000e-50  1.000000e-50  1.000000e-50  1.000000e-50  1.000000e-50  1.000000e-50  4.707729e-03  1.000000e-50  1.000000e-50  7.061593e-03  1.000000e-50  2.746175e-03  1.000000e-50  1.000000e-50  1.000000e-50  1.000000e-50  1.000000e-50  2.832483e-01  1.000000e-50  1.000000e-50  1.000000e-50  1.000000e-50  1.000000e-50  1.000000e-50  1.000000e-50  6.276971e-03  1.000000e-50  1.000000e-50  1.098470e-01  1.000000e-50 
1.000000e-50  2.206114e-03  1.050531e-02  1.000000e-50  1.000000e-50  2.815422e-02  7.038554e-03  1.000000e-50  1.859439e-02  9.559828e-02  6.124593e-02  3.571804e-03  7.311692e-02  1.628322e-02  2.930980e-02  7.521799e-02  5.147600e-03  5.252653e-04  1.376195e-02  5.462759e-03  2.038029e-02  1.000000e-50  1.271142e-02  1.000000e-50  8.141612e-02  2.636832e-02  2.048535e-02  3.529783e-02  5.273663e-02  1.859439e-02  1.000000e-50  6.093077e-03  1.000000e-50  1.000000e-50  2.804916e-02  1.565290e-02  1.796407e-02  5.893476e-02  6.828448e-03  1.670344e-02  2.048535e-02  1.260637e-03  4.832440e-03  1.061036e-02  1.449732e-02  1.000000e-50  1.575796e-02  4.622334e-03  4.464755e-02  1.932976e-02 
1.000000e-50  1.198610e-04  1.881817e-02  3.573055e-01  1.000000e-50  1.000000e-50  1.000000e-50  1.000000e-50  9.588877e-04  2.397219e-04  2.229414e-01  1.000000e-50  4.434856e-03  1.000000e-50  7.695074e-02  1.000000e-50  1.000000e-50  1.000000e-50  2.419993e-01  1.000000e-50  3.595829e-03  1.000000e-50  1.000000e-50  1.000000e-50  1.000000e-50  1.000000e-50  1.000000e-50  1.000000e-50  1.000000e-50  9.708738e-03  1.000000e-50  1.000000e-50  8.390267e-04  1.000000e-50  1.000000e-50  1.000000e-50  1.000000e-50  1.000000e-50  1.000000e-50  2.337289e-02  1.000000e-50  1.000000e-50  1.000000e-50  1.000000e-50  1.000000e-50  1.000000e-50  3.404051e-02  2.037636e-03  2.636941e-03  1.000000e-50 
1.000000e-50  1.000000e-50  1.000000e-50  1.000000e-50  8.086844e-02  1.000000e-50  1.000000e-50  5.975500e-03  1.000000e-50  1.000000e-50  1.000000e-50  1.000000e-50  1.000000e-50  1.000000e-50  1.000000e-50  1.000000e-50  1.000000e-50  1.822528e-02  1.000000e-50  1.000000e-50  1.000000e-50  1.000000e-50  1.000000e-50  1.000000e-50  1.000000e-50  1.000000e-50  1.000000e-50  1.000000e-50  1.000000e-50  1.000000e-50  1.000000e-50  6.232447e-01  1.000000e-50  1.673140e-02  1.394283e-03  1.000000e-50  1.000000e-50  1.000000e-50  1.000000e-50  1.000000e-50  1.000000e-50  2.235833e-01  1.000000e-50  1.000000e-50  1.000000e-50  2.758689e-02  1.000000e-50  1.000000e-50  1.000000e-50  2.390200e-03 
1.000000e-50  4.528210e-03  1.000000e-50  1.000000e-50  1.000000e-50  5.862196e-02  2.166198e-02  1.000000e-50  4.981030e-02  7.587811e-02  1.000000e-50  1.000000e-50  1.342553e-01  1.000000e-50  1.000000e-50  9.227757e-02  1.000000e-50  1.000000e-50  1.000000e-50  1.000000e-50  4.185534e-02  1.000000e-50  1.000000e-50  7.710195e-03  2.059723e-01  4.601640e-02  3.169747e-02  9.129849e-02  3.659283e-02  7.832579e-03  1.000000e-50  1.000000e-50  1.444132e-02  1.000000e-50  1.015788e-02  1.000000e-50  1.000000e-50  1.000000e-50  1.000000e-50  1.000000e-50  1.000000e-50  1.000000e-50  1.000000e-50  1.000000e-50  1.015788e-02  1.000000e-50  4.283441e-02  1.000000e-50  1.000000e-50  1.639946e-02 
1.000000e-50  1.182188e-03  1.000000e-50  1.000000e-50  1.000000e-50  1.626166e-01  8.616840e-02  1.000000e-50  5.648233e-03  2.259293e-02  4.728753e-03  1.000000e-50  1.000000e-50  2.127939e-01  3.415211e-03  2.495731e-03  1.970314e-03  1.000000e-50  4.597399e-03  2.561408e-02  1.000000e-50  1.000000e-50  1.000000e-50  1.878366e-02  7.881256e-03  7.224484e-03  9.365559e-02  5.648233e-03  1.261001e-02  1.000000e-50  1.000000e-50  1.000000e-50  1.970314e-02  1.313543e-04  1.050834e-02  1.576251e-03  2.172600e-01  1.000000e-50  1.182188e-03  1.182188e-03  1.063970e-02  1.000000e-50  1.000000e-50  2.758440e-03  2.916065e-02  1.000000e-50  8.275319e-03  5.254170e-04  9.851570e-03  7.618547e-03 
1.000000e-50  1.367479e-02  1.000000e-50  5.668821e-02  1.000000e-50  9.448036e-03  1.000000e-50  1.000000e-50  2.038787e-02  6.812531e-02  8.876181e-02  1.000000e-50  6.439582e-02  1.000000e-50  1.805072e-01  2.337146e-02  1.815017e-02  9.945301e-04  3.978120e-02  3.729488e-03  2.560915e-02  1.000000e-50  1.740428e-02  1.000000e-50  3.480855e-03  1.000000e-50  1.000000e-50  1.000000e-50  2.362009e-02  2.262556e-02  1.000000e-50  1.000000e-50  1.000000e-50  9.199403e-03  2.287419e-02  1.591248e-02  1.000000e-50  1.000000e-50  1.218299e-02  3.083043e-02  1.000000e-50  1.000000e-50  1.317752e-02  1.491795e-03  1.790154e-02  1.000000e-50  1.163600e-01  1.000000e-50  1.317752e-02  6.613625e-02 
1.000000e-50  1.000000e-50  1.000000e-50  1.000000e-50  1.000000e-50  5.901309e-02  1.802618e-02  1.000000e-50  3.202417e-02  7.844914e-02  2.255791e-02  1.000000e-50  8.781470e-02  1.641490e-02  6.847936e-03  3.655589e-02  8.106747e-02  1.000000e-50  1.000000e-50  8.962739e-03  2.346425e-02  1.000000e-50  4.743202e-02  2.618328e-03  1.533736e-01  4.471299e-02  3.806647e-02  5.971803e-02  1.027190e-02  1.000000e-50  1.000000e-50  1.000000e-50  1.000000e-50  1.000000e-50  3.726083e-03  1.651561e-02  8.761329e-03  1.000000e-50  6.545821e-03  1.248741e-02  1.000000e-50  1.000000e-50  1.000000e-50  1.611279e-03  1.218530e-02  1.000000e-50  5.699899e-02  1.000000e-50  3.444109e-02  1.933535e-02 
1.000000e-50  1.000000e-50  1.000000e-50  1.251664e-02  1.000000e-50  8.415446e-02  8.521971e-03  1.000000e-50  1.278296e-02  4.873502e-02  1.145140e-02  7.190413e-03  2.633822e-01  5.326232e-03  2.183755e-02  2.482024e-01  4.260985e-03  1.000000e-50  1.000000e-50  9.587217e-03  1.917443e-02  1.000000e-50  2.663116e-03  1.000000e-50  1.000000e-50  3.169108e-02  2.290280e-02  3.541944e-02  1.000000e-50  1.784288e-02  1.000000e-50  1.000000e-50  4.793609e-03  1.000000e-50  1.331558e-03  1.000000e-50  1.000000e-50  1.000000e-50  1.810919e-02  1.651132e-02  1.000000e-50  1.198402e-02  1.000000e-50  1.000000e-50  7.190413e-03  1.000000e-50  5.938748e-02  1.000000e-50  1.000000e-50  1.304927e-02 
4.325897e-01  1.066925e-02  1.000000e-50  9.311348e-03  7.371484e-02  1.000000e-50  1.000000e-50  2.444229e-02  1.000000e-50  1.000000e-50  1.000000e-50  4.306499e-02  1.000000e-50  1.000000e-50  1.000000e-50  1.000000e-50  1.000000e-50  1.908826e-01  4.655674e-03  1.000000e-50  1.105723e-02  1.000000e-50  1.000000e-50  1.000000e-50  1.000000e-50  1.000000e-50  1.000000e-50  1.000000e-50  1.183317e-02  2.114452e-02  1.000000e-50  1.000000e-50  1.000000e-50  6.983511e-02  1.000000e-50  5.625606e-03  1.000000e-50  1.000000e-50  1.000000e-50  1.000000e-50  1.000000e-50  1.000000e-50  3.103783e-03  7.565470e-03  1.000000e-50  4.015519e-02  1.000000e-50  3.491756e-03  1.000000e-50  3.685742e-02 
1.000000e-50  1.120916e-02  1.000000e-50  1.240162e-02  1.000000e-50  4.889101e-02  1.000000e-50  1.000000e-50  5.771524e-02  2.074887e-02  7.035535e-02  1.000000e-50  1.000000e-50  1.000000e-50  2.671119e-02  1.986644e-01  1.194849e-01  1.000000e-50  1.000000e-50  1.000000e-50  1.025519e-02  1.000000e-50  1.507274e-01  1.000000e-50  1.000000e-50  1.000000e-50  2.933461e-02  3.458145e-02  1.000000e-50  1.526353e-02  1.000000e-50  7.154782e-03  9.062724e-03  1.693298e-02  1.168614e-02  1.000000e-50  1.000000e-50  4.936799e-02  2.718817e-02  1.764846e-02  3.100405e-03  1.000000e-50  1.000000e-50  3.338898e-03  1.454806e-02  1.000000e-50  1.430956e-02  7.154782e-04  1.000000e-50  1.860243e-02 
1.000000e-50  1.000000e-50  1.000000e-50  1.000000e-50  1.000000e-50  7.993967e-02  1.849170e-01  1.000000e-50  1.000000e-50  2.111614e-02  4.494721e-02  1.000000e-50  1.146305e-02  1.000000e-50  1.037707e-01  2.503771e-02  4.524887e-03  1.000000e-50  1.000000e-50  1.315234e-01  2.383107e-02  7.239819e-02  3.921569e-03  3.800905e-02  1.659125e-02  1.508296e-03  3.770739e-02  1.000000e-50  6.093514e-02  1.000000e-50  1.000000e-50  1.000000e-50  2.413273e-02  1.000000e-50  1.000000e-50  1.000000e-50  1.000000e-50  1.000000e-50  1.000000e-50  1.000000e-50  1.000000e-50  1.000000e-50  1.000000e-50  1.930618e-02  1.000000e-50  1.000000e-50  7.571644e-02  1.000000e-50  1.000000e-50  1.870287e-02 
1.000000e-50  3.724395e-03  6.983240e-03  1.000000e-50  1.000000e-50  3.398510e-02  1.000000e-50  1.000000e-50  1.000000e-50  2.462756e-01  7.262570e-02  1.000000e-50  9.217877e-02  1.815642e-02  7.402235e-02  8.985102e-02  1.000000e-50  1.000000e-50  9.310987e-03  1.000000e-50  6.983240e-03  1.000000e-50  5.586592e-03  1.000000e-50  1.000000e-50  1.000000e-50  1.000000e-50  2.886406e-02  1.350093e-02  2.839851e-02  1.000000e-50  2.094972e-02  1.000000e-50  3.026071e-02  5.121043e-03  1.000000e-50  1.000000e-50  5.633147e-02  3.724395e-03  5.446927e-02  1.000000e-50  2.188082e-02  1.000000e-50  1.489758e-02  1.489758e-02  1.000000e-50  3.165736e-02  1.000000e-50  1.000000e-50  1.536313e-02 
1.000000e-50  1.000000e-50  1.000000e-50  1.000000e-50  1.000000e-50  9.026128e-02  1.000000e-50  1.000000e-50  1.000000e-50  1.000000e-50  1.187648e-03  1.000000e-50  1.000000e-50  6.080760e-01  1.000000e-50  1.000000e-50  8.313539e-03  1.000000e-50  1.068884e-02  4.038005e-02  1.000000e-50  1.000000e-50  1.000000e-50  1.000000e-50  1.000000e-50  2.731591e-02  1.000000e-50  1.000000e-50  1.000000e-50  1.000000e-50  1.000000e-50  1.000000e-50  1.068884e-02  1.000000e-50  1.187648e-02  1.000000e-50  1.000000e-50  1.000000e-50  1.000000e-50  1.000000e-50  1.000000e-50  1.000000e-50  1.000000e-50  1.000000e-50  1.912114e-01  1.000000e-50  1.000000e-50  1.000000e-50  1.000000e-50  1.000000e-50 
1.000000e-50  1.000000e-50  1.531980e-02  2.374569e-02  1.000000e-50  6.893910e-02  1.000000e-50  1.000000e-50  2.872463e-02  6.319418e-02  2.183072e-02  6.127920e-03  1.604749e-01  1.953275e-02  3.063960e-02  1.466871e-01  5.783225e-02  1.000000e-50  1.000000e-50  1.000000e-50  3.561854e-02  1.000000e-50  5.132133e-02  1.000000e-50  1.000000e-50  1.000000e-50  2.451168e-02  5.132133e-02  1.000000e-50  2.259671e-02  1.000000e-50  1.000000e-50  7.659900e-04  1.000000e-50  1.914975e-03  1.000000e-50  1.000000e-50  1.000000e-50  1.000000e-50  3.370356e-02  3.829950e-04  1.646879e-02  1.000000e-50  1.000000e-50  1.034087e-02  1.000000e-50  8.693987e-02  3.063960e-03  3.829950e-03  1.417082e-02 
1.000000e-50  1.000000e-50  1.231717e-02  4.157044e-02  1.000000e-50  1.000000e-50  1.000000e-50  1.000000e-50  1.000000e-50  4.541955e-02  3.725943e-01  1.000000e-50  5.388761e-03  7.005389e-02  5.619707e-02  6.928406e-02  1.000000e-50  1.000000e-50  1.000000e-50  1.000000e-50  1.000000e-50  1.000000e-50  1.385681e-02  3.079292e-02  1.000000e-50  1.000000e-50  1.000000e-50  1.000000e-50  3.002309e-02  1.000000e-50  1.000000e-50  1.000000e-50  3.002309e-02  1.000000e-50  1.000770e-02  8.160123e-02  1.000000e-50  4.695920e-02  1.000000e-50  2.309469e-02  1.000000e-50  1.000000e-50  1.000000e-50  2.001540e-02  1.924557e-02  1.000000e-50  1.000000e-50  1.000000e-50  1.000000e-50  2.155504e-02 
1.000000e-50  2.939719e-02  3.137903e-03  1.000000e-50  1.000000e-50  3.121387e-02  7.927333e-03  1.000000e-50  1.519405e-02  5.367465e-02  8.075970e-02  1.000000e-50  8.769612e-02  1.701073e-02  1.519405e-02  1.225434e-01  6.886870e-02  1.000000e-50  1.000000e-50  2.477291e-03  1.767135e-02  1.000000e-50  4.178365e-02  1.000000e-50  8.455822e-02  4.260941e-02  3.336086e-02  3.319571e-02  7.431874e-03  6.936416e-03  1.000000e-50  1.000000e-50  1.000000e-50  1.156069e-02  4.954583e-03  1.156069e-02  2.691990e-02  6.044591e-02  9.909166e-04  5.284889e-03  1.000000e-50  1.000000e-50  1.651528e-03  1.000000e-50  1.750619e-02  1.000000e-50  2.510322e-02  5.780347e-03  1.502890e-02  1.056978e-02 
1.000000e-50  1.000000e-50  1.000000e-50  1.000000e-50  1.000000e-50  1.151316e-02  1.000000e-50  1.000000e-50  1.000000e-50  3.832237e-01  1.000000e-50  1.000000e-50  1.112939e-01  2.280702e-01  1.000000e-50  1.000000e-50  1.000000e-50  1.000000e-50  1.000000e-50  1.000000e-50  1.000000e-50  1.000000e-50  1.000000e-50  1.000000e-50  1.000000e-50  3.289474e-03  2.905702e-02  1.000000e-50  1.000000e-50  1.000000e-50  1.000000e-50  1.000000e-50  1.000000e-50  1.000000e-50  1.000000e-50  1.000000e-50  1.414474e-01  1.000000e-50  1.000000e-50  1.000000e-50  1.000000e-50  1.000000e-50  1.000000e-50  1.000000e-50  1.644737e-02  1.000000e-50  1.000000e-50  3.837719e-03  1.000000e-50  7.182018e-02 
1.000000e-50  1.000000e-50  1.000000e-50  1.000000e-50  1.000000e-50  3.012461e-01  3.833349e-02  1.000000e-50  7.704747e-03  5.802340e-03  1.000000e-50  1.000000e-50  1.360221e-02  1.000000e-50  1.000000e-50  9.512033e-03  1.000000e-50  1.000000e-50  1.997527e-03  1.311709e-01  1.000000e-50  9.131551e-03  1.000000e-50  3.034338e-02  4.946257e-03  1.000000e-50  3.951298e-01  5.421859e-03  1.000000e-50  4.565776e-03  7.514506e-03  1.000000e-50  9.987634e-03  1.000000e-50  5.897460e-03  1.000000e-50  1.000000e-50  1.000000e-50  1.000000e-50  1.000000e-50  1.000000e-50  1.000000e-50  1.000000e-50  1.000000e-50  6.563303e-03  1.000000e-50  1.000000e-50  1.000000e-50  1.902407e-03  9.226672e-03 
1.000000e-50  1.000000e-50  1.812950e-02  2.791367e-02  1.000000e-50  1.122302e-02  1.000000e-50  1.000000e-50  1.000000e-50  2.705036e-02  1.496403e-01  1.000000e-50  2.043165e-02  1.812950e-02  3.136691e-02  8.345324e-02  1.000000e-50  1.726619e-03  1.697842e-02  1.000000e-50  2.014388e-03  1.000000e-50  1.000000e-50  1.000000e-50  6.359712e-02  9.784173e-03  6.330935e-03  1.000000e-50  1.000000e-50  8.633094e-03  1.000000e-50  3.913669e-02  6.043165e-03  3.424460e-02  6.618705e-03  9.208633e-03  2.705036e-02  2.964029e-01  8.057554e-03  1.899281e-02  4.604317e-03  1.467626e-02  1.000000e-50  1.000000e-50  5.467626e-03  1.000000e-50  6.043165e-03  4.028777e-03  1.525180e-02  7.769784e-03 
1.000000e-50  1.000000e-50  2.998398e-02  1.000000e-50  1.000000e-50  1.075761e-02  1.000000e-50  1.000000e-50  7.782101e-03  1.089494e-01  1.000000e-50  1.000000e-50  1.510643e-02  2.471962e-02  7.324331e-03  3.639277e-02  9.842069e-03  1.000000e-50  1.000000e-50  1.000000e-50  1.373312e-02  1.000000e-50  1.304646e-02  1.000000e-50  1.000000e-50  9.613184e-03  1.762417e-02  8.010986e-03  2.323186e-01  1.112383e-01  1.000000e-50  1.000000e-50  1.000000e-50  1.000000e-50  9.613184e-03  4.646372e-02  2.265965e-02  1.000000e-50  8.926528e-03  1.000000e-50  7.072557e-02  1.000000e-50  2.059968e-02  6.111238e-02  1.167315e-02  3.204395e-03  1.000000e-50  3.753719e-02  1.487755e-02  3.616388e-02 
1.000000e-50  1.000000e-50  4.255935e-02  1.476549e-02  1.000000e-50  1.000000e-50  1.000000e-50  1.000000e-50  1.000000e-50  1.007528e-01  1.071222e-02  5.790388e-03  1.000000e-50  1.679213e-02  6.601042e-02  3.995368e-02  1.000000e-50  4.921830e-03  1.679213e-02  6.948466e-03  1.418645e-02  1.000000e-50  1.215981e-02  1.000000e-50  3.763752e-03  1.000000e-50  1.000000e-50  6.948466e-03  1.381008e-01  1.383903e-01  1.000000e-50  1.000000e-50  1.000000e-50  7.440649e-02  1.158078e-02  4.400695e-02  1.000000e-50  1.650261e-02  1.000000e-50  4.632310e-03  1.166763e-01  1.000000e-50  1.000000e-50  8.569774e-02  1.000000e-50  6.948466e-03  1.000000e-50  1.000000e-50  1.000000e-50  1.000000e-50 
1.000000e-50  1.000000e-50  1.000000e-50  1.000000e-50  1.000000e-50  1.000000e-50  1.000000e-50  1.000000e-50  1.000000e-50  1.000000e-50  1.000000e-50  1.000000e-50  1.000000e-50  9.553753e-01  1.000000e-50  1.000000e-50  1.000000e-50  1.000000e-50  1.000000e-50  1.000000e-50  1.000000e-50  1.000000e-50  1.000000e-50  1.000000e-50  1.000000e-50  1.000000e-50  1.000000e-50  1.000000e-50  1.000000e-50  1.000000e-50  1.000000e-50  1.000000e-50  1.000000e-50  1.000000e-50  1.000000e-50  1.000000e-50  4.462475e-02  1.000000e-50  1.000000e-50  1.000000e-50  1.000000e-50  1.000000e-50  1.000000e-50  1.000000e-50  1.000000e-50  1.000000e-50  1.000000e-50  1.000000e-50  1.000000e-50  1.000000e-50 
1.000000e-50  1.000000e-50  1.000000e-50  4.145394e-03  9.852948e-02  1.000000e-50  1.000000e-50  9.468953e-03  1.000000e-50  1.000000e-50  1.000000e-50  1.000000e-50  1.000000e-50  1.000000e-50  1.000000e-50  1.000000e-50  1.000000e-50  2.059606e-02  1.000000e-50  1.000000e-50  1.000000e-50  1.000000e-50  1.000000e-50  1.000000e-50  1.000000e-50  1.000000e-50  1.000000e-50  1.000000e-50  1.000000e-50  1.000000e-50  1.000000e-50  6.763102e-01  1.000000e-50  1.000000e-50  1.000000e-50  1.000000e-50  1.000000e-50  1.000000e-50  1.000000e-50  1.000000e-50  1.000000e-50  1.837937e-01  1.000000e-50  1.000000e-50  1.000000e-50  7.156260e-03  1.000000e-50  1.000000e-50  1.000000e-50  1.000000e-50 
1.000000e-50  3.253796e-03  1.000000e-50  1.000000e-50  1.000000e-50  6.399132e-02  8.351410e-02  1.000000e-50  1.000000e-50  6.941432e-02  4.555315e-02  1.000000e-50  1.000000e-50  9.761388e-03  1.000000e-50  4.013015e-02  3.698482e-01  1.000000e-50  1.000000e-50  1.000000e-50  4.338395e-03  1.000000e-50  1.388286e-01  1.000000e-50  4.229935e-02  1.626898e-02  3.579176e-02  1.000000e-50  1.000000e-50  1.000000e-50  1.000000e-50  1.000000e-50  1.000000e-50  1.000000e-50  1.000000e-50  1.000000e-50  1.000000e-50  1.735358e-02  9.761388e-03  1.518438e-02  1.000000e-50  1.000000e-50  1.000000e-50  1.000000e-50  1.000000e-50  1.000000e-50  1.000000e-50  1.843818e-02  1.626898e-02  1.000000e-50 
1.000000e-50  1.000000e-50  2.694715e-01  1.000000e-50  1.000000e-50  1.000000e-50  1.000000e-50  1.000000e-50  1.000000e-50  1.000000e-50  1.000000e-50  1.000000e-50  1.000000e-50  1.000000e-50  1.000000e-50  1.000000e-50  1.000000e-50  1.000000e-50  1.000000e-50  1.000000e-50  1.000000e-50  1.000000e-50  1.000000e-50  1.000000e-50  1.000000e-50  1.000000e-50  1.000000e-50  1.000000e-50  1.912378e-02  1.000000e-50  1.000000e-50  1.000000e-50  1.000000e-50  4.207232e-01  1.000000e-50  1.000000e-50  1.000000e-50  2.906815e-01  1.000000e-50  1.000000e-50  1.000000e-50  1.000000e-50  1.000000e-50  1.000000e-50  1.000000e-50  1.000000e-50  1.000000e-50  1.000000e-50  1.000000e-50  1.000000e-50 
1.000000e-50  6.493506e-03  1.534829e-02  5.253837e-02  1.000000e-50  2.066116e-02  1.000000e-50  1.000000e-50  1.000000e-50  7.142857e-02  1.068477e-01  8.264463e-03  5.726092e-02  1.770956e-02  1.000000e-50  5.253837e-02  2.361275e-03  1.000000e-50  1.540732e-01  1.000000e-50  2.951594e-02  1.000000e-50  1.593861e-02  1.000000e-50  3.659976e-02  1.416765e-02  1.652893e-02  8.264463e-03  3.246753e-02  2.125148e-02  1.000000e-50  1.000000e-50  1.000000e-50  5.312869e-03  2.715466e-02  1.000000e-50  1.000000e-50  6.965762e-02  1.000000e-50  2.715466e-02  3.837072e-02  6.493506e-03  1.000000e-50  1.000000e-50  1.357733e-02  1.000000e-50  1.000000e-50  1.000000e-50  4.663518e-02  2.538371e-02 
1.000000e-50  1.000000e-50  3.165864e-02  9.222299e-02  1.000000e-50  1.000000e-50  1.000000e-50  1.000000e-50  1.000000e-50  4.473503e-02  1.032347e-01  1.000000e-50  1.000000e-50  1.000000e-50  3.716449e-02  1.000000e-50  1.000000e-50  1.000000e-50  3.922918e-02  1.000000e-50  1.376462e-02  1.000000e-50  1.000000e-50  1.000000e-50  1.000000e-50  1.000000e-50  1.000000e-50  1.000000e-50  1.087405e-01  1.000000e-50  1.000000e-50  1.000000e-50  1.000000e-50  1.000000e-50  1.000000e-50  1.321404e-01  1.000000e-50  1.000000e-50  1.000000e-50  1.000000e-50  3.014453e-01  1.000000e-50  1.000000e-50  5.781142e-02  6.882312e-03  1.000000e-50  1.000000e-50  1.000000e-50  1.000000e-50  3.097041e-02 
1.000000e-50  1.000000e-50  1.000000e-50  1.000000e-50  1.000000e-50  2.159556e-01  1.011755e-01  1.000000e-50  1.000000e-50  9.509972e-03  1.000000e-50  1.000000e-50  1.000000e-50  7.541936e-02  1.000000e-50  1.188747e-02  1.000000e-50  1.000000e-50  1.000000e-50  6.326773e-02  5.679567e-03  1.584995e-03  1.849161e-03  2.390701e-02  1.083080e-02  1.000000e-50  2.907146e-01  1.690662e-02  1.000000e-50  1.000000e-50  1.000000e-50  1.000000e-50  1.664245e-02  1.000000e-50  1.783120e-02  1.000000e-50  1.084401e-01  1.000000e-50  1.000000e-50  1.000000e-50  1.000000e-50  1.000000e-50  9.245806e-04  1.000000e-50  8.585392e-03  1.000000e-50  6.207899e-03  1.000000e-50  1.000000e-50  1.267996e-02 
1.000000e-50  1.000000e-50  1.039875e-01  1.000000e-50  1.000000e-50  1.000000e-50  1.000000e-50  1.000000e-50  1.000000e-50  1.000000e-50  1.000000e-50  2.453479e-01  1.000000e-50  1.000000e-50  1.000000e-50  1.000000e-50  1.000000e-50  1.000000e-50  1.000000e-50  1.000000e-50  1.000000e-50  1.000000e-50  1.000000e-50  1.000000e-50  1.000000e-50  1.000000e-50  1.000000e-50  1.000000e-50  1.000000e-50  1.000000e-50  1.000000e-50  1.149335e-01  1.000000e-50  1.000000e-50  1.000000e-50  1.000000e-50  1.000000e-50  8.350274e-02  1.000000e-50  1.000000e-50  1.000000e-50  4.361220e-01  1.000000e-50  1.000000e-50  1.000000e-50  1.610633e-02  1.000000e-50  1.000000e-50  1.000000e-50  1.000000e-50 
1.000000e-50  5.008347e-03  1.000000e-50  1.000000e-50  1.000000e-50  1.000000e-50  1.000000e-50  1.000000e-50  1.000000e-50  2.253756e-01  6.510851e-02  1.000000e-50  1.000000e-50  1.000000e-50  1.000000e-50  2.103506e-01  1.000000e-50  1.000000e-50  3.338898e-02  1.000000e-50  4.006678e-02  1.000000e-50  1.000000e-50  1.000000e-50  1.000000e-50  1.000000e-50  1.000000e-50  5.843072e-02  7.178631e-02  1.000000e-50  1.000000e-50  1.000000e-50  1.669449e-02  1.000000e-50  1.168614e-02  1.000000e-50  1.000000e-50  2.337229e-02  1.000000e-50  1.000000e-50  1.000000e-50  1.000000e-50  1.000000e-50  1.000000e-50  1.000000e-50  1.000000e-50  8.013356e-02  1.000000e-50  1.235392e-01  3.505843e-02 
1.000000e-50  2.214503e-02  1.693443e-02  2.040816e-02  1.000000e-50  2.475033e-02  1.000000e-50  1.000000e-50  1.953973e-02  1.124620e-01  8.163265e-02  3.039514e-03  1.020408e-01  3.343465e-02  4.776379e-02  9.292228e-02  3.300043e-02  1.000000e-50  1.432914e-02  1.000000e-50  1.302649e-02  1.000000e-50  2.778984e-02  1.000000e-50  1.000000e-50  1.000000e-50  1.000000e-50  8.684325e-02  1.000000e-50  1.000000e-50  1.000000e-50  2.648719e-02  9.118541e-03  2.171081e-02  3.603995e-02  1.389492e-02  1.000000e-50  4.602692e-02  1.000000e-50  2.127660e-02  3.300043e-02  1.000000e-50  6.079027e-03  2.388189e-02  1.042119e-02  1.000000e-50  1.000000e-50  1.000000e-50  1.000000e-50  1.000000e-50 
1.000000e-50  1.000000e-50  1.000000e-50  1.000000e-50  1.000000e-50  1.643991e-02  1.000000e-50  1.000000e-50  1.000000e-50  1.666667e-01  1.000000e-50  1.000000e-50  3.628118e-02  2.437642e-02  4.138322e-02  7.993197e-02  4.931973e-02  1.000000e-50  1.000000e-50  1.000000e-50  1.643991e-02  1.000000e-50  1.000000e-50  1.000000e-50  1.000000e-50  1.000000e-50  2.040816e-02  1.133787e-02  1.196145e-01  1.882086e-01  1.000000e-50  1.000000e-50  1.000000e-50  1.000000e-50  1.000000e-50  1.000000e-50  1.000000e-50  7.936508e-03  1.000000e-50  2.947846e-02  1.000000e-50  1.000000e-50  5.328798e-02  1.000000e-50  3.741497e-02  1.000000e-50  1.000000e-50  5.612245e-02  1.000000e-50  4.535147e-02 
1.000000e-50  1.727265e-04  1.000000e-50  2.331808e-03  1.226358e-02  1.000000e-50  1.000000e-50  1.640902e-02  1.000000e-50  1.000000e-50  1.000000e-50  6.732878e-01  1.000000e-50  1.000000e-50  1.000000e-50  1.000000e-50  1.295449e-03  7.789965e-02  1.000000e-50  1.000000e-50  1.000000e-50  1.000000e-50  1.000000e-50  1.000000e-50  1.000000e-50  1.000000e-50  1.000000e-50  1.000000e-50  8.636324e-04  1.000000e-50  1.000000e-50  1.000000e-50  1.000000e-50  1.000000e-50  1.000000e-50  1.000000e-50  1.000000e-50  1.000000e-50  1.000000e-50  1.000000e-50  1.000000e-50  1.426721e-01  1.000000e-50  1.000000e-50  1.000000e-50  7.280421e-02  1.000000e-50  1.000000e-50  1.000000e-50  1.000000e-50 
1.000000e-50  1.000000e-50  1.000000e-50  1.000000e-50  1.000000e-50  3.846154e-02  1.000000e-50  1.000000e-50  1.000000e-50  1.974359e-01  1.000000e-50  3.846154e-03  2.487179e-01  6.282051e-02  6.153846e-02  8.717949e-02  1.000000e-50  1.000000e-50  1.000000e-50  1.000000e-50  1.000000e-50  1.000000e-50  1.000000e-50  1.000000e-50  7.051282e-02  1.000000e-50  3.846154e-03  1.000000e-50  4.871795e-02  1.000000e-50  1.000000e-50  1.000000e-50  1.000000e-50  7.692308e-03  1.000000e-50  1.000000e-50  1.000000e-50  1.000000e-50  1.000000e-50  4.102564e-02  1.000000e-50  1.000000e-50  1.923077e-02  1.538462e-02  7.692308e-03  1.000000e-50  1.000000e-50  1.000000e-50  1.000000e-50  8.589744e-02 
1.000000e-50  1.221264e-02  2.658046e-02  1.000000e-50  1.000000e-50  1.939655e-02  2.945402e-02  1.000000e-50  1.000000e-50  1.034483e-01  1.652299e-02  1.000000e-50  1.724138e-02  2.370690e-02  1.000000e-50  1.000000e-50  1.000000e-50  1.000000e-50  1.000000e-50  5.028736e-03  7.183908e-03  1.000000e-50  1.000000e-50  1.000000e-50  2.370690e-02  2.155172e-03  1.000000e-50  1.508621e-02  2.040230e-01  1.336207e-01  1.000000e-50  1.000000e-50  9.339080e-03  1.000000e-50  1.000000e-50  3.663793e-02  1.000000e-50  3.089080e-02  1.000000e-50  3.735632e-02  1.000000e-50  1.000000e-50  1.293103e-02  1.293103e-01  1.000000e-50  1.000000e-50  1.000000e-50  6.465517e-02  3.951149e-02  1.000000e-50 
1.000000e-50  1.000000e-50  1.000000e-50  1.000000e-50  1.000000e-50  2.037938e-01  1.000000e-50  1.000000e-50  1.000000e-50  7.052529e-02  3.501946e-02  1.000000e-50  1.000000e-50  9.630350e-02  6.322957e-03  7.441634e-02  1.000000e-50  1.000000e-50  1.000000e-50  1.000000e-50  1.799611e-02  1.000000e-50  1.000000e-50  1.799611e-02  8.025292e-02  1.000000e-50  6.566148e-02  2.918288e-02  3.696498e-02  1.361868e-02  1.000000e-50  1.000000e-50  3.891051e-03  1.000000e-50  1.000000e-50  1.459144e-02  7.295720e-02  1.167315e-02  4.863813e-03  2.626459e-02  1.000000e-50  3.891051e-03  1.000000e-50  3.404669e-03  2.966926e-02  1.000000e-50  2.918288e-02  4.377432e-03  2.626459e-02  2.091440e-02 
1.000000e-50  1.000000e-50  4.461434e-01  1.000000e-50  1.498471e-01  1.000000e-50  1.000000e-50  7.135576e-03  1.000000e-50  1.000000e-50  1.359157e-03  1.000000e-50  1.000000e-50  1.000000e-50  1.000000e-50  1.000000e-50  1.000000e-50  1.000000e-50  1.000000e-50  1.000000e-50  1.000000e-50  1.000000e-50  1.000000e-50  1.000000e-50  1.000000e-50  1.000000e-50  1.000000e-50  1.000000e-50  6.455997e-03  9.853891e-03  1.000000e-50  3.839619e-02  1.000000e-50  1.000000e-50  1.000000e-50  1.000000e-50  1.000000e-50  3.316344e-01  1.000000e-50  1.000000e-50  1.000000e-50  1.000000e-50  1.000000e-50  1.000000e-50  1.000000e-50  9.174312e-03  1.000000e-50  1.000000e-50  1.000000e-50  1.000000e-50 
1.000000e-50  1.303751e-02  1.000000e-50  1.000000e-50  1.000000e-50  3.087832e-02  1.000000e-50  1.000000e-50  5.992681e-02  2.159195e-01  2.630375e-02  1.000000e-50  1.310613e-01  3.796889e-02  2.150046e-02  1.445563e-01  2.881976e-02  1.000000e-50  1.000000e-50  1.000000e-50  1.509607e-02  1.000000e-50  2.881976e-02  1.000000e-50  1.000000e-50  1.000000e-50  2.676121e-02  3.591034e-02  1.000000e-50  2.333028e-02  1.000000e-50  1.000000e-50  1.000000e-50  1.000000e-50  1.532479e-02  1.000000e-50  2.790485e-02  1.000000e-50  1.000000e-50  2.538884e-02  1.000000e-50  2.516011e-03  1.000000e-50  1.000000e-50  3.865508e-02  1.000000e-50  1.000000e-50  6.175663e-03  1.000000e-50  4.414456e-02 
1.000000e-50  1.000000e-50  1.000000e-50  1.000000e-50  1.000000e-50  6.622517e-02  1.000000e-50  1.000000e-50  8.278146e-03  1.291391e-01  1.000000e-50  1.000000e-50  5.463576e-02  1.490066e-02  9.602649e-02  1.000000e-50  1.324503e-02  1.000000e-50  1.000000e-50  1.000000e-50  1.000000e-50  1.000000e-50  1.000000e-50  1.000000e-50  1.000000e-50  1.000000e-50  1.000000e-50  2.814570e-02  1.572848e-01  1.490066e-01  1.000000e-50  1.000000e-50  1.000000e-50  1.000000e-50  9.933775e-03  1.000000e-50  1.000000e-50  1.000000e-50  1.000000e-50  7.781457e-02  1.000000e-50  2.317881e-02  1.000000e-50  9.933775e-02  1.324503e-02  4.966887e-03  1.000000e-50  1.000000e-50  1.000000e-50  5.463576e-02 
1.000000e-50  2.816901e-03  1.126761e-02  1.000000e-50  1.000000e-50  3.333333e-02  1.971831e-02  1.000000e-50  7.276995e-02  2.262911e-01  1.000000e-50  1.000000e-50  1.000000e-50  8.920188e-03  1.197183e-01  1.173709e-01  7.981221e-03  1.000000e-50  1.000000e-50  1.000000e-50  3.239437e-02  1.000000e-50  2.206573e-02  1.000000e-50  1.408451e-03  1.000000e-50  1.000000e-50  6.103286e-03  1.000000e-50  5.962441e-02  1.000000e-50  1.000000e-50  7.042254e-03  1.173709e-02  4.084507e-02  1.000000e-50  1.000000e-50  1.000000e-50  1.877934e-02  2.723005e-02  1.000000e-50  1.000000e-50  4.225352e-03  1.000000e-50  1.314554e-02  1.000000e-50  9.295775e-02  1.408451e-03  1.000000e-50  4.084507e-02 
1.000000e-50  1.000000e-50  7.367072e-03  1.000000e-50  1.000000e-50  2.338245e-02  1.697630e-02  1.000000e-50  1.000000e-50  4.067905e-02  1.793722e-01  1.000000e-50  2.562460e-02  5.445227e-03  1.000000e-50  2.722614e-02  1.000000e-50  1.000000e-50  1.000000e-50  1.000000e-50  1.313261e-02  1.000000e-50  1.000000e-50  1.000000e-50  1.953876e-01  1.000000e-50  8.968610e-03  1.000000e-50  8.295964e-02  1.377322e-02  1.000000e-50  1.000000e-50  4.804612e-03  1.000000e-50  2.402306e-02  5.669443e-02  1.000000e-50  9.064702e-02  7.046765e-03  1.473414e-02  1.569507e-02  1.000000e-50  1.000000e-50  1.665599e-02  1.249199e-02  1.601537e-03  7.367072e-03  1.345291e-02  7.815503e-02  1.633568e-02 


#DOUBLE_1x50_DISCRETE_HIDDEN_DOMINANT-EIGENVECTOR
1.168073e-02  4.495459e-03  1.843489e-02  2.317686e-02  1.895793e-02  5.015128e-02  1.793990e-02  5.591814e-03  1.120349e-02  4.224542e-02  3.712192e-02  4.423164e-02  3.659849e-02  3.386418e-02  1.802623e-02  4.394588e-02  1.684628e-02  2.278877e-02  1.900522e-02  1.483498e-02  9.813149e-03  3.774818e-03  1.169558e-02  5.707591e-03  2.682565e-02  8.186903e-03  4.651383e-02  1.561049e-02  1.931963e-02  1.530190e-02  2.203514e-03  1.014134e-01  4.137759e-03  1.279075e-02  7.633014e-03  6.573375e-03  3.373658e-02  2.829329e-02  2.766548e-03  1.017153e-02  7.954243e-03  5.094376e-02  3.551108e-03  6.016582e-03  9.205906e-03  1.295467e-02  1.977271e-02  2.762530e-03  9.183055e-03  1.404475e-02  

#DOUBLE_50x20_DISCRETE_AA_EMISSION
4.052533e-02  2.363977e-02  3.001876e-02  6.153846e-02  8.217636e-02  1.726079e-02  4.427767e-02  5.928705e-02  5.666041e-02  1.073171e-01  2.814259e-02  6.191370e-02  1.000000e-50  3.114447e-02  4.427767e-02  6.041276e-02  9.943715e-02  6.641651e-02  1.688555e-02  6.866792e-02 
1.000000e-50  1.000000e-50  1.000000e-50  1.000000e-50  1.000000e-50  1.000000e+00  1.000000e-50  1.000000e-50  1.000000e-50  1.000000e-50  1.000000e-50  1.000000e-50  1.000000e-50  1.000000e-50  1.000000e-50  1.000000e-50  1.000000e-50  1.000000e-50  1.000000e-50  1.000000e-50 
9.067111e-02  1.594479e-02  5.045217e-02  1.073298e-01  2.641599e-02  3.807711e-02  2.903379e-02  6.663494e-02  7.115659e-02  8.924322e-02  2.427416e-02  3.569729e-02  5.830557e-02  4.735840e-02  5.806759e-02  5.116611e-02  3.664921e-02  4.783436e-02  1.832461e-02  3.736316e-02 
1.121352e-01  1.171275e-02  1.265361e-01  8.851767e-02  2.150538e-02  4.819508e-02  2.092934e-02  5.376344e-03  6.682028e-02  9.216590e-02  2.208141e-02  6.413210e-02  1.000000e-50  5.376344e-02  5.779570e-02  1.209677e-01  4.896313e-02  3.264209e-03  1.267281e-02  2.246544e-02 
1.841547e-01  1.000000e-50  4.951662e-02  9.030889e-02  2.051403e-02  2.758783e-02  1.000000e-50  3.371846e-02  9.125206e-02  1.478425e-01  3.112473e-02  4.220703e-02  1.000000e-50  5.941995e-02  8.370667e-02  6.932327e-02  2.216458e-02  2.900259e-02  1.000000e-50  1.815610e-02 
6.690698e-02  2.532091e-02  2.294707e-02  4.905926e-02  7.402849e-02  4.228943e-02  2.127660e-02  5.248813e-02  6.435731e-02  1.076139e-01  1.855108e-02  2.347459e-02  1.000000e-50  3.692632e-02  5.705996e-02  6.330227e-02  8.668894e-02  8.721646e-02  2.690346e-02  7.358889e-02 
6.917144e-02  2.338890e-02  4.229908e-02  4.827071e-02  2.960936e-02  1.965663e-02  1.691963e-02  5.424235e-02  6.195571e-02  1.077382e-01  1.642200e-02  2.388654e-02  2.124907e-01  2.811645e-02  4.453844e-02  4.453844e-02  3.135108e-02  8.235880e-02  2.139836e-02  2.164718e-02 
1.371429e-01  2.122449e-02  2.367347e-02  5.224490e-02  4.408163e-02  1.469388e-02  2.775510e-02  2.693878e-02  8.081633e-02  2.179592e-01  3.428571e-02  4.163265e-02  1.000000e-50  3.020408e-02  6.204082e-02  6.448980e-02  4.653061e-02  3.183673e-02  9.795918e-03  3.265306e-02 
1.144887e-02  5.053296e-02  4.117647e-01  4.224240e-02  5.921832e-03  1.000000e-50  3.197789e-02  1.776550e-02  2.013423e-02  1.500197e-02  5.921832e-03  2.167390e-01  1.000000e-50  1.618634e-02  2.684564e-02  8.053691e-02  5.921832e-03  1.658113e-02  5.921832e-03  1.855507e-02 
8.071050e-02  2.472214e-02  5.754648e-02  5.557287e-02  4.778228e-02  3.074686e-02  4.071881e-02  2.472214e-02  4.902877e-02  3.001974e-02  1.703542e-02  5.536512e-02  1.000000e-50  3.666771e-02  5.754648e-02  1.419965e-01  1.389841e-01  4.788615e-02  1.630830e-02  4.663966e-02 
1.157996e-01  1.090865e-02  5.502278e-02  8.834812e-02  2.265644e-02  3.871973e-02  2.049868e-02  3.200671e-02  7.132582e-02  5.562215e-02  1.510429e-02  2.493407e-02  1.693838e-01  3.536322e-02  4.807001e-02  8.990650e-02  3.140734e-02  3.836011e-02  1.594342e-02  2.061856e-02 
8.812146e-02  1.041977e-02  5.646522e-02  1.014191e-01  4.703781e-02  3.661804e-02  2.599980e-02  7.462538e-02  5.398432e-02  1.099534e-01  2.828223e-02  2.004565e-02  1.000000e-50  5.229731e-02  5.249578e-02  3.909894e-02  6.509874e-02  8.603751e-02  1.369455e-02  3.830505e-02 
1.000000e-50  1.311673e-02  1.000000e-50  5.872443e-02  5.367028e-02  1.000000e-50  1.841155e-02  1.577617e-01  9.675090e-02  1.346570e-01  2.238267e-02  1.504212e-02  1.000000e-50  5.992780e-02  4.969916e-02  9.265945e-03  5.788207e-02  1.955475e-01  1.383875e-02  4.332130e-02 
1.469511e-01  2.839571e-02  3.205967e-02  5.495943e-02  8.741167e-02  6.974614e-02  3.415336e-02  1.413243e-02  6.346506e-02  3.624706e-02  2.669458e-02  2.237634e-02  1.000000e-50  3.297566e-02  5.744569e-02  1.143680e-01  5.901596e-02  2.761057e-02  2.237634e-02  6.961528e-02 
9.167077e-02  1.552489e-02  7.195663e-02  9.364219e-02  3.597831e-02  3.696402e-02  2.587482e-02  4.238541e-02  8.452440e-02  1.116313e-01  2.242484e-02  2.168556e-02  1.000000e-50  3.893544e-02  5.446033e-02  7.491375e-02  6.579596e-02  5.938886e-02  1.774273e-02  3.449975e-02 
1.571883e-01  2.396103e-02  5.130245e-02  6.760787e-02  5.010937e-02  2.187314e-02  2.336449e-02  3.728375e-02  5.796381e-02  1.264665e-01  3.161662e-02  2.415987e-02  1.000000e-50  4.136011e-02  5.517996e-02  6.601710e-02  5.388745e-02  4.762378e-02  1.978525e-02  4.324915e-02 
3.698811e-03  2.113606e-03  3.170410e-03  3.434610e-03  4.755614e-03  9.585205e-01  1.000000e-50  1.000000e-50  6.076618e-03  7.926024e-04  2.642008e-03  9.511229e-03  1.000000e-50  1.000000e-50  1.000000e-50  1.000000e-50  5.284016e-03  1.000000e-50  1.000000e-50  1.000000e-50 
9.332043e-02  1.761859e-02  5.246854e-02  1.093901e-01  3.078412e-02  2.245886e-02  2.090997e-02  4.298161e-02  9.970958e-02  1.229429e-01  3.078412e-02  3.833495e-02  9.680542e-04  6.505324e-02  8.151016e-02  4.627299e-02  3.969022e-02  5.072604e-02  1.161665e-02  2.245886e-02 
3.946754e-02  7.706679e-03  1.375525e-01  4.880897e-02  6.328818e-02  4.320411e-02  4.203643e-02  2.592247e-02  4.717422e-02  8.360579e-02  2.288650e-02  1.342830e-01  1.000000e-50  4.553947e-02  4.600654e-02  4.226997e-02  6.328818e-02  2.779075e-02  2.125175e-02  5.791686e-02 
4.626866e-02  3.074627e-02  1.298507e-01  4.089552e-02  4.716418e-02  1.671642e-02  3.492537e-02  1.002985e-01  4.208955e-02  1.173134e-01  2.238806e-02  8.776119e-02  1.000000e-50  2.179104e-02  3.492537e-02  3.552239e-02  1.910448e-02  1.179104e-01  1.671642e-02  3.761194e-02 
7.865685e-02  1.241950e-02  1.835327e-01  5.013799e-02  4.461822e-02  2.529899e-02  3.081877e-02  1.655934e-02  4.921803e-02  6.301748e-02  1.977921e-02  1.292548e-01  1.071757e-01  3.403864e-02  4.277829e-02  4.783809e-02  1.195952e-02  2.023919e-02  8.739650e-03  2.391904e-02 
7.827103e-02  1.000000e-50  8.177570e-02  7.242991e-02  3.271028e-02  3.855140e-02  3.387850e-02  8.060748e-02  4.088785e-02  9.929907e-02  3.154206e-02  4.789720e-02  2.920561e-02  4.439252e-02  4.322430e-02  5.724299e-02  4.672897e-02  1.098131e-01  9.345794e-03  2.219626e-02 
5.927052e-02  1.291793e-02  1.151216e-01  4.749240e-02  4.293313e-02  1.158815e-01  3.913374e-02  1.000000e-50  8.244681e-02  3.609422e-02  2.089666e-02  2.196049e-01  1.000000e-50  4.559271e-02  5.737082e-02  4.445289e-02  4.179331e-03  3.039514e-03  1.785714e-02  3.571429e-02 
2.075327e-02  1.998463e-02  1.683321e-01  1.076095e-02  1.844735e-02  1.552652e-01  1.614143e-02  1.000000e-50  1.921599e-02  2.767102e-02  9.992314e-03  9.223674e-02  6.917756e-03  1.306687e-02  2.382782e-02  8.378171e-02  2.498078e-01  2.613374e-02  1.460415e-02  2.305919e-02 
5.573717e-02  1.000000e-50  2.386401e-02  4.200719e-02  8.172605e-03  5.393920e-03  8.009153e-03  5.557372e-03  4.069958e-02  8.989866e-03  3.759398e-03  8.009153e-03  7.219680e-01  9.643674e-03  2.075842e-02  2.010461e-02  1.000000e-50  1.618176e-02  1.000000e-50  1.144165e-03 
8.469945e-02  1.000000e-50  1.825137e-01  7.868852e-02  1.584699e-02  2.732240e-02  2.459016e-02  2.021858e-02  1.420765e-01  6.229508e-02  6.557377e-03  3.060109e-02  4.043716e-02  4.699454e-02  6.885246e-02  6.448087e-02  5.573770e-02  4.808743e-02  1.000000e-50  1.000000e-50 
2.747671e-02  1.312037e-02  1.264499e-02  3.764974e-02  4.791786e-02  1.000000e-50  1.844457e-02  1.921468e-01  5.191101e-02  1.490778e-01  1.749382e-02  1.663814e-02  1.000000e-50  1.977562e-02  3.660392e-02  1.502187e-02  6.883438e-02  2.258034e-01  1.293021e-02  3.650884e-02 
2.065064e-02  1.555870e-02  1.137199e-01  1.867044e-02  1.000000e-50  1.807638e-01  1.867044e-02  1.000000e-50  2.149929e-02  1.867044e-02  1.980198e-03  6.195191e-02  2.828854e-03  1.697313e-02  2.093352e-02  2.908062e-01  1.906648e-01  1.000000e-50  1.000000e-50  5.657709e-03 
6.306306e-02  3.018018e-02  5.810811e-02  6.351351e-02  3.220721e-02  6.328829e-02  2.297297e-02  3.828829e-02  6.373874e-02  6.734234e-02  1.621622e-02  5.923423e-02  1.693694e-01  2.500000e-02  4.909910e-02  5.360360e-02  4.324324e-02  3.873874e-02  1.193694e-02  3.085586e-02 
6.210826e-02  2.621083e-02  5.584046e-02  6.666667e-02  4.330484e-02  6.780627e-02  3.390313e-02  5.413105e-02  7.977208e-02  7.977208e-02  1.310541e-02  4.045584e-02  1.000000e-50  3.504274e-02  4.529915e-02  8.176638e-02  7.350427e-02  8.547009e-02  1.965812e-02  3.618234e-02 
3.563941e-02  2.725367e-02  1.000000e-50  1.000000e-50  1.886792e-02  1.000000e-50  1.000000e-50  1.446541e-01  7.547170e-02  2.515723e-01  6.289308e-03  1.000000e-50  1.000000e-50  1.000000e-50  4.192872e-02  4.612159e-02  1.048218e-01  2.222222e-01  1.257862e-02  1.257862e-02 
1.466254e-01  1.277468e-02  3.413847e-02  7.756366e-02  4.098361e-02  2.646495e-02  1.805023e-02  7.865364e-02  7.320370e-02  1.346355e-01  2.942972e-02  2.432857e-02  1.000000e-50  4.717475e-02  6.199860e-02  3.095570e-02  3.335368e-02  7.773805e-02  1.600105e-02  3.592606e-02 
5.428882e-02  1.411509e-02  1.693811e-01  5.103149e-02  8.686211e-03  8.034745e-02  4.234528e-02  4.343105e-03  5.537459e-02  2.062975e-02  1.302932e-02  3.040174e-01  1.000000e-50  4.777416e-02  4.451683e-02  6.188925e-02  3.257329e-03  1.000000e-50  1.000000e-50  2.497286e-02 
9.926855e-02  1.149425e-02  2.751654e-02  8.080808e-02  5.050505e-02  6.130268e-02  1.000000e-50  7.210031e-02  6.896552e-02  1.588297e-01  1.915709e-02  1.915709e-02  1.044932e-02  4.423546e-02  6.269592e-02  3.935911e-02  4.319053e-02  7.384187e-02  2.055033e-02  3.657262e-02 
2.028986e-02  3.478261e-03  2.608696e-02  9.275362e-03  4.057971e-03  8.400000e-01  1.000000e-50  1.739130e-03  1.333333e-02  7.536232e-03  2.318841e-03  1.855072e-02  1.000000e-50  6.376812e-03  6.376812e-03  2.840580e-02  3.478261e-03  2.898551e-03  1.739130e-03  4.057971e-03 
8.924949e-02  8.789723e-03  5.679513e-02  1.277890e-01  6.761325e-03  3.921569e-02  1.487492e-02  2.434077e-02  7.369844e-02  4.868154e-02  7.437458e-03  3.786342e-02  2.549020e-01  2.907370e-02  5.544287e-02  3.989182e-02  2.163624e-02  2.974983e-02  1.081812e-02  2.298851e-02 
4.081095e-02  1.895735e-02  1.843075e-03  4.660348e-02  5.766193e-02  1.000000e-50  2.251185e-02  1.612691e-01  1.000000e-50  7.991048e-02  2.593470e-02  1.224329e-02  1.000000e-50  3.593997e-02  5.265929e-02  3.014745e-02  8.517641e-02  2.565824e-01  1.197999e-02  5.976830e-02 
9.341261e-02  7.823502e-03  5.163511e-02  9.263026e-02  2.832108e-02  3.145048e-02  1.955875e-02  4.412455e-02  5.007041e-02  7.948678e-02  1.345642e-02  2.159286e-02  1.924581e-01  3.082460e-02  4.162103e-02  4.631513e-02  3.661399e-02  6.556095e-02  1.987169e-02  3.317165e-02 
3.960396e-02  1.000000e-50  2.310231e-02  1.320132e-02  1.000000e-50  7.046205e-01  1.000000e-50  1.000000e-50  4.125413e-02  3.630363e-02  9.900990e-03  2.475248e-02  1.000000e-50  1.000000e-50  1.485149e-02  4.455446e-02  3.465347e-02  1.320132e-02  1.000000e-50  1.000000e-50 
5.076792e-02  2.389078e-02  1.117747e-01  3.412969e-02  4.266212e-02  3.924915e-02  5.162116e-02  2.431741e-02  4.564846e-02  6.996587e-02  2.218430e-02  1.360922e-01  1.000000e-50  3.754266e-02  4.692833e-02  7.039249e-02  8.831058e-02  3.882253e-02  1.749147e-02  4.820819e-02 
5.354155e-02  4.127161e-02  1.533742e-01  7.585053e-02  3.513664e-02  1.332962e-01  2.900167e-02  1.115449e-02  4.740658e-02  4.461796e-02  1.896263e-02  9.704406e-02  1.000000e-50  2.955940e-02  4.907975e-02  7.975460e-02  7.473508e-02  8.365867e-03  1.000000e-50  1.784718e-02 
1.322072e-01  1.344480e-02  7.661812e-02  1.207446e-01  2.318366e-02  4.516073e-02  1.887443e-02  2.051194e-02  7.067138e-02  9.997414e-02  3.206067e-02  5.214169e-02  1.723692e-03  5.662329e-02  7.265362e-02  5.938119e-02  3.378437e-02  3.309489e-02  1.611652e-02  2.102904e-02 
1.010101e-02  1.767677e-02  9.090909e-02  7.070707e-02  5.050505e-03  2.083333e-01  4.040404e-02  5.050505e-03  1.527778e-01  1.515152e-02  1.000000e-50  1.856061e-01  1.000000e-50  5.681818e-02  8.207071e-02  3.409091e-02  1.010101e-02  7.575758e-03  7.575758e-03  1.000000e-50 
5.886475e-02  1.611773e-02  8.339173e-02  5.045550e-02  2.452698e-02  3.363700e-01  1.541696e-02  2.522775e-02  4.344779e-02  5.325858e-02  1.401542e-02  4.204625e-02  7.708479e-03  3.433777e-02  3.573931e-02  7.358094e-02  4.134548e-02  2.242467e-02  4.204625e-03  1.751927e-02 
3.917728e-03  1.000000e-50  6.366308e-03  1.000000e-50  1.000000e-50  9.809011e-01  1.958864e-03  1.000000e-50  1.469148e-03  1.000000e-50  4.897160e-04  1.000000e-50  1.000000e-50  9.794319e-04  1.000000e-50  3.917728e-03  1.000000e-50  1.000000e-50  1.000000e-50  1.000000e-50 
7.291312e-02  1.022147e-02  3.781942e-02  7.359455e-02  7.393526e-02  2.725724e-02  3.100511e-02  1.155026e-01  5.349233e-02  1.301533e-01  2.282794e-02  3.100511e-02  1.000000e-50  4.497445e-02  4.463373e-02  2.487223e-02  2.862010e-02  1.005111e-01  1.499148e-02  6.166951e-02 
3.238958e-02  1.970555e-02  4.915062e-02  6.477916e-02  4.235561e-02  1.653454e-02  2.287656e-02  3.850510e-02  9.943375e-02  9.513024e-02  1.562854e-02  4.688562e-02  1.000000e-50  5.073613e-02  7.474519e-02  6.455266e-02  1.639864e-01  4.665912e-02  1.155153e-02  4.439411e-02 
3.531300e-02  8.025682e-03  5.939005e-02  7.223114e-02  1.926164e-02  4.109149e-01  5.939005e-02  1.444623e-02  4.012841e-02  3.852327e-02  8.025682e-03  6.741573e-02  1.000000e-50  1.765650e-02  4.333868e-02  5.136437e-02  2.407705e-02  4.815409e-03  6.420546e-03  1.926164e-02 
6.953642e-02  1.466414e-02  3.926206e-02  5.203406e-02  1.229896e-02  3.736991e-02  1.797540e-02  2.175970e-02  2.412488e-02  3.122044e-02  6.149480e-03  2.554399e-02  4.385052e-01  1.277200e-02  2.128666e-02  9.886471e-02  4.210028e-02  1.892148e-02  6.149480e-03  9.460738e-03 
6.204724e-02  2.677165e-02  1.483465e-01  4.314961e-02  5.637795e-02  4.724409e-03  5.385827e-02  3.370079e-02  4.944882e-02  5.574803e-02  2.141732e-02  1.470866e-01  1.000000e-50  3.118110e-02  6.173228e-02  5.858268e-02  3.716535e-02  3.370079e-02  1.543307e-02  5.952756e-02 


#DOUBLE_50x3_DISCRETE_SS_EMISSION
1.000000e+00  1.000000e-50  1.000000e-50 
1.000000e-50  1.000000e-50  1.000000e+00 
1.000000e+00  1.000000e-50  1.000000e-50 
1.000000e-50  1.000000e-50  1.000000e+00 
1.000000e+00  1.000000e-50  1.000000e-50 
1.000000e-50  1.000000e+00  1.000000e-50 
1.000000e-50  1.000000e+00  1.000000e-50 
1.000000e+00  1.000000e-50  1.000000e-50 
1.000000e-50  4.273504e-03  9.957265e-01 
1.000000e-50  1.000000e-50  1.000000e+00 
1.000000e-50  2.499107e-03  9.975009e-01 
1.000000e+00  1.000000e-50  1.000000e-50 
1.000000e-50  1.000000e-50  1.000000e+00 
1.000000e-50  1.000000e+00  1.000000e-50 
1.000000e-50  1.000000e-50  1.000000e+00 
1.000000e-50  7.085121e-03  9.929149e-01 
1.000000e-50  8.214096e-03  9.917859e-01 
1.000000e+00  1.000000e-50  1.000000e-50 
1.000000e-50  6.801126e-03  9.931989e-01 
1.000000e-50  1.000000e+00  1.000000e-50 
9.037506e-04  1.000000e-50  9.990962e-01 
1.000000e-50  9.988067e-01  1.193317e-03 
1.000000e-50  1.000000e-50  1.000000e+00 
1.000000e-50  4.852385e-01  5.147615e-01 
1.000000e-50  1.146413e-02  9.885359e-01 
1.000000e-50  3.536977e-02  9.646302e-01 
1.000000e-50  1.000000e+00  1.000000e-50 
1.000000e-50  1.000000e-50  1.000000e+00 
6.375228e-03  1.571038e-02  9.779144e-01 
2.572899e-02  1.000000e-50  9.742710e-01 
1.000000e-50  1.000000e+00  1.000000e-50 
1.000000e+00  1.000000e-50  1.000000e-50 
1.000000e-50  1.634409e-01  8.365591e-01 
1.000000e+00  1.000000e-50  1.000000e-50 
4.662005e-02  1.864802e-02  9.347319e-01 
2.079002e-03  1.000000e-50  9.979210e-01 
1.000000e-50  1.000000e+00  1.000000e-50 
1.000000e+00  1.000000e-50  1.000000e-50 
1.000000e-50  1.000000e-50  1.000000e+00 
1.000000e-50  5.110733e-03  9.948893e-01 
1.000000e-50  1.000000e-50  1.000000e+00 
1.000000e+00  1.000000e-50  1.000000e-50 
1.761006e-02  1.000000e-50  9.823899e-01 
6.387509e-03  2.342087e-02  9.701916e-01 
1.000000e-50  4.692082e-01  5.307918e-01 
1.000000e+00  1.000000e-50  1.000000e-50 
1.000000e-50  1.000000e-50  1.000000e+00 
1.000000e-50  1.000000e-50  1.000000e+00 
1.000000e-50  3.319109e-03  9.966809e-01 
1.000000e-50  5.769231e-02  9.423077e-01 


#DOUBLE_50x2_DISCRETE_CIS_EMISSION
1.000000e+00  1.000000e-50 
1.000000e+00  1.000000e-50 
1.000000e+00  1.000000e-50 
1.000000e+00  1.000000e-50 
1.000000e+00  1.000000e-50 
9.997375e-01  2.624902e-04 
1.000000e+00  1.000000e-50 
1.000000e+00  1.000000e-50 
1.000000e+00  1.000000e-50 
9.989660e-01  1.034019e-03 
1.000000e+00  1.000000e-50 
1.000000e+00  1.000000e-50 
1.000000e+00  1.000000e-50 
1.000000e+00  1.000000e-50 
1.000000e+00  1.000000e-50 
1.000000e+00  1.000000e-50 
1.000000e+00  1.000000e-50 
1.000000e+00  1.000000e-50 
1.000000e+00  1.000000e-50 
1.000000e+00  1.000000e-50 
1.000000e+00  1.000000e-50 
1.000000e+00  1.000000e-50 
1.000000e+00  1.000000e-50 
1.000000e+00  1.000000e-50 
9.563868e-01  4.361320e-02 
9.994577e-01  5.422993e-04 
1.000000e+00  1.000000e-50 
1.000000e+00  1.000000e-50 
9.812047e-01  1.879529e-02 
1.000000e+00  1.000000e-50 
1.000000e+00  1.000000e-50 
1.000000e+00  1.000000e-50 
1.000000e+00  1.000000e-50 
1.000000e+00  1.000000e-50 
1.000000e+00  1.000000e-50 
1.000000e+00  1.000000e-50 
1.000000e+00  1.000000e-50 
1.000000e+00  1.000000e-50 
1.000000e+00  1.000000e-50 
9.982899e-01  1.710133e-03 
1.000000e+00  1.000000e-50 
1.000000e+00  1.000000e-50 
1.000000e+00  1.000000e-50 
1.000000e+00  1.000000e-50 
9.970774e-01  2.922552e-03 
1.000000e+00  1.000000e-50 
9.973052e-01  2.694812e-03 
1.000000e+00  1.000000e-50 
9.344418e-01  6.555819e-02 
1.000000e+00  1.000000e-50 


#DOUBLE_50x3_TORUS_TORUS_KAPPA
1.645380e+01  1.869412e+01  5.496354e+00 
1.850240e+01  1.438468e+01  4.082349e+00 
8.392909e+01  6.393673e+01  2.566525e+01 
7.516193e+01  6.890699e+01  2.431729e+01 
2.694954e+02  1.710684e+02  8.154875e+01 
1.850462e+01  2.801266e+01  6.394896e+00 
2.641577e+01  1.523971e+01  -3.474971e+00 
9.026893e+01  1.012917e+02  3.885486e+01 
3.006472e+00  1.728683e+01  -8.119944e+00 
9.767361e+00  1.165390e+01  1.112076e+00 
2.207009e+02  1.331340e+02  7.055176e+01 
4.203153e+02  3.598878e+02  1.483933e+02 
9.755172e+00  1.156218e+01  1.328238e+00 
2.906313e+01  1.787418e+01  4.418396e+00 
2.775252e+01  2.570997e+01  6.588830e+00 
3.653165e+01  3.483628e+01  1.013609e+01 
6.520401e+01  4.290786e+01  1.958940e+01 
3.270995e+01  2.271218e+01  1.914999e+00 
6.202030e+01  5.516814e+01  1.867033e+01 
7.287543e+00  1.443789e+01  -3.642780e+00 
5.434003e+01  1.062716e+01  2.691178e+00 
1.173063e+01  9.036077e+00  2.145019e+00 
1.519288e+02  7.612220e+01  4.290152e+01 
1.364713e+01  2.701915e+01  5.651871e+00 
7.760129e+01  5.224237e+01  2.247524e+01 
3.138277e+01  4.200980e+01  1.210941e+01 
2.731953e+01  4.543252e+01  5.026057e+00 
3.798910e+01  3.255422e+01  1.136219e+01 
9.071634e+00  4.114318e+00  4.620498e-01 
3.765236e+00  4.036654e+00  -8.113276e-02 
2.655469e+01  2.768944e+01  8.426881e+00 
4.773409e+02  3.699331e+02  1.454466e+02 
1.139268e+02  6.328038e+01  2.896948e+01 
4.339812e+01  4.606839e+01  9.046869e+00 
3.657709e+01  2.116327e+01  1.132353e+01 
2.238770e+01  1.228664e+01  3.294083e+00 
5.082852e+01  2.154168e+01  5.871206e+00 
1.859533e+02  1.436293e+02  6.084102e+01 
1.627450e+01  1.246201e+01  4.596084e+00 
2.629802e+01  2.242545e+01  6.845713e+00 
6.072810e+00  5.479234e+00  8.422800e-01 
3.441935e+02  3.309365e+02  1.322427e+02 
4.557604e+01  3.190567e+01  8.419364e+00 
2.870803e+00  2.225223e+00  -2.154518e-01 
2.708637e+00  6.869700e+00  -3.643271e-01 
1.207354e+02  1.614667e+02  4.872992e+01 
1.734192e+01  1.204817e+01  2.481990e+00 
1.038879e+01  3.675774e+00  4.740005e-01 
7.478525e+01  4.502773e+01  2.226829e+01 
1.240321e+01  8.186137e+00  1.471264e-01 


#DOUBLE_50x2_TORUS_TORUS_MU
-1.664545e+00  -4.066885e-01 
1.835358e+00  -8.354190e-02 
-1.025601e+00  -5.666010e-01 
-1.409715e+00  -1.204080e-01 
-1.096774e+00  -5.311342e-01 
-1.975205e+00  2.546045e+00 
-1.301374e+00  2.360543e+00 
-1.493452e+00  -2.214850e-01 
-1.456987e+00  2.063475e+00 
-2.415068e+00  2.723544e+00 
-1.059324e+00  -4.394535e-01 
-1.180360e+00  -7.535492e-01 
-1.822754e+00  2.341849e+00 
-2.615511e+00  2.652171e+00 
-1.238671e+00  -5.584919e-01 
-1.213646e+00  2.476931e+00 
1.446775e+00  1.080023e-01 
-1.343600e+00  -5.891187e-01 
-1.725740e+00  1.556605e-01 
-1.792701e+00  1.891338e+00 
-1.486509e+00  1.356110e+00 
-1.626297e+00  -4.823033e-01 
1.034772e+00  5.621128e-01 
-1.829593e+00  3.030597e+00 
-1.125491e+00  2.566461e+00 
-1.382419e+00  -5.662616e-01 
-1.928231e+00  2.177270e+00 
-1.382457e+00  2.878252e+00 
-1.346928e+00  2.367997e+00 
-1.821056e+00  -7.566209e-01 
-1.751730e+00  -5.650427e-01 
-1.083383e+00  -7.562032e-01 
9.166791e-01  7.785484e-01 
-9.649658e-01  -9.083884e-01 
1.266030e+00  -2.712266e+00 
-9.542579e-01  -7.301966e-01 
-2.278043e+00  2.340710e+00 
-1.002983e+00  -6.919941e-01 
-1.733618e+00  -2.732575e+00 
-2.051709e+00  3.252657e-01 
-1.901832e+00  2.764072e-01 
-1.116792e+00  -6.488349e-01 
9.977173e-01  8.228585e-01 
1.339737e+00  1.664386e+00 
2.692030e+00  -3.011135e+00 
-1.177969e+00  -8.975726e-01 
-1.827129e+00  -1.909026e-01 
1.358934e+00  -7.032929e-01 
-1.318448e+00  -2.653055e-01 
-2.320152e+00  1.456749e+00 


