#DOUBLE_1x25_DISCRETE_HIDDEN_START
1.657459e-02  1.000000e-50  4.281768e-02  1.277624e-01  1.104972e-01  1.000000e-50  6.560773e-02  5.455801e-02  1.291436e-01  1.450276e-02  7.596685e-03  1.000000e-50  2.279006e-02  1.726519e-02  1.381215e-01  9.046961e-02  1.000000e-50  4.143646e-03  1.864641e-02  1.864641e-02  1.001381e-01  2.071823e-02  1.000000e-50  1.000000e-50  1.000000e-50  

#DOUBLE_25x25_DISCRETE_HIDDEN_TRANSITION
3.382287e-02  5.340454e-03  9.790832e-03  7.165109e-02  8.322207e-02  1.397419e-01  7.476636e-02  3.159769e-02  1.232755e-01  4.895416e-02  5.785492e-03  5.562973e-02  1.602136e-02  1.000000e-50  5.963507e-02  5.340454e-02  1.646640e-02  7.565643e-03  4.895416e-03  5.518469e-02  6.764575e-02  1.691144e-02  1.000000e-50  1.379617e-02  4.895416e-03 
1.000000e-50  4.243788e-01  1.000000e-50  1.367847e-02  1.151415e-02  1.471734e-02  3.003203e-01  1.000000e-50  1.520215e-01  1.000000e-50  1.000000e-50  1.000000e-50  2.536577e-02  1.000000e-50  3.402303e-02  1.000000e-50  1.000000e-50  9.522985e-04  1.000000e-50  1.540992e-02  1.000000e-50  7.618388e-03  1.000000e-50  1.000000e-50  1.000000e-50 
2.831446e-03  1.000000e-50  3.179547e-01  1.057628e-02  2.731512e-02  1.000000e-50  1.000000e-50  1.127582e-01  5.746169e-03  1.000000e-50  1.000000e-50  1.000000e-50  1.000000e-50  4.571952e-02  1.424051e-02  7.578281e-03  2.165223e-01  7.661559e-03  1.954530e-01  1.000000e-50  1.499001e-02  1.000000e-50  1.000000e-50  9.993338e-04  1.965356e-02 
1.809062e-02  1.000000e-50  2.137982e-02  1.531946e-01  9.842941e-02  1.000000e-50  4.111504e-04  2.195543e-02  4.983143e-02  1.000000e-50  2.220212e-03  5.492969e-02  1.000000e-50  1.710386e-02  1.083792e-01  2.258038e-01  4.999589e-02  7.154017e-03  1.266343e-02  8.469698e-03  1.203026e-01  7.729627e-03  1.000000e-50  8.551928e-03  1.340350e-02 
3.165173e-02  1.000000e-50  1.597195e-02  8.015193e-02  8.735878e-02  2.395793e-02  1.018699e-01  2.999610e-02  9.329957e-02  5.599922e-02  2.824309e-03  1.076159e-01  4.606545e-02  1.000000e-50  9.018309e-02  5.385664e-02  1.236852e-02  7.304246e-03  7.109466e-03  7.567199e-02  4.012466e-02  1.227113e-02  1.000000e-50  1.577717e-02  8.570316e-03 
1.823123e-02  1.000000e-50  1.358850e-03  7.609557e-02  1.415468e-02  2.038274e-03  2.717699e-02  1.000000e-50  9.342090e-02  7.926622e-03  1.765372e-01  1.000000e-50  1.868418e-02  1.000000e-50  2.278338e-01  1.000000e-50  3.861397e-02  6.907485e-03  1.234288e-02  3.929340e-02  8.492809e-02  7.473672e-03  1.000000e-50  6.567773e-03  1.404144e-01 
2.895137e-03  3.155699e-01  1.000000e-50  1.000000e-50  1.000000e-50  1.245400e-01  1.699298e-01  1.000000e-50  2.453506e-04  3.248442e-02  5.937485e-03  1.000000e-50  3.375534e-01  1.000000e-50  1.000000e-50  1.000000e-50  1.000000e-50  1.000000e-50  1.000000e-50  1.000000e-50  3.925610e-03  1.000000e-50  1.000000e-50  4.465381e-03  2.453506e-03 
1.033295e-02  1.000000e-50  2.204363e-01  1.283177e-02  3.586142e-02  2.566354e-03  1.000000e-50  3.476734e-01  1.978794e-02  1.000000e-50  3.039103e-03  2.363747e-02  1.000000e-50  9.839941e-02  9.792666e-03  1.181873e-02  6.773823e-02  2.917539e-02  6.051192e-02  1.000000e-50  1.769433e-02  1.175120e-02  7.834133e-03  1.000000e-50  9.117309e-03 
3.466056e-02  2.005156e-02  1.754512e-02  1.208823e-01  1.465196e-01  1.475222e-02  4.096247e-02  4.998568e-02  1.178745e-01  1.000000e-50  3.673732e-02  4.783730e-02  9.810942e-03  4.726439e-03  9.366944e-02  1.117158e-02  1.000000e-50  1.647093e-02  6.588370e-03  5.922372e-02  8.407333e-02  3.530507e-02  1.000000e-50  3.115153e-02  1.000000e-50 
4.899872e-03  1.000000e-50  1.000000e-50  2.769493e-03  1.000000e-50  5.828718e-01  2.449936e-02  1.000000e-50  2.307201e-01  8.606732e-02  7.243289e-03  1.000000e-50  1.000000e-50  1.000000e-50  5.538986e-03  1.000000e-50  1.000000e-50  1.000000e-50  2.769493e-03  2.045164e-02  2.556455e-02  1.000000e-50  1.000000e-50  6.604176e-03  1.000000e-50 
1.000000e-50  1.000000e-50  1.000000e-50  2.551517e-01  6.552443e-02  1.944895e-02  3.241491e-03  2.315351e-02  1.178514e-01  1.203982e-02  6.946052e-03  1.000000e-50  2.361658e-02  8.335263e-03  3.183607e-01  1.000000e-50  5.857837e-02  4.399166e-03  2.662653e-02  1.041908e-02  3.750868e-02  3.936096e-03  6.946052e-04  1.000000e-50  4.167631e-03 
2.052239e-02  1.000000e-50  1.292644e-02  1.102079e-01  1.515192e-01  3.358209e-02  1.146055e-02  6.343284e-02  2.321429e-01  1.000000e-50  1.000000e-50  9.248401e-02  1.000000e-50  1.000000e-50  3.984542e-02  1.732409e-03  8.928571e-03  1.345949e-02  3.331557e-03  2.225480e-02  1.375267e-01  1.305970e-02  1.000000e-50  1.585821e-02  1.572495e-02 
1.000000e-50  1.000000e-50  1.000000e-50  1.000000e-50  1.000000e-50  2.941685e-03  2.032729e-01  1.000000e-50  9.888018e-04  1.000000e-50  1.000000e-50  1.000000e-50  7.927966e-01  1.000000e-50  1.000000e-50  1.000000e-50  1.000000e-50  1.000000e-50  1.000000e-50  1.000000e-50  1.000000e-50  1.000000e-50  1.000000e-50  1.000000e-50  1.000000e-50 
3.989030e-03  1.000000e-50  1.149339e-01  6.906008e-02  5.833957e-02  2.493144e-04  3.565196e-02  2.311144e-01  5.908751e-02  2.567938e-02  6.731488e-03  4.213413e-02  1.000000e-50  1.695338e-02  8.476689e-02  1.246572e-03  1.000000e-50  1.121915e-02  5.160808e-02  4.811768e-02  4.986288e-02  1.271503e-02  7.230117e-02  1.000000e-50  4.238345e-03 
4.026041e-03  1.000000e-50  2.664040e-02  9.928045e-02  8.223402e-02  1.713209e-03  3.272229e-02  3.494946e-02  8.471818e-02  1.000000e-50  7.306836e-02  9.105705e-02  1.000000e-50  1.079322e-02  4.522871e-02  1.666952e-01  4.368683e-02  8.908686e-03  1.516190e-02  4.231626e-02  7.846496e-02  6.424533e-03  4.283022e-04  1.687511e-02  3.460682e-02 
6.723797e-03  4.482531e-03  3.085036e-02  1.007251e-01  5.444957e-02  1.000000e-50  1.232696e-01  3.190508e-02  4.271589e-02  1.000000e-50  7.396177e-02  8.358603e-02  5.669084e-03  4.878049e-03  1.348715e-01  7.593935e-02  2.412657e-02  1.212920e-02  9.360580e-03  8.345419e-02  4.126566e-02  9.228741e-03  1.000000e-50  1.529334e-02  3.111404e-02 
1.000000e-50  1.000000e-50  3.824202e-01  1.749899e-02  1.000000e-50  1.000000e-50  1.000000e-50  3.711132e-01  1.000000e-50  1.000000e-50  1.000000e-50  1.000000e-50  1.000000e-50  4.590120e-02  1.103782e-02  1.000000e-50  3.445955e-02  9.153318e-03  1.161664e-01  1.000000e-50  1.000000e-50  1.000000e-50  1.224929e-02  1.000000e-50  1.000000e-50 
8.602151e-03  1.000000e-50  8.602151e-02  4.032258e-02  5.591398e-02  1.000000e-50  3.763441e-03  2.516129e-01  4.193548e-02  1.451613e-02  1.000000e-50  3.494624e-02  2.150538e-03  1.010753e-01  5.645161e-02  6.182796e-02  9.462366e-02  2.204301e-02  3.279570e-02  1.182796e-02  5.806452e-02  5.376344e-03  5.376344e-03  6.989247e-03  3.763441e-03 
3.292241e-02  1.000000e-50  1.000000e-50  2.538071e-02  3.843365e-02  9.717186e-03  5.366207e-03  1.000000e-50  6.831037e-02  1.000000e-50  2.610587e-03  4.786077e-02  1.000000e-50  1.206672e-01  3.625816e-02  2.088470e-02  1.470631e-01  1.348803e-02  2.149384e-01  3.277737e-02  3.190718e-02  1.957941e-02  1.292241e-01  2.610587e-03  1.000000e-50 
1.000000e-50  1.000000e-50  1.000000e-50  2.306257e-02  1.000000e-50  3.320332e-01  1.373580e-02  1.000000e-50  5.731728e-02  3.898593e-01  1.865355e-03  1.156520e-01  1.000000e-50  1.000000e-50  1.000000e-50  1.000000e-50  1.000000e-50  1.000000e-50  1.000000e-50  6.647448e-02  1.000000e-50  1.000000e-50  1.000000e-50  1.000000e-50  1.000000e-50 
1.338814e-02  1.000000e-50  3.640634e-03  1.089841e-01  8.948914e-02  1.538462e-02  1.385790e-01  1.597181e-02  1.085144e-01  3.981210e-02  1.000000e-50  7.539636e-02  1.620669e-02  1.000000e-50  5.073400e-02  8.667058e-02  1.350558e-02  5.754551e-03  6.459190e-03  1.365825e-01  5.237816e-02  2.254844e-02  1.000000e-50  1.000000e-50  1.000000e-50 
5.109862e-03  1.000000e-50  1.226367e-02  1.333674e-01  6.438426e-02  1.000000e-50  2.401635e-02  6.336229e-02  7.204905e-02  1.000000e-50  4.803270e-02  8.073582e-02  1.000000e-50  5.467552e-02  3.934594e-02  8.277976e-02  3.832397e-02  7.664793e-03  2.759325e-02  2.043945e-02  8.226878e-02  6.029637e-02  4.598876e-03  5.518651e-02  2.350537e-02 
4.729730e-03  1.000000e-50  6.081081e-03  1.000000e-50  3.378378e-03  1.000000e-50  1.000000e-50  7.101351e-01  1.000000e-50  1.000000e-50  3.378378e-03  2.027027e-03  1.000000e-50  1.000000e-50  1.000000e-50  1.000000e-50  1.891892e-02  1.466216e-01  5.202703e-02  1.000000e-50  1.000000e-50  8.783784e-03  4.391892e-02  1.000000e-50  1.000000e-50 
4.594595e-02  1.000000e-50  9.459459e-03  1.108108e-01  1.310811e-01  1.000000e-50  4.054054e-02  2.567568e-02  1.918919e-01  1.000000e-50  1.081081e-02  1.020270e-01  2.027027e-02  1.000000e-50  1.466216e-01  1.351351e-02  1.000000e-50  9.459459e-03  1.418919e-02  6.756757e-03  7.837838e-02  4.256757e-02  1.000000e-50  1.000000e-50  1.000000e-50 
4.792879e-03  1.000000e-50  1.677508e-02  2.016433e-01  7.360493e-02  2.875727e-02  2.054091e-02  4.895584e-02  1.218761e-01  1.506333e-02  1.410476e-01  1.000000e-50  1.027046e-02  1.000000e-50  1.451558e-01  1.000000e-50  1.745977e-02  3.423485e-03  4.792879e-03  2.396440e-02  5.922629e-02  5.819925e-03  1.000000e-50  1.000000e-50  5.682985e-02 


#DOUBLE_1x25_DISCRETE_HIDDEN_DOMINANT-EIGENVECTOR
1.007031e-02  5.190690e-02  5.346273e-02  5.491368e-02  4.522526e-02  3.988496e-02  9.007469e-02  6.544878e-02  6.227223e-02  2.082456e-02  1.956210e-02  3.340157e-02  1.779654e-01  1.786936e-02  5.190433e-02  3.377759e-02  3.320997e-02  8.340913e-03  3.083615e-02  2.629051e-02  3.770950e-02  8.633827e-03  6.606815e-03  6.654501e-03  1.315334e-02  

#DOUBLE_25x20_DISCRETE_AA_EMISSION
2.191060e-02  3.505697e-03  2.979842e-02  1.358457e-02  9.202454e-03  7.865907e-01  5.258545e-03  5.696757e-03  2.059597e-02  1.139351e-02  3.067485e-03  1.621385e-02  1.000000e-50  9.202454e-03  1.489921e-02  3.023663e-02  8.326030e-03  3.505697e-03  2.191060e-03  4.820333e-03 
8.277289e-02  1.681324e-02  4.336955e-02  1.010519e-01  4.837041e-02  2.966029e-02  2.371098e-02  7.044318e-02  8.078979e-02  1.251078e-01  1.000000e-50  3.526470e-02  1.000000e-50  4.992240e-02  6.570098e-02  4.647353e-02  5.087084e-02  7.113295e-02  1.474392e-02  4.380066e-02 
2.359931e-02  1.270732e-02  5.528509e-03  3.704926e-02  4.001980e-02  3.383117e-03  1.831834e-02  1.958908e-01  3.878208e-02  1.295486e-01  1.980361e-02  9.241687e-03  1.000000e-50  2.145392e-02  4.059741e-02  1.361498e-02  7.748164e-02  2.591798e-01  1.278983e-02  4.100998e-02 
3.801453e-02  1.799839e-02  1.000000e-50  6.908797e-02  6.658596e-02  1.000000e-50  2.663438e-02  1.221146e-01  9.209040e-02  1.089588e-01  2.316384e-02  9.200969e-03  1.000000e-50  5.496368e-02  6.432607e-02  1.251009e-02  6.093624e-02  1.593220e-01  1.799839e-02  5.609362e-02 
6.315993e-02  2.373341e-02  9.328684e-02  3.032064e-02  1.627434e-02  1.623559e-01  3.080500e-02  3.293616e-03  2.615519e-02  1.394943e-02  8.621525e-03  7.497820e-02  9.009009e-03  1.956796e-02  3.283929e-02  1.845394e-01  1.655526e-01  9.590235e-03  6.684103e-03  2.528335e-02 
7.887104e-02  1.238286e-02  1.185855e-01  6.526104e-02  4.451138e-02  3.982597e-02  3.235163e-02  1.338688e-02  6.024096e-02  1.117805e-01  2.710843e-02  9.091923e-02  1.000000e-50  4.953146e-02  5.153949e-02  7.585899e-02  5.689424e-02  1.561803e-02  1.394467e-02  4.138777e-02 
1.213383e-01  8.817478e-03  5.202312e-02  9.410209e-02  2.606055e-02  3.188988e-02  1.665524e-02  4.021750e-02  7.156853e-02  1.117370e-01  3.732732e-02  3.399628e-02  7.504654e-02  4.790830e-02  6.069364e-02  5.569707e-02  2.865680e-02  4.403841e-02  1.714510e-02  2.508083e-02 
1.089410e-01  2.811381e-02  2.554572e-02  5.163209e-02  8.278705e-02  3.946746e-02  3.129013e-02  4.135974e-02  4.987497e-02  4.352234e-02  2.412651e-02  2.054471e-02  1.000000e-50  3.561533e-02  5.832263e-02  9.650605e-02  8.576063e-02  8.224640e-02  2.115294e-02  7.319051e-02 
4.723745e-02  2.481372e-02  7.127794e-02  5.904682e-02  4.885421e-02  4.330100e-02  3.648250e-02  4.055954e-02  7.036412e-02  7.767468e-02  2.080697e-02  7.057500e-02  1.000000e-50  4.055954e-02  5.405595e-02  6.621679e-02  1.068466e-01  5.166596e-02  1.883875e-02  5.082244e-02 
1.081946e-01  1.131029e-02  8.386684e-02  1.128895e-01  2.134016e-02  5.121639e-02  2.966283e-02  2.048656e-02  7.810499e-02  5.271020e-02  1.280410e-02  4.246692e-02  4.908237e-02  4.609475e-02  5.036278e-02  1.278276e-01  4.204012e-02  1.920615e-02  1.493811e-02  2.539479e-02 
2.514286e-03  1.000000e-50  4.342857e-03  3.885714e-03  6.628571e-03  9.616000e-01  1.000000e-50  1.000000e-50  1.000000e-50  1.000000e-50  1.000000e-50  1.325714e-02  1.000000e-50  1.000000e-50  1.000000e-50  1.000000e-50  6.400000e-03  1.000000e-50  1.371429e-03  1.000000e-50 
8.283313e-02  1.013739e-02  1.027077e-01  9.217020e-02  1.613979e-02  4.041617e-02  1.867414e-02  2.374283e-02  8.430039e-02  6.015740e-02  1.000400e-02  2.921168e-02  1.633987e-01  3.294651e-02  5.508870e-02  8.590103e-02  5.508870e-02  3.708150e-02  1.000000e-50  1.000000e-50 
1.296296e-01  1.232099e-02  4.785185e-02  9.106173e-02  4.009877e-02  3.414815e-02  1.960494e-02  6.819753e-02  6.617284e-02  1.215556e-01  2.923457e-02  2.861728e-02  1.000000e-50  5.002469e-02  6.182716e-02  3.671605e-02  4.135802e-02  7.320988e-02  1.419753e-02  3.417284e-02 
6.527155e-02  2.864973e-02  4.982561e-02  4.683607e-02  3.338316e-02  5.181863e-02  1.918286e-02  1.370204e-02  6.078724e-02  8.619831e-02  1.768809e-02  2.541106e-02  2.234679e-01  2.640757e-02  4.957648e-02  6.003986e-02  5.306428e-02  3.263577e-02  2.142501e-02  3.462880e-02 
1.319203e-01  2.551929e-02  5.578635e-02  7.045358e-02  4.603646e-02  2.746927e-02  2.094108e-02  4.162781e-02  6.112760e-02  1.259008e-01  3.153879e-02  3.179313e-02  1.000000e-50  4.289953e-02  5.307334e-02  7.426876e-02  4.807122e-02  5.561679e-02  1.763459e-02  3.832132e-02 
4.374018e-02  4.321634e-03  4.845469e-02  3.339445e-02  2.881090e-03  2.422734e-02  9.821896e-03  1.000000e-50  3.470403e-02  3.928759e-03  1.000000e-50  1.584599e-02  6.212677e-01  9.036145e-03  1.846517e-02  8.315872e-02  4.007334e-02  6.678889e-03  1.000000e-50  1.000000e-50 
6.244138e-02  1.942918e-02  1.715128e-02  4.944392e-02  7.222297e-02  2.492295e-02  1.728527e-02  7.677878e-02  5.962750e-02  1.544955e-01  1.701729e-02  2.854080e-02  1.000000e-50  3.497253e-02  5.346375e-02  4.113627e-02  7.892269e-02  1.023717e-01  2.706686e-02  6.270937e-02 
2.158662e-03  1.618996e-03  8.634647e-03  1.618996e-03  3.237992e-03  9.584458e-01  3.237992e-03  1.000000e-50  2.698327e-03  1.000000e-50  1.618996e-03  2.698327e-03  1.000000e-50  1.000000e-50  5.396654e-04  1.349164e-02  1.000000e-50  1.000000e-50  1.000000e-50  1.000000e-50 
4.840341e-02  2.586331e-02  8.958243e-02  4.450224e-02  5.317151e-02  8.091316e-03  2.701922e-02  1.304725e-01  4.175697e-02  1.197804e-01  2.239561e-02  6.400809e-02  4.190146e-03  2.918653e-02  3.727785e-02  2.918653e-02  2.499639e-02  1.476665e-01  1.502673e-02  3.742234e-02 
1.180532e-01  1.060963e-02  3.570226e-02  6.803638e-02  2.542944e-02  3.351297e-02  1.347255e-02  4.075446e-02  6.449983e-02  7.190973e-02  1.751431e-02  1.650387e-02  2.268441e-01  2.542944e-02  4.462782e-02  5.944763e-02  2.812395e-02  5.203772e-02  2.037723e-02  2.711351e-02 
4.994220e-02  2.242775e-02  2.247399e-01  4.543353e-02  3.398844e-02  1.641618e-02  3.572254e-02  2.913295e-02  4.150289e-02  4.797688e-02  1.630058e-02  1.613873e-01  5.757225e-02  2.786127e-02  4.393064e-02  5.479769e-02  2.254335e-02  2.936416e-02  1.109827e-02  2.786127e-02 
6.304016e-02  2.084392e-02  1.123538e-01  7.219115e-02  2.033554e-02  1.245552e-01  4.270463e-02  1.728521e-02  6.761566e-02  4.117946e-02  1.576004e-02  1.601423e-01  5.083884e-04  3.965430e-02  5.541434e-02  6.405694e-02  2.796136e-02  1.931876e-02  1.220132e-02  2.287748e-02 
6.423259e-02  1.014199e-02  5.747126e-02  5.003381e-02  2.434077e-02  2.366464e-02  2.501690e-02  9.465855e-02  5.814740e-02  1.419878e-01  2.231237e-02  3.583502e-02  2.434077e-02  2.907370e-02  4.327248e-02  5.747126e-02  6.693712e-02  1.413117e-01  1.149425e-02  1.825558e-02 
3.324468e-02  1.130319e-02  3.523936e-02  3.922872e-02  1.063830e-02  6.489362e-01  2.393617e-02  1.000000e-50  3.989362e-02  3.457447e-02  9.308511e-03  1.662234e-02  1.000000e-50  1.329787e-02  1.994681e-02  4.055851e-02  1.000000e-50  1.063830e-02  1.000000e-50  1.263298e-02 
4.886325e-02  1.323380e-02  1.272480e-01  4.445199e-02  2.986088e-02  1.116390e-01  3.495080e-02  1.000000e-50  1.004411e-01  2.714625e-02  1.866305e-02  2.500848e-01  1.000000e-50  5.191720e-02  5.870377e-02  4.445199e-02  1.000000e-50  1.000000e-50  1.085850e-02  2.748558e-02 


#DOUBLE_25x3_DISCRETE_SS_EMISSION
3.768624e-02  1.095530e-02  9.513585e-01 
1.000000e+00  1.000000e-50  1.000000e-50 
1.000000e-50  1.000000e+00  1.000000e-50 
1.000000e-50  1.000000e-50  1.000000e+00 
1.000000e-50  1.000000e-50  1.000000e+00 
1.067453e-01  1.000000e-50  8.932547e-01 
1.000000e+00  1.000000e-50  1.000000e-50 
1.000000e-50  1.000000e+00  1.000000e-50 
6.568724e-02  1.907049e-03  9.324057e-01 
1.000000e-50  1.000000e-50  1.000000e+00 
6.887052e-04  4.132231e-03  9.951791e-01 
3.987771e-04  1.000000e-50  9.996012e-01 
1.000000e+00  1.000000e-50  1.000000e-50 
1.000000e-50  1.000000e+00  1.000000e-50 
1.000000e-50  1.000000e-50  1.000000e+00 
2.610285e-04  1.000000e-50  9.997390e-01 
1.000000e-50  1.000000e+00  1.000000e-50 
1.000000e-50  6.409018e-01  3.590982e-01 
1.000000e-50  1.000000e+00  1.000000e-50 
1.000000e-50  1.000000e-50  1.000000e+00 
1.397299e-03  1.000000e-50  9.986027e-01 
8.542714e-03  9.246231e-02  8.989950e-01 
1.000000e-50  9.905213e-01  9.478673e-03 
1.000000e-50  1.000000e-50  1.000000e+00 
1.000000e-50  1.000000e-50  1.000000e+00 


#DOUBLE_25x2_DISCRETE_CIS_EMISSION
9.973833e-01  2.616659e-03 
1.000000e+00  1.000000e-50 
1.000000e+00  1.000000e-50 
1.000000e+00  1.000000e-50 
9.976683e-01  2.331682e-03 
1.000000e+00  1.000000e-50 
1.000000e+00  1.000000e-50 
1.000000e+00  1.000000e-50 
1.000000e+00  1.000000e-50 
1.000000e+00  1.000000e-50 
1.000000e+00  1.000000e-50 
9.787375e-01  2.126246e-02 
1.000000e+00  1.000000e-50 
9.965286e-01  3.471361e-03 
1.000000e+00  1.000000e-50 
9.590004e-01  4.099961e-02 
1.000000e+00  1.000000e-50 
1.000000e+00  1.000000e-50 
1.000000e+00  1.000000e-50 
1.000000e+00  1.000000e-50 
1.000000e+00  1.000000e-50 
1.000000e+00  1.000000e-50 
9.966193e-01  3.380663e-03 
1.000000e+00  1.000000e-50 
1.000000e+00  1.000000e-50 


#DOUBLE_25x3_TORUS_TORUS_KAPPA
2.189751e+01  1.254758e+01  6.365833e+00 
2.573463e+01  2.610924e+01  7.675831e+00 
3.333531e+01  4.229266e+01  6.368210e+00 
9.100394e+00  1.250289e+01  2.489965e+00 
2.815427e+00  6.421171e+00  -1.062535e+00 
6.246484e+01  5.927387e+01  2.314771e+01 
1.095924e+02  8.339981e+01  3.354140e+01 
1.747128e+01  1.624328e+01  1.972160e+00 
9.192938e+00  5.358844e+00  1.339403e+00 
1.926438e+02  1.194839e+02  5.618765e+01 
4.811106e+01  3.596222e+01  1.516018e+01 
3.133109e+01  2.209966e+01  8.860115e+00 
2.743671e+02  2.264319e+02  7.659139e+01 
2.792328e+01  2.704085e+01  7.399541e+00 
3.779207e+01  3.127480e+01  9.510352e+00 
6.415498e+01  4.204249e+01  1.804879e+01 
2.877321e+01  3.372002e+01  8.919686e+00 
3.838617e+00  9.373488e+00  5.042925e-01 
5.945793e+00  1.087360e+01  -5.248174e+00 
1.353638e+02  8.555570e+01  3.902489e+01 
3.832640e+00  4.323256e+00  -1.438154e+00 
2.396593e+01  8.841677e+00  3.156658e+00 
1.302077e+01  1.140694e+01  2.661180e+00 
3.229839e+00  2.709623e+00  -1.147915e-01 
1.698395e+02  8.818456e+01  4.855334e+01 


#DOUBLE_25x2_TORUS_TORUS_MU
1.326384e+00  -2.852105e+00 
-1.267481e+00  -6.712486e-01 
-2.093815e+00  2.224521e+00 
-1.993359e+00  2.428459e+00 
-2.113002e+00  2.910230e+00 
-1.595620e+00  -2.005883e-03 
-1.066929e+00  -6.331482e-01 
-2.446329e+00  2.633095e+00 
-1.839785e+00  -1.403166e-01 
-1.158125e+00  -3.010201e-01 
1.477994e+00  9.684006e-02 
-1.253379e+00  -4.812396e-01 
-1.107811e+00  -7.435157e-01 
-1.341193e+00  2.516086e+00 
-1.206710e+00  2.482037e+00 
-1.147792e+00  2.593968e+00 
-1.812540e+00  2.408243e+00 
2.822557e+00  -2.999588e+00 
-1.740901e+00  1.990856e+00 
-1.000805e+00  -5.437333e-01 
-1.736258e+00  1.680283e+00 
9.902104e-01  8.317175e-01 
-1.652063e+00  -4.968902e-01 
1.824693e+00  -3.672477e-01 
1.004716e+00  6.309009e-01 


