#DOUBLE_1x25_DISCRETE_HIDDEN_START
2.900552e-02  2.002762e-02  1.000000e-50  2.417127e-02  1.000000e-50  1.000000e-50  4.903315e-02  5.041436e-02  1.339779e-01  5.524862e-02  1.008287e-01  1.588398e-02  1.104972e-02  1.000000e-50  7.941989e-02  2.348066e-02  1.035912e-02  3.591160e-02  6.215470e-02  1.000000e-50  1.000000e-50  1.243094e-02  8.770718e-02  2.348066e-02  1.754144e-01  

#DOUBLE_25x25_DISCRETE_HIDDEN_TRANSITION
1.675089e-01  1.403706e-02  2.695115e-02  1.207187e-02  1.000000e-50  1.150103e-01  1.385926e-01  1.000000e-50  2.648325e-02  1.993262e-01  3.294030e-02  8.796556e-03  1.029384e-02  1.000000e-50  2.713831e-02  2.545386e-02  7.767172e-03  2.189781e-02  3.200449e-02  1.000000e-50  1.000000e-50  4.463784e-02  2.638967e-02  1.871608e-03  6.082725e-02 
3.527559e-02  9.910761e-02  2.225722e-02  1.301837e-02  1.000000e-50  1.049869e-03  4.031496e-02  1.175853e-02  5.994751e-02  4.146982e-02  7.128609e-02  7.979003e-03  1.343832e-02  1.000000e-50  4.472441e-02  3.863517e-02  1.637795e-02  1.606299e-02  6.635171e-02  1.000000e-50  1.000000e-50  1.406824e-02  6.183727e-02  9.448819e-03  3.155906e-01 
1.065212e-02  1.301637e-01  1.000000e-50  1.000000e-50  1.000000e-50  1.000000e-50  4.754482e-02  1.000000e-50  1.057418e-01  4.754482e-02  2.260327e-02  2.520135e-02  3.559366e-02  1.000000e-50  4.832424e-02  8.054040e-03  2.312289e-02  5.404001e-02  9.898675e-02  1.000000e-50  1.000000e-50  9.093271e-02  1.073006e-01  3.793193e-02  1.062614e-01 
1.358370e-02  3.076308e-02  3.076308e-02  2.516980e-02  1.000000e-50  3.995206e-04  3.236117e-02  1.000000e-50  1.000000e-50  1.198562e-02  1.789852e-01  4.274870e-02  1.000000e-50  1.000000e-50  5.193767e-02  1.000000e-50  1.000000e-50  4.954055e-02  5.033959e-02  1.000000e-50  1.000000e-50  4.714343e-02  2.225330e-01  2.916500e-02  1.825809e-01 
3.925067e-03  1.198930e-01  1.000000e-50  1.000000e-50  3.293488e-01  1.000000e-50  3.033006e-03  9.277431e-03  4.371097e-02  1.248885e-03  1.070473e-01  1.123996e-02  1.000000e-50  1.000000e-50  1.045495e-01  1.000000e-50  5.173952e-03  5.566459e-02  2.247993e-02  2.854594e-02  2.176628e-02  4.388938e-02  1.373773e-02  9.455843e-03  6.601249e-02 
4.958101e-02  9.078212e-03  1.000000e-50  1.000000e-50  1.000000e-50  3.421788e-02  8.121508e-01  1.000000e-50  1.000000e-50  2.304469e-02  1.000000e-50  1.000000e-50  1.000000e-50  1.000000e-50  2.094972e-03  1.000000e-50  1.000000e-50  6.983240e-02  1.000000e-50  1.000000e-50  1.000000e-50  1.000000e-50  1.000000e-50  1.000000e-50  1.000000e-50 
1.375467e-01  1.930003e-02  9.446143e-03  3.194020e-03  1.000000e-50  9.378186e-03  3.765545e-01  1.000000e-50  1.243629e-02  2.872579e-01  9.921848e-03  1.000000e-50  6.659871e-03  1.000000e-50  1.447503e-02  1.671764e-02  2.106694e-03  2.888209e-02  2.568807e-02  1.000000e-50  1.000000e-50  5.504587e-03  2.364934e-02  1.000000e-50  1.128101e-02 
1.000000e-50  1.000000e-50  1.000000e-50  1.000000e-50  1.000000e-50  1.000000e-50  1.000000e-50  1.106622e-01  1.000000e-50  1.000000e-50  1.000000e-50  3.231857e-01  1.000000e-50  1.000000e-50  1.000000e-50  1.000000e-50  1.000000e-50  1.000000e-50  1.000000e-50  1.000000e-50  7.358246e-03  1.000000e-50  1.000000e-50  5.587938e-01  1.000000e-50 
1.682393e-02  1.760726e-01  9.079580e-03  2.492434e-02  1.000000e-50  1.000000e-50  3.676340e-02  5.857219e-02  1.523055e-01  5.234111e-02  3.373687e-02  3.827666e-03  9.524657e-03  1.000000e-50  3.694143e-02  7.334876e-02  1.000000e-50  2.412320e-02  3.809863e-02  1.000000e-50  1.000000e-50  7.699840e-02  6.551540e-02  1.000000e-50  1.110023e-01 
2.320384e-01  1.839908e-02  1.000000e-50  3.449828e-03  1.000000e-50  1.000000e-50  1.527424e-01  1.000000e-50  9.949503e-03  5.036748e-01  5.299735e-03  1.000000e-50  1.000000e-50  1.000000e-50  1.304935e-02  1.599920e-03  1.000000e-50  1.304935e-02  2.654867e-02  4.999750e-05  1.000000e-50  1.000000e-50  1.184941e-02  1.000000e-50  8.299585e-03 
8.756736e-03  8.035027e-02  1.000000e-50  2.877213e-02  1.000000e-50  1.000000e-50  2.915704e-02  1.886066e-02  2.732871e-02  1.501155e-02  2.444188e-01  3.752887e-02  1.000000e-50  1.000000e-50  9.439954e-02  1.000000e-50  1.818707e-02  6.812933e-02  4.455350e-02  1.549269e-02  1.000000e-50  4.686297e-02  1.211509e-01  1.000000e-50  1.010393e-01 
1.000000e-50  1.000000e-50  1.000000e-50  5.942820e-03  1.024735e-01  1.000000e-50  1.000000e-50  5.942820e-03  1.000000e-50  1.000000e-50  9.637006e-03  5.717154e-01  1.000000e-50  7.227755e-04  3.372952e-03  1.000000e-50  1.000000e-50  1.000000e-50  1.000000e-50  1.048827e-01  9.637006e-02  2.569868e-03  1.000000e-50  9.637006e-02  1.000000e-50 
6.817794e-04  7.670019e-03  1.608999e-01  1.000000e-50  1.000000e-50  1.000000e-50  1.000000e-50  5.113346e-03  1.000000e-50  1.000000e-50  1.155616e-01  2.045338e-02  6.067837e-02  1.000000e-50  1.926027e-02  1.000000e-50  5.621272e-01  1.346514e-02  1.000000e-50  1.000000e-50  1.000000e-50  2.249872e-02  1.000000e-50  1.000000e-50  1.159025e-02 
1.000000e-50  7.074559e-01  1.000000e-50  1.000000e-50  1.000000e-50  1.000000e-50  1.000000e-50  1.422880e-02  4.268640e-02  1.000000e-50  7.455891e-02  1.000000e-50  1.000000e-50  1.000000e-50  5.463859e-02  1.000000e-50  1.000000e-50  1.000000e-50  1.479795e-02  1.000000e-50  1.000000e-50  2.561184e-02  1.000000e-50  1.000000e-50  6.602163e-02 
1.252968e-02  2.268531e-02  3.969929e-02  2.927987e-02  1.000000e-50  1.000000e-50  1.121076e-02  1.519388e-01  1.463994e-01  7.517805e-03  6.673701e-02  1.305724e-02  1.217357e-01  1.000000e-50  2.255342e-02  1.886046e-02  2.756529e-02  3.838037e-02  1.292535e-02  1.000000e-50  1.000000e-50  1.412556e-01  4.800844e-02  1.000000e-50  6.766025e-02 
3.042596e-03  1.318458e-02  1.673428e-02  6.592292e-03  1.000000e-50  1.000000e-50  1.713996e-01  1.000000e-50  1.724138e-02  5.933063e-02  3.853955e-02  1.000000e-50  1.000000e-50  1.000000e-50  1.300710e-01  1.039554e-02  1.000000e-50  2.712982e-02  2.510142e-02  1.000000e-50  1.000000e-50  1.419878e-02  3.676471e-01  1.000000e-50  9.939148e-02 
2.906977e-02  1.726901e-01  5.138278e-02  1.272784e-02  1.000000e-50  1.000000e-50  1.000000e-50  2.121307e-02  7.856694e-02  2.137021e-02  1.005657e-01  1.000000e-50  1.000000e-50  1.000000e-50  1.123507e-01  3.299811e-03  1.000000e-50  3.645506e-02  4.305468e-02  2.985544e-02  1.000000e-50  3.362665e-02  1.000000e-50  1.000000e-50  2.537712e-01 
5.700021e-02  2.517162e-02  6.199293e-02  2.974828e-02  1.000000e-50  1.000000e-50  7.281048e-02  3.515706e-02  7.385063e-02  4.659871e-02  9.257333e-02  2.163512e-02  3.661327e-02  1.000000e-50  4.805492e-02  2.621177e-02  4.826295e-02  6.428126e-02  4.306220e-02  1.000000e-50  1.000000e-50  4.077387e-02  8.570834e-02  9.153318e-03  8.133971e-02 
1.336516e-02  1.972951e-02  2.211615e-02  1.463803e-02  1.000000e-50  1.000000e-50  4.470963e-02  1.587908e-01  1.038982e-01  4.057279e-02  5.568815e-02  1.129674e-02  9.705648e-02  1.000000e-50  2.450278e-02  3.118536e-02  3.086714e-02  2.657120e-02  3.484487e-02  2.211615e-02  1.000000e-50  9.594272e-02  5.250597e-02  4.455052e-02  5.505171e-02 
1.000000e-50  1.000000e-50  1.000000e-50  1.000000e-50  1.000000e-50  1.000000e-50  1.000000e-50  9.670644e-01  1.000000e-50  1.000000e-50  1.000000e-50  1.000000e-50  2.147971e-02  1.145585e-02  1.000000e-50  1.000000e-50  1.000000e-50  1.000000e-50  1.000000e-50  1.000000e-50  1.000000e-50  1.000000e-50  1.000000e-50  1.000000e-50  1.000000e-50 
1.000000e-50  1.270007e-02  3.949200e-02  4.871260e-03  3.253305e-01  1.000000e-50  1.000000e-50  1.000000e-50  1.000000e-50  1.000000e-50  1.000000e-50  1.522269e-01  1.066458e-01  3.068894e-01  1.000000e-50  1.000000e-50  3.061935e-02  2.261656e-03  1.000000e-50  1.000000e-50  1.896312e-02  1.000000e-50  1.000000e-50  1.000000e-50  1.000000e-50 
1.000000e-50  7.646429e-03  8.747515e-02  1.498700e-02  1.000000e-50  1.000000e-50  1.000000e-50  1.000000e-50  1.000000e-50  1.000000e-50  1.269307e-01  8.258143e-03  3.321609e-01  1.000000e-50  2.768007e-02  1.000000e-50  2.257226e-01  5.811286e-03  1.000000e-50  1.000000e-50  1.000000e-50  1.292247e-01  2.018657e-02  1.000000e-50  1.391650e-02 
1.545894e-02  2.211487e-02  1.000000e-50  2.555019e-02  1.000000e-50  1.000000e-50  3.242083e-02  5.152979e-02  1.477187e-01  4.068706e-02  7.321524e-02  1.009125e-02  3.800322e-02  1.000000e-50  6.247987e-02  5.968867e-02  2.490607e-02  5.603865e-02  5.764895e-02  1.000000e-50  1.000000e-50  6.376812e-02  8.856683e-02  1.696189e-02  1.131508e-01 
1.000000e-50  1.000000e-50  1.000000e-50  1.000000e-50  1.635196e-02  1.000000e-50  1.000000e-50  1.000000e-50  1.000000e-50  1.000000e-50  1.000000e-50  2.056161e-02  1.000000e-50  1.000000e-50  6.569982e-04  1.000000e-50  1.000000e-50  1.000000e-50  1.000000e-50  3.090325e-03  1.039031e-01  1.000000e-50  1.000000e-50  8.554361e-01  1.000000e-50 
5.181420e-02  3.960186e-02  1.263589e-02  3.642524e-02  1.000000e-50  1.000000e-50  2.774248e-02  1.000000e-50  2.238458e-01  5.647325e-02  4.059015e-02  1.000000e-50  1.000000e-50  1.000000e-50  8.499223e-02  7.800367e-02  1.000000e-50  1.913031e-02  1.036990e-01  1.000000e-50  1.000000e-50  1.000000e-50  9.247494e-02  1.000000e-50  1.325709e-01 


#DOUBLE_1x25_DISCRETE_HIDDEN_DOMINANT-EIGENVECTOR
4.773324e-02  4.276011e-02  1.722567e-02  1.125024e-02  2.533004e-02  6.369674e-03  6.531282e-02  3.057650e-02  4.970042e-02  8.814249e-02  4.668737e-02  5.564037e-02  2.596951e-02  7.984867e-03  3.353776e-02  1.758336e-02  2.842496e-02  2.152321e-02  2.818853e-02  9.321203e-03  2.553972e-02  2.919341e-02  4.154328e-02  1.820641e-01  6.239714e-02  

#DOUBLE_25x20_DISCRETE_AA_EMISSION
5.954693e-02  2.635229e-02  7.498844e-02  5.094776e-02  4.909847e-02  2.071197e-02  2.209894e-02  6.934813e-02  5.880721e-02  1.164124e-01  2.015719e-02  4.882108e-02  8.423486e-02  2.912621e-02  4.623209e-02  4.068423e-02  3.217753e-02  8.941285e-02  2.219140e-02  3.865002e-02 
2.797495e-02  8.559499e-03  6.273486e-02  3.006263e-02  1.670146e-02  5.398747e-01  2.035491e-02  1.670146e-03  4.478079e-02  1.670146e-02  9.185804e-03  1.140919e-01  1.000000e-50  2.338205e-02  2.912317e-02  2.588727e-02  6.367432e-03  2.505219e-03  6.367432e-03  1.367432e-02 
2.917840e-02  1.356540e-02  1.121065e-01  2.533913e-02  6.168416e-02  3.173791e-02  4.504735e-02  3.608907e-02  4.453545e-02  7.013053e-02  1.996417e-02  1.599693e-01  1.000000e-50  3.480932e-02  5.733299e-02  4.120809e-02  1.049399e-01  3.634502e-02  1.740466e-02  5.861275e-02 
6.259660e-02  1.159196e-02  1.251932e-01  4.868624e-02  2.975270e-02  4.829985e-02  2.241113e-02  1.700155e-02  4.559505e-02  6.491499e-02  1.622875e-02  9.428130e-02  2.438176e-01  2.897991e-02  4.057187e-02  4.714065e-02  1.893354e-02  8.114374e-03  8.887172e-03  1.700155e-02 
7.016925e-02  2.133286e-02  3.332158e-02  7.616361e-02  6.188293e-02  1.833568e-02  3.367419e-02  4.566291e-02  8.251058e-02  1.255289e-01  2.750353e-02  4.971791e-02  1.000000e-50  4.354725e-02  6.011989e-02  6.135402e-02  7.387165e-02  5.412553e-02  1.339915e-02  4.777856e-02 
6.298111e-02  9.797061e-03  5.528341e-02  4.898530e-02  2.519244e-02  2.379286e-02  2.449265e-02  9.657103e-02  5.738279e-02  1.455563e-01  2.379286e-02  3.219034e-02  2.099370e-02  2.869139e-02  4.338698e-02  5.878237e-02  6.997901e-02  1.448565e-01  9.797061e-03  1.749475e-02 
1.128605e-01  2.884289e-02  2.558534e-02  4.865965e-02  7.804547e-02  8.001357e-02  2.925008e-02  3.271123e-02  4.424839e-02  3.847981e-02  2.354937e-02  2.110621e-02  1.000000e-50  3.440787e-02  5.558195e-02  1.010519e-01  8.544282e-02  6.487954e-02  2.341364e-02  7.186970e-02 
9.550481e-02  8.473359e-03  5.299440e-02  9.378142e-02  2.628178e-02  3.403705e-02  1.637225e-02  3.863277e-02  5.687204e-02  7.223898e-02  1.594140e-02  2.226052e-02  2.106850e-01  3.504237e-02  3.978170e-02  5.098377e-02  3.102111e-02  4.868591e-02  2.168605e-02  2.872325e-02 
1.155512e-01  1.131642e-02  5.021660e-02  5.614004e-02  1.989214e-02  1.193528e-02  1.609053e-02  9.901865e-03  4.800637e-02  4.314384e-02  1.591371e-02  1.794713e-02  4.027053e-01  1.971532e-02  3.960746e-02  5.737777e-02  2.219079e-02  1.741667e-02  6.630713e-03  1.830077e-02 
3.247402e-02  1.463829e-02  9.542366e-03  4.031775e-02  5.355715e-02  4.746203e-03  2.013389e-02  1.641187e-01  4.451439e-02  1.354916e-01  1.923461e-02  1.618705e-02  1.000000e-50  2.652878e-02  4.431455e-02  1.938449e-02  7.528977e-02  2.174261e-01  1.378897e-02  4.831135e-02 
5.686889e-02  2.867179e-02  6.019178e-02  7.842020e-02  3.921010e-02  5.848286e-02  2.753252e-02  4.205829e-02  8.050888e-02  8.041394e-02  1.784867e-02  4.386215e-02  8.449634e-03  3.626697e-02  5.677395e-02  7.642647e-02  9.683851e-02  6.057154e-02  1.490553e-02  3.569733e-02 
8.460550e-02  1.365901e-02  5.664471e-02  1.106380e-01  3.848626e-02  3.495099e-02  2.675558e-02  6.781295e-02  6.628636e-02  1.128877e-01  2.916600e-02  3.414752e-02  5.142214e-03  4.997590e-02  5.961755e-02  4.483368e-02  4.210188e-02  6.797365e-02  1.598907e-02  3.832557e-02 
9.636919e-02  1.119783e-02  7.024092e-02  9.450288e-02  2.002036e-02  4.699695e-02  2.646759e-02  2.171700e-02  6.956227e-02  4.614863e-02  1.391245e-02  3.732609e-02  1.467594e-01  3.970139e-02  4.309467e-02  1.189345e-01  4.122837e-02  2.460129e-02  1.204615e-02  1.917204e-02 
1.577765e-01  1.066816e-02  2.582819e-02  6.569343e-02  3.032004e-02  3.088153e-02  3.144301e-02  1.459854e-02  6.793936e-02  1.673217e-01  4.379562e-02  6.737788e-02  1.000000e-50  5.277934e-02  7.243122e-02  6.288602e-02  3.200449e-02  2.582819e-02  8.422235e-03  3.200449e-02 
4.124382e-02  2.836326e-02  2.256050e-01  4.644809e-02  4.111371e-02  1.014832e-02  4.488681e-02  3.226646e-02  4.358574e-02  4.371585e-02  1.457195e-02  1.636742e-01  2.862347e-03  2.758262e-02  4.683841e-02  6.128025e-02  3.018475e-02  4.020297e-02  1.340099e-02  4.202446e-02 
7.418622e-02  5.299016e-03  1.125410e-01  6.585920e-02  1.488771e-02  2.447641e-02  2.195307e-02  2.271007e-02  1.077467e-01  6.182185e-02  7.317689e-03  3.179410e-02  1.433258e-01  4.340146e-02  5.248549e-02  7.872824e-02  7.166288e-02  3.734545e-02  4.542014e-03  1.791572e-02 
6.735267e-02  1.122544e-02  1.616776e-01  8.076084e-02  3.601497e-02  4.833177e-02  2.603679e-02  7.951356e-03  6.002495e-02  8.808856e-02  1.746180e-02  7.670720e-02  3.897724e-03  5.394450e-02  4.443405e-02  1.008731e-01  6.173994e-02  6.859994e-03  1.574680e-02  3.086997e-02 
2.225853e-02  3.879926e-03  2.797631e-02  1.613233e-02  6.943026e-03  7.747601e-01  9.189300e-03  6.738820e-03  1.858281e-02  1.511129e-02  3.267307e-03  1.674495e-02  3.267307e-03  1.000613e-02  1.368185e-02  2.899735e-02  1.061875e-02  5.921993e-03  1.429447e-03  4.492546e-03 
2.998430e-02  2.087912e-02  1.147567e-01  1.962323e-02  1.000000e-50  2.357928e-01  1.946625e-02  1.000000e-50  2.056515e-02  2.087912e-02  4.238619e-03  6.467818e-02  4.395604e-02  1.444270e-02  2.291994e-02  2.015699e-01  1.546311e-01  3.139717e-04  2.511774e-03  8.791209e-03 
1.006616e-01  1.000000e-50  1.654064e-02  4.064272e-02  6.758034e-02  6.238185e-02  1.000000e-50  1.162571e-01  5.434783e-02  1.739130e-01  1.000000e-50  1.417769e-02  1.000000e-50  3.355388e-02  6.474480e-02  2.221172e-02  3.827977e-02  1.110586e-01  2.410208e-02  5.954631e-02 
1.805411e-01  1.057926e-02  5.237600e-02  9.677419e-02  1.578217e-02  2.826916e-02  9.712105e-03  2.896289e-02  1.009365e-01  1.311134e-01  3.035033e-02  4.144988e-02  1.000000e-50  5.931322e-02  8.168574e-02  6.295525e-02  1.959764e-02  2.740201e-02  8.498092e-03  1.370101e-02 
1.269841e-01  1.114164e-02  5.280830e-02  8.882784e-02  2.503053e-02  3.174603e-02  1.694139e-02  3.937729e-02  6.929182e-02  7.844933e-02  1.755189e-02  1.785714e-02  1.692613e-01  3.052503e-02  5.280830e-02  5.311355e-02  2.884615e-02  4.716117e-02  1.816239e-02  2.411477e-02 
6.397804e-02  2.164274e-02  5.753801e-02  5.289274e-02  4.814189e-02  4.465794e-02  4.127956e-02  2.734375e-02  5.299831e-02  2.850507e-02  1.689189e-02  5.500422e-02  1.000000e-50  3.990709e-02  5.595439e-02  1.350296e-01  1.374578e-01  6.038851e-02  1.393581e-02  4.645270e-02 
1.309147e-01  1.220639e-02  4.760978e-02  9.125614e-02  3.907504e-02  3.255848e-02  1.933084e-02  6.487380e-02  6.735399e-02  1.235958e-01  2.990809e-02  3.024850e-02  1.000000e-50  5.094101e-02  6.331761e-02  3.868599e-02  4.065555e-02  6.993143e-02  1.429752e-02  3.323931e-02 
6.277087e-02  2.145953e-02  7.199776e-03  6.556690e-02  5.808752e-02  1.000000e-50  1.621697e-02  1.153362e-01  8.276248e-02  1.457430e-01  2.656228e-02  1.551796e-02  1.000000e-50  5.284496e-02  5.144695e-02  2.250804e-02  5.613029e-02  1.364462e-01  1.852370e-02  4.487628e-02 


#DOUBLE_25x3_DISCRETE_SS_EMISSION
1.000000e-50  1.000000e+00  1.000000e-50 
1.877347e-03  1.856487e-02  9.795578e-01 
1.000000e-50  9.526262e-03  9.904737e-01 
1.000000e-50  3.866976e-03  9.961330e-01 
9.998233e-01  1.000000e-50  1.767097e-04 
1.000000e-50  1.000000e+00  1.000000e-50 
1.000000e-50  1.000000e+00  1.000000e-50 
1.000000e+00  1.000000e-50  1.000000e-50 
2.645969e-04  1.000000e-50  9.997354e-01 
1.000000e-50  1.000000e+00  1.000000e-50 
5.948447e-03  1.888396e-04  9.938627e-01 
1.000000e+00  1.000000e-50  1.000000e-50 
1.000000e-50  1.000000e-50  1.000000e+00 
1.427778e-01  1.000000e-50  8.572222e-01 
2.858628e-03  1.000000e-50  9.971414e-01 
1.000000e-50  1.000000e-50  1.000000e+00 
6.253909e-04  1.000000e-50  9.993746e-01 
1.943535e-02  1.405483e-01  8.400164e-01 
1.000000e-50  4.505356e-02  9.549464e-01 
1.000000e+00  1.000000e-50  1.000000e-50 
1.000000e+00  1.000000e-50  1.000000e-50 
1.000000e-50  1.217285e-03  9.987827e-01 
1.000000e-50  1.000000e-50  1.000000e+00 
1.000000e+00  1.000000e-50  1.000000e-50 
1.000000e-50  1.000000e-50  1.000000e+00 


#DOUBLE_25x2_DISCRETE_CIS_EMISSION
9.988898e-01  1.110186e-03 
1.000000e+00  1.000000e-50 
1.000000e+00  1.000000e-50 
9.552703e-01  4.472968e-02 
1.000000e+00  1.000000e-50 
9.986014e-01  1.398601e-03 
1.000000e+00  1.000000e-50 
1.000000e+00  1.000000e-50 
9.762496e-01  2.375044e-02 
1.000000e+00  1.000000e-50 
1.000000e+00  1.000000e-50 
1.000000e+00  1.000000e-50 
1.000000e+00  1.000000e-50 
1.000000e+00  1.000000e-50 
1.000000e+00  1.000000e-50 
9.822650e-01  1.773499e-02 
9.993786e-01  6.214075e-04 
9.985659e-01  1.434132e-03 
9.949906e-01  5.009393e-03 
1.000000e+00  1.000000e-50 
1.000000e+00  1.000000e-50 
1.000000e+00  1.000000e-50 
9.985232e-01  1.476793e-03 
1.000000e+00  1.000000e-50 
1.000000e+00  1.000000e-50 


#DOUBLE_25x3_TORUS_TORUS_KAPPA
7.479218e+00  6.312102e+00  -6.564160e+00 
4.540892e+01  3.495449e+01  1.744603e+01 
2.909453e+01  2.564752e+01  6.257600e+00 
2.918741e+01  1.416233e+00  -3.607777e+00 
1.897513e+01  1.958243e+01  5.343693e+00 
1.282699e+01  1.161983e+01  2.520204e+00 
1.370130e+01  1.639183e+01  2.259031e+00 
1.739913e+02  1.275592e+02  5.684854e+01 
7.352796e+01  4.832322e+01  2.030849e+01 
1.919187e+01  2.186854e+01  1.197821e+00 
6.309541e+00  5.084798e+00  8.987766e-01 
3.653977e+01  3.007375e+01  6.280983e+00 
1.944721e+02  1.259381e+02  5.988102e+01 
9.669135e+01  9.354424e+01  3.703305e+01 
2.096163e+00  4.352833e+00  -5.192466e+00 
3.340546e+01  3.347058e+01  1.192668e+01 
7.961706e+01  6.851277e+01  2.877618e+01 
3.409514e+00  3.475711e+00  4.621661e-01 
2.406313e+01  1.761092e+01  6.143147e+00 
6.034286e+01  1.040666e+02  1.786125e+01 
1.865995e+02  1.252337e+02  5.332890e+01 
8.725996e+01  6.309383e+01  2.364258e+01 
1.083803e+01  9.170732e+00  3.486871e-01 
2.835840e+02  2.331696e+02  8.108643e+01 
7.888161e+00  1.253054e+01  8.746111e-01 


#DOUBLE_25x2_TORUS_TORUS_MU
-1.534997e+00  2.200496e+00 
1.249755e+00  3.654150e-01 
-1.947991e+00  2.751956e-01 
-1.438592e+00  1.185239e+00 
-1.541450e+00  -4.352821e-01 
-1.655176e+00  -5.130547e-01 
-2.438902e+00  2.675769e+00 
-9.962640e-01  -6.796387e-01 
-1.118260e+00  2.522688e+00 
-2.053139e+00  2.270535e+00 
-1.723425e+00  -4.103647e-01 
-1.147577e+00  -7.022805e-01 
-1.146019e+00  -2.964570e-01 
-1.539684e+00  4.157913e-02 
-1.841871e+00  1.765674e+00 
-1.398939e+00  -4.645534e-01 
-1.536308e+00  -7.600032e-02 
1.722098e+00  -2.857548e+00 
-1.443135e+00  2.909876e+00 
-1.019621e+00  -9.033073e-01 
-1.110724e+00  -5.318970e-01 
-1.004394e+00  -5.879145e-01 
-2.469400e+00  2.731201e+00 
-1.109269e+00  -7.353941e-01 
-1.597076e+00  2.417149e+00 


