#DOUBLE_1x60_DISCRETE_HIDDEN_START
4.005525e-02  1.000000e-50  5.524862e-03  1.000000e-50  1.000000e-50  1.000000e-50  1.000000e-50  1.000000e-50  1.000000e-50  4.005525e-02  1.000000e-50  1.000000e-50  1.000000e-50  1.000000e-50  1.000000e-50  1.381215e-03  1.000000e-50  4.143646e-03  4.281768e-02  1.000000e-50  1.000000e-50  3.453039e-03  1.000000e-50  7.044199e-02  1.000000e-50  1.000000e-50  1.000000e-50  6.906077e-03  1.657459e-02  1.000000e-50  3.107735e-02  5.524862e-03  1.000000e-50  1.000000e-50  4.765193e-02  2.140884e-02  5.593923e-02  1.174033e-02  4.350829e-02  3.453039e-03  1.000000e-50  4.834254e-03  1.000000e-50  9.875691e-02  1.000000e-50  2.693370e-02  1.000000e-50  3.453039e-02  3.591160e-02  1.000000e-50  4.143646e-03  1.000000e-50  1.000000e-50  6.146409e-02  1.000000e-50  5.248619e-02  2.071823e-02  1.298343e-01  7.872928e-02  1.000000e-50  

#DOUBLE_60x60_DISCRETE_HIDDEN_TRANSITION
2.621264e-02  1.249388e-02  1.000000e-50  1.000000e-50  1.469868e-03  1.000000e-50  1.077903e-02  1.000000e-50  1.000000e-50  9.064184e-02  7.104361e-03  1.000000e-50  1.604606e-01  1.053405e-02  1.000000e-50  1.000000e-50  1.000000e-50  1.739343e-02  1.224890e-02  1.000000e-50  2.327291e-02  1.000000e-50  1.000000e-50  6.222440e-02  1.000000e-50  3.429691e-03  1.000000e-50  1.273885e-02  6.859383e-03  1.000000e-50  1.322881e-02  1.224890e-02  1.000000e-50  1.200392e-02  1.000000e-50  1.000000e-50  7.177854e-02  8.084272e-03  2.204802e-02  1.469868e-02  3.086722e-02  1.000000e-50  1.000000e-50  3.797158e-02  1.000000e-50  1.126899e-02  5.389515e-03  3.184713e-02  7.104361e-03  1.000000e-50  3.111220e-02  1.000000e-50  7.349339e-03  6.001960e-02  1.000000e-50  6.124449e-02  1.788339e-02  5.071044e-02  3.527683e-02  1.000000e-50 
1.212121e-01  1.000000e-50  1.000000e-50  1.000000e-50  1.000000e-50  1.000000e-50  1.000000e-50  5.050505e-02  1.000000e-50  1.000000e-50  1.000000e-50  8.080808e-02  1.000000e-50  1.000000e-50  1.000000e-50  1.000000e-50  1.000000e-50  8.585859e-02  1.000000e-50  1.000000e-50  1.000000e-50  1.414141e-01  1.000000e-50  1.000000e-50  1.000000e-50  1.000000e-50  1.000000e-50  1.000000e-50  1.000000e-50  1.000000e-50  1.000000e-50  1.000000e-50  1.000000e-50  1.000000e-50  1.000000e-50  1.000000e-50  2.323232e-01  1.000000e-50  1.000000e-50  1.000000e-50  1.000000e-50  5.050505e-02  1.000000e-50  1.000000e-50  1.000000e-50  1.000000e-50  1.000000e-50  8.585859e-02  1.000000e-50  1.000000e-50  1.000000e-50  1.000000e-50  1.000000e-50  1.000000e-50  1.000000e-50  1.000000e-50  4.040404e-02  1.111111e-01  1.000000e-50  1.000000e-50 
1.061008e-02  1.000000e-50  1.000000e-50  1.000000e-50  1.000000e-50  1.000000e-50  1.000000e-50  1.000000e-50  1.591512e-02  1.000000e-50  1.000000e-50  1.000000e-50  1.000000e-50  1.000000e-50  1.000000e-50  1.000000e-50  1.000000e-50  7.957560e-03  1.000000e-50  1.000000e-50  1.000000e-50  1.000000e-50  1.000000e-50  4.244032e-02  1.000000e-50  1.000000e-50  1.000000e-50  6.631300e-03  1.000000e-50  1.000000e-50  1.000000e-50  1.000000e-50  1.000000e-50  1.000000e-50  1.000000e-50  2.917772e-02  1.000000e-50  1.989390e-02  1.000000e-50  1.000000e-50  1.000000e-50  1.000000e-50  1.000000e-50  5.968170e-01  1.000000e-50  1.000000e-50  1.000000e-50  1.047745e-01  1.000000e-50  1.000000e-50  1.000000e-50  1.000000e-50  1.000000e-50  5.305040e-03  1.000000e-50  1.000000e-50  9.283820e-03  1.286472e-01  2.254642e-02  1.000000e-50 
1.000000e-50  1.000000e-50  5.636071e-03  1.000000e-50  1.000000e-50  1.000000e-50  1.000000e-50  3.623188e-03  1.000000e-50  1.000000e-50  3.691626e-01  1.000000e-50  1.000000e-50  1.851852e-02  1.000000e-50  1.000000e-50  1.000000e-50  1.000000e-50  1.000000e-50  5.233494e-03  1.000000e-50  1.000000e-50  1.000000e-50  1.928341e-01  1.207729e-03  1.006441e-02  1.000000e-50  1.000000e-50  1.000000e-50  1.000000e-50  1.000000e-50  1.000000e-50  1.000000e-50  1.000000e-50  1.000000e-50  1.000000e-50  1.000000e-50  1.000000e-50  1.000000e-50  1.000000e-50  1.000000e-50  1.000000e-50  1.000000e-50  7.608696e-02  1.000000e-50  2.012882e-03  1.000000e-50  5.716586e-02  2.697262e-02  1.000000e-50  1.000000e-50  2.576490e-02  1.127214e-02  1.489533e-02  1.000000e-50  1.000000e-50  1.795491e-01  1.000000e-50  1.000000e-50  1.000000e-50 
7.311389e-02  1.165162e-03  1.000000e-50  1.514710e-02  1.706962e-01  9.903874e-02  1.000000e-50  1.000000e-50  1.000000e-50  1.000000e-50  1.000000e-50  7.194873e-02  1.000000e-50  9.321293e-03  1.000000e-50  6.466647e-02  2.039033e-03  1.000000e-50  1.000000e-50  1.000000e-50  1.000000e-50  1.165162e-02  1.000000e-50  1.000000e-50  1.310807e-02  1.000000e-50  1.000000e-50  1.000000e-50  1.000000e-50  1.000000e-50  1.000000e-50  1.000000e-50  1.000000e-50  1.000000e-50  1.000000e-50  1.000000e-50  1.000000e-50  1.000000e-50  1.000000e-50  1.000000e-50  1.000000e-50  1.000000e-50  1.000000e-50  1.000000e-50  1.000000e-50  1.000000e-50  1.980775e-02  1.000000e-50  6.408389e-03  4.418876e-01  1.000000e-50  1.000000e-50  1.000000e-50  1.000000e-50  1.000000e-50  1.000000e-50  1.000000e-50  1.000000e-50  1.000000e-50  1.000000e-50 
2.903811e-02  1.000000e-50  6.654567e-02  1.000000e-50  1.000000e-50  1.000000e-50  1.000000e-50  1.000000e-50  1.000000e-50  1.000000e-50  1.000000e-50  1.000000e-50  4.839685e-02  1.000000e-50  1.000000e-50  1.000000e-50  7.259528e-03  1.000000e-50  1.000000e-50  7.864489e-03  1.000000e-50  1.000000e-50  1.000000e-50  1.149425e-02  1.000000e-50  1.639443e-01  1.000000e-50  1.000000e-50  1.000000e-50  1.000000e-50  1.000000e-50  1.330913e-02  1.000000e-50  2.238355e-02  1.000000e-50  1.000000e-50  1.000000e-50  3.629764e-03  7.864489e-03  1.451906e-02  1.000000e-50  1.000000e-50  1.000000e-50  9.255898e-02  1.000000e-50  6.654567e-03  1.000000e-50  1.000000e-50  4.355717e-02  1.137326e-01  5.807623e-02  1.935874e-02  8.529946e-02  1.000000e-50  1.000000e-50  1.000000e-50  6.533575e-02  2.359347e-02  5.868119e-02  3.690260e-02 
2.197802e-02  1.000000e-50  1.000000e-50  1.000000e-50  1.000000e-50  1.000000e-50  1.000000e-50  1.000000e-50  5.555556e-02  2.503053e-02  1.000000e-50  1.000000e-50  3.663004e-02  1.000000e-50  1.709402e-02  1.000000e-50  1.000000e-50  1.000000e-50  9.401709e-02  1.831502e-03  1.000000e-50  1.000000e-50  1.000000e-50  1.000000e-50  1.000000e-50  5.494505e-03  1.000000e-50  1.000000e-50  1.465201e-02  1.000000e-50  1.086691e-01  2.075702e-02  1.000000e-50  1.221001e-02  7.142857e-02  1.037851e-02  1.953602e-02  5.982906e-02  1.000000e-50  8.547009e-03  1.770452e-02  1.000000e-50  1.000000e-50  2.747253e-02  1.343101e-02  2.564103e-02  1.000000e-50  3.846154e-02  3.785104e-02  1.000000e-50  2.747253e-02  8.547009e-03  1.000000e-50  9.157509e-03  7.326007e-03  4.151404e-02  2.258852e-02  7.387057e-02  6.532357e-02  1.000000e-50 
3.102518e-02  1.348921e-03  1.000000e-50  6.834532e-02  1.375899e-01  1.000000e-50  1.000000e-50  4.181655e-02  1.000000e-50  1.000000e-50  1.000000e-50  5.000000e-01  1.000000e-50  4.946043e-03  1.000000e-50  1.124101e-02  1.000000e-50  1.000000e-50  1.000000e-50  1.000000e-50  1.000000e-50  2.517986e-02  1.000000e-50  1.000000e-50  1.000000e-50  1.000000e-50  1.000000e-50  1.000000e-50  3.866906e-02  1.000000e-50  1.000000e-50  1.000000e-50  1.000000e-50  1.000000e-50  1.000000e-50  1.000000e-50  8.992806e-03  1.000000e-50  1.000000e-50  1.000000e-50  1.000000e-50  1.000000e-50  1.000000e-50  1.000000e-50  1.000000e-50  1.000000e-50  1.000000e-50  1.000000e-50  1.000000e-50  8.183453e-02  1.000000e-50  1.000000e-50  1.000000e-50  1.000000e-50  1.000000e-50  1.000000e-50  4.541367e-02  1.000000e-50  1.000000e-50  3.597122e-03 
8.812337e-03  1.000000e-50  1.401963e-03  1.000000e-50  1.000000e-50  1.401963e-03  1.000000e-50  1.000000e-50  2.090927e-01  1.000000e-50  2.523533e-02  1.000000e-50  1.000000e-50  1.000000e-50  1.522131e-01  1.000000e-50  1.000000e-50  1.000000e-50  1.456038e-01  1.000000e-50  1.000000e-50  1.000000e-50  1.000000e-50  1.201682e-03  1.000000e-50  1.000000e-50  1.000000e-50  1.000000e-50  1.000000e-50  1.000000e-50  1.000000e-50  1.041458e-02  1.000000e-50  1.000000e-50  1.137593e-01  1.000000e-50  1.000000e-50  6.969758e-02  1.000000e-50  2.603645e-03  9.012618e-03  1.000000e-50  1.000000e-50  1.642299e-02  1.000000e-50  1.000000e-50  1.000000e-50  4.205888e-03  1.000000e-50  1.000000e-50  1.000000e-50  1.000000e-50  1.000000e-50  1.000000e-50  1.776487e-01  8.011216e-04  1.000000e-50  2.964150e-02  2.082916e-02  1.000000e-50 
1.207804e-02  1.000000e-50  1.000000e-50  1.000000e-50  1.000000e-50  1.000000e-50  1.672344e-02  1.000000e-50  2.756271e-02  4.242800e-02  3.716321e-02  1.000000e-50  8.764323e-02  1.145866e-02  1.000000e-50  1.000000e-50  1.000000e-50  9.290802e-03  1.000000e-50  1.000000e-50  5.264788e-03  1.000000e-50  1.000000e-50  1.548467e-02  1.000000e-50  3.096934e-03  1.000000e-50  1.000000e-50  1.610406e-02  2.229793e-02  3.561474e-02  1.517498e-02  1.000000e-50  1.000000e-50  6.565500e-02  1.000000e-50  8.361722e-03  1.000000e-50  1.000000e-50  1.000000e-50  1.000000e-50  1.000000e-50  2.074946e-02  6.999071e-02  1.000000e-50  2.787241e-02  1.000000e-50  6.379684e-02  1.827191e-02  1.000000e-50  4.211830e-02  1.000000e-50  2.849179e-02  7.866212e-02  1.000000e-50  4.149892e-02  1.000000e-50  1.238774e-01  5.326727e-02  1.000000e-50 
2.835539e-02  1.000000e-50  1.913989e-02  1.000000e-50  1.000000e-50  1.000000e-50  1.000000e-50  1.000000e-50  1.000000e-50  1.000000e-50  1.000000e-50  6.616257e-03  1.000000e-50  8.742911e-03  1.000000e-50  1.000000e-50  1.000000e-50  1.000000e-50  1.512287e-02  1.000000e-50  1.000000e-50  4.725898e-03  1.000000e-50  1.654064e-02  1.000000e-50  1.465028e-02  1.000000e-50  1.000000e-50  2.292060e-02  8.034026e-03  1.481569e-01  1.157845e-02  1.000000e-50  1.417769e-03  2.764650e-02  1.110586e-02  1.000000e-50  1.000000e-50  1.000000e-50  1.000000e-50  2.859168e-02  1.000000e-50  6.143667e-03  7.892250e-02  1.000000e-50  3.024575e-02  1.000000e-50  8.034026e-03  6.167297e-02  1.000000e-50  1.000000e-50  1.000000e-50  3.497164e-02  1.512287e-02  1.000000e-50  2.077032e-01  2.079395e-02  1.304348e-01  3.260870e-02  1.000000e-50 
1.000000e-50  1.000000e-50  1.000000e-50  1.000000e-50  1.000000e-50  1.900857e-02  1.000000e-50  4.241521e-01  1.000000e-50  1.000000e-50  1.000000e-50  1.000000e-50  1.000000e-50  1.000000e-50  1.000000e-50  1.073425e-01  1.000000e-50  1.000000e-50  1.000000e-50  1.000000e-50  1.000000e-50  9.317928e-03  1.000000e-50  4.472605e-03  1.000000e-50  1.000000e-50  1.000000e-50  1.000000e-50  1.000000e-50  1.000000e-50  1.000000e-50  1.714499e-02  1.000000e-50  1.000000e-50  1.000000e-50  2.385389e-02  1.000000e-50  1.000000e-50  1.006336e-02  1.000000e-50  1.118151e-03  1.000000e-50  1.000000e-50  1.000000e-50  1.000000e-50  1.000000e-50  1.000000e-50  1.000000e-50  2.981737e-03  1.118151e-02  1.000000e-50  1.000000e-50  1.000000e-50  1.516959e-01  1.000000e-50  1.000000e-50  1.000000e-50  1.000000e-50  1.000000e-50  2.176668e-01 
2.059068e-02  1.000000e-50  1.000000e-50  1.507903e-01  1.000000e-50  1.000000e-50  2.495840e-03  1.000000e-50  1.000000e-50  1.000000e-50  1.000000e-50  1.000000e-50  1.000000e-50  1.000000e-50  1.000000e-50  1.000000e-50  1.000000e-50  1.000000e-50  1.000000e-50  1.000000e-50  1.000000e-50  1.000000e-50  1.000000e-50  3.681364e-02  1.000000e-50  1.000000e-50  3.369384e-02  1.000000e-50  2.970050e-01  1.000000e-50  1.000000e-50  1.000000e-50  1.000000e-50  1.000000e-50  2.287854e-03  1.000000e-50  1.000000e-50  1.000000e-50  3.535774e-03  1.000000e-50  1.000000e-50  1.000000e-50  1.000000e-50  1.000000e-50  1.000000e-50  1.000000e-50  1.000000e-50  2.475042e-02  1.060732e-02  1.000000e-50  1.000000e-50  8.943428e-03  1.871880e-03  1.310316e-02  1.000000e-50  1.289517e-02  3.621048e-01  1.851082e-02  1.000000e-50  1.000000e-50 
1.000000e-50  1.000000e-50  1.000000e-50  1.000000e-50  1.000000e-50  1.000000e-50  1.935484e-02  1.000000e-50  2.795699e-02  1.000000e-50  9.139785e-02  1.000000e-50  1.000000e-50  1.000000e-50  1.000000e-50  1.000000e-50  1.000000e-50  1.000000e-50  2.903226e-02  3.225806e-03  1.000000e-50  2.580645e-02  1.000000e-50  1.000000e-50  1.000000e-50  1.397849e-02  1.000000e-50  1.000000e-50  3.763441e-02  1.000000e-50  1.000000e-50  2.365591e-02  1.000000e-50  1.000000e-50  1.000000e-50  1.000000e-50  4.408602e-02  1.000000e-50  1.505376e-02  2.365591e-02  7.741935e-02  3.225806e-02  1.000000e-50  1.645161e-01  1.000000e-50  1.000000e-50  1.000000e-50  3.763441e-02  1.000000e-50  1.000000e-50  1.290323e-02  1.000000e-50  1.000000e-50  3.655914e-02  1.000000e-50  1.107527e-01  1.000000e-50  1.064516e-01  6.666667e-02  1.000000e-50 
4.503724e-02  1.000000e-50  1.000000e-50  1.766846e-02  1.000000e-50  1.000000e-50  3.429759e-02  1.000000e-50  2.494370e-02  1.000000e-50  1.000000e-50  1.000000e-50  4.815521e-02  5.023385e-03  1.948727e-01  1.000000e-50  1.000000e-50  1.299151e-02  1.000000e-50  3.758878e-02  1.000000e-50  3.117963e-03  1.000000e-50  4.434436e-02  1.000000e-50  1.000000e-50  1.000000e-50  7.846873e-02  1.000000e-50  1.000000e-50  1.489693e-02  1.000000e-50  1.000000e-50  1.000000e-50  1.000000e-50  1.385761e-03  3.585657e-02  1.042785e-01  1.000000e-50  4.330504e-03  1.870778e-02  1.000000e-50  1.000000e-50  1.000000e-50  1.177897e-02  2.182574e-02  1.000000e-50  5.629655e-02  1.000000e-50  1.000000e-50  1.853456e-02  1.000000e-50  1.000000e-50  5.369825e-03  5.369825e-03  3.776200e-02  3.810844e-02  3.845488e-02  4.053352e-02  1.000000e-50 
5.437738e-04  1.000000e-50  1.000000e-50  3.860794e-02  2.156063e-01  2.052746e-01  1.000000e-50  1.000000e-50  1.000000e-50  1.000000e-50  1.000000e-50  2.338227e-02  1.000000e-50  2.990756e-03  1.000000e-50  1.000000e-50  1.000000e-50  3.262643e-03  1.000000e-50  1.000000e-50  1.000000e-50  1.000000e-50  1.000000e-50  1.000000e-50  3.278956e-01  1.000000e-50  1.000000e-50  1.000000e-50  9.325721e-02  1.000000e-50  1.000000e-50  1.000000e-50  1.000000e-50  1.000000e-50  1.000000e-50  1.000000e-50  1.000000e-50  1.000000e-50  1.000000e-50  1.000000e-50  1.000000e-50  1.000000e-50  1.000000e-50  1.000000e-50  1.000000e-50  1.000000e-50  1.000000e-50  1.000000e-50  1.000000e-50  1.000000e-50  1.000000e-50  1.000000e-50  1.000000e-50  1.000000e-50  1.000000e-50  1.000000e-50  8.917890e-02  1.000000e-50  1.000000e-50  1.000000e-50 
1.000000e-50  1.000000e-50  1.000000e-50  1.000000e-50  1.169591e-01  6.856221e-03  1.000000e-50  1.000000e-50  1.000000e-50  1.000000e-50  1.000000e-50  1.718088e-01  1.000000e-50  1.000000e-50  1.000000e-50  1.000000e-50  4.275055e-02  1.000000e-50  1.000000e-50  1.000000e-50  1.000000e-50  1.000000e-50  1.000000e-50  1.000000e-50  5.242993e-03  1.000000e-50  1.000000e-50  1.000000e-50  1.000000e-50  1.000000e-50  1.000000e-50  1.000000e-50  1.000000e-50  1.000000e-50  1.000000e-50  1.000000e-50  1.000000e-50  1.000000e-50  1.000000e-50  1.000000e-50  1.000000e-50  6.495261e-01  1.000000e-50  1.000000e-50  1.000000e-50  1.000000e-50  1.000000e-50  1.000000e-50  1.000000e-50  6.856221e-03  1.000000e-50  1.000000e-50  1.000000e-50  1.000000e-50  1.000000e-50  1.000000e-50  1.000000e-50  1.000000e-50  1.000000e-50  1.000000e-50 
7.577808e-02  1.000000e-50  1.000000e-50  1.000000e-50  1.000000e-50  1.000000e-50  1.000000e-50  1.000000e-50  1.000000e-50  1.000000e-50  4.600812e-02  1.000000e-50  1.000000e-50  2.976996e-02  1.217862e-02  1.000000e-50  1.000000e-50  2.435724e-02  1.217862e-02  1.000000e-50  1.000000e-50  3.247632e-02  1.000000e-50  2.097429e-01  1.000000e-50  1.000000e-50  1.000000e-50  1.000000e-50  1.894452e-02  1.000000e-50  3.788904e-02  1.000000e-50  1.000000e-50  1.000000e-50  1.000000e-50  1.000000e-50  1.001353e-01  3.518268e-02  4.736130e-02  1.000000e-50  1.000000e-50  5.412720e-03  1.000000e-50  4.465494e-02  1.000000e-50  2.165088e-02  1.000000e-50  9.472260e-03  1.488498e-02  4.059540e-03  1.000000e-50  1.000000e-50  1.623816e-02  1.000000e-50  1.000000e-50  9.201624e-02  1.623816e-02  5.953992e-02  1.000000e-50  3.382950e-02 
1.000000e-50  1.000000e-50  1.000000e-50  1.000000e-50  1.000000e-50  1.000000e-50  1.000000e-50  4.830140e-04  4.508131e-02  1.000000e-50  1.288037e-02  1.000000e-50  1.000000e-50  1.000000e-50  1.000000e-50  1.000000e-50  1.000000e-50  1.000000e-50  3.268395e-02  1.000000e-50  1.000000e-50  1.000000e-50  3.397199e-02  1.000000e-50  1.000000e-50  1.000000e-50  1.000000e-50  9.660280e-04  6.923201e-03  1.000000e-50  4.757688e-01  1.000000e-50  1.000000e-50  1.000000e-50  2.928675e-01  1.000000e-50  1.000000e-50  4.991145e-02  1.000000e-50  1.000000e-50  5.796168e-03  1.000000e-50  1.000000e-50  1.000000e-50  1.000000e-50  1.000000e-50  1.000000e-50  1.000000e-50  3.703107e-03  1.000000e-50  1.000000e-50  1.000000e-50  1.000000e-50  1.000000e-50  1.352439e-02  1.191435e-02  1.000000e-50  2.576075e-03  1.094832e-02  1.000000e-50 
4.212454e-02  1.000000e-50  1.000000e-50  1.000000e-50  1.000000e-50  1.000000e-50  1.000000e-50  1.000000e-50  1.000000e-50  1.000000e-50  1.000000e-50  1.000000e-50  1.000000e-50  1.000000e-50  1.000000e-50  1.000000e-50  1.000000e-50  1.000000e-50  1.000000e-50  1.000000e-50  1.000000e-50  1.000000e-50  1.000000e-50  1.000000e-50  1.000000e-50  1.000000e-50  1.000000e-50  1.000000e-50  1.813187e-01  1.000000e-50  1.000000e-50  1.000000e-50  1.000000e-50  1.000000e-50  1.000000e-50  1.000000e-50  1.000000e-50  1.000000e-50  1.000000e-50  1.000000e-50  1.000000e-50  1.000000e-50  1.000000e-50  1.000000e-50  1.000000e-50  1.098901e-02  1.000000e-50  1.000000e-50  1.000000e-50  1.000000e-50  1.000000e-50  1.000000e-50  1.000000e-50  9.157509e-02  1.000000e-50  3.663004e-03  6.666667e-01  1.000000e-50  1.000000e-50  3.663004e-03 
1.000000e-50  1.000000e-50  1.000000e-50  1.000000e-50  1.000000e-50  1.000000e-50  1.000000e-50  1.000000e-50  1.000000e-50  1.000000e-50  1.000000e-50  1.000000e-50  1.000000e-50  1.000000e-50  1.000000e-50  1.000000e-50  2.340708e-01  1.000000e-50  1.000000e-50  1.000000e-50  1.000000e-50  1.000000e-50  1.000000e-50  1.000000e-50  1.000000e-50  1.000000e-50  1.000000e-50  1.000000e-50  1.000000e-50  1.000000e-50  1.000000e-50  1.000000e-50  1.000000e-50  1.000000e-50  1.000000e-50  4.022124e-01  1.000000e-50  1.000000e-50  1.000000e-50  1.000000e-50  1.000000e-50  1.000000e-50  1.000000e-50  1.000000e-50  1.000000e-50  1.000000e-50  3.637168e-01  1.000000e-50  1.000000e-50  1.000000e-50  1.000000e-50  1.000000e-50  1.000000e-50  1.000000e-50  1.000000e-50  1.000000e-50  1.000000e-50  1.000000e-50  1.000000e-50  1.000000e-50 
6.666667e-02  1.866667e-02  1.000000e-50  1.000000e-50  1.000000e-50  1.000000e-50  3.333333e-02  1.000000e-50  1.000000e-50  4.000000e-03  1.000000e-50  5.333333e-02  3.053333e-01  1.000000e-50  1.000000e-50  1.000000e-50  1.000000e-50  1.000000e-50  1.000000e-50  1.000000e-50  1.000000e-50  1.586667e-01  1.000000e-50  1.000000e-50  1.000000e-50  1.000000e-50  1.000000e-50  1.000000e-50  1.000000e-50  1.000000e-50  1.000000e-50  4.933333e-02  1.000000e-50  1.000000e-50  1.000000e-50  1.000000e-50  1.000000e-50  1.000000e-50  1.000000e-50  2.133333e-02  1.000000e-50  1.000000e-50  1.000000e-50  1.000000e-50  1.000000e-50  1.000000e-50  1.000000e-50  3.200000e-02  1.000000e-50  1.000000e-50  1.000000e-50  1.333333e-02  1.733333e-02  1.173333e-01  1.000000e-50  1.000000e-50  9.866667e-02  1.000000e-50  1.066667e-02  1.000000e-50 
9.427121e-03  1.000000e-50  1.000000e-50  1.000000e-50  1.000000e-50  1.000000e-50  3.045685e-02  1.000000e-50  1.015228e-02  1.000000e-50  1.000000e-50  1.000000e-50  4.350979e-03  2.900653e-03  1.000000e-50  1.000000e-50  1.000000e-50  1.000000e-50  6.671501e-02  1.000000e-50  1.000000e-50  1.000000e-50  3.045685e-02  1.000000e-50  1.000000e-50  1.000000e-50  1.000000e-50  7.251632e-03  2.900653e-02  1.000000e-50  5.250181e-01  1.000000e-50  1.000000e-50  1.000000e-50  1.116751e-01  1.000000e-50  1.000000e-50  6.308920e-02  1.000000e-50  1.000000e-50  1.000000e-50  1.000000e-50  1.000000e-50  1.000000e-50  1.000000e-50  1.000000e-50  1.000000e-50  2.973169e-02  1.000000e-50  1.000000e-50  1.160261e-02  1.000000e-50  1.000000e-50  1.000000e-50  1.087745e-02  1.087745e-02  7.976795e-03  2.683104e-02  1.160261e-02  1.000000e-50 
8.422806e-02  1.000000e-50  1.000000e-50  1.277305e-02  1.000000e-50  1.000000e-50  1.000000e-50  8.515365e-03  1.000000e-50  1.000000e-50  5.738615e-02  1.000000e-50  2.388004e-02  1.314328e-02  1.000000e-50  1.000000e-50  1.000000e-50  3.128471e-02  1.000000e-50  9.255831e-03  1.000000e-50  1.000000e-50  2.406516e-02  1.784524e-01  1.000000e-50  1.000000e-50  1.000000e-50  7.404665e-03  1.000000e-50  1.000000e-50  1.000000e-50  1.258793e-02  1.000000e-50  1.499445e-02  1.388375e-02  1.000000e-50  9.274343e-02  8.330248e-03  5.646057e-02  1.314328e-02  3.313588e-02  1.000000e-50  1.000000e-50  2.869308e-02  1.000000e-50  1.258793e-02  1.000000e-50  8.885598e-03  1.295816e-02  1.000000e-50  1.332840e-02  7.960015e-03  1.000000e-50  3.128471e-02  1.000000e-50  8.681970e-02  1.721585e-02  6.886338e-02  1.573491e-02  1.000000e-50 
2.500000e-02  1.000000e-50  2.030303e-01  1.000000e-50  1.000000e-50  1.000000e-50  1.000000e-50  1.000000e-50  1.000000e-50  1.000000e-50  9.090909e-03  1.000000e-50  1.000000e-50  1.000000e-50  1.000000e-50  1.000000e-50  1.000000e-50  1.000000e-50  1.000000e-50  1.000000e-50  1.000000e-50  1.000000e-50  1.000000e-50  1.000000e-50  1.000000e-50  2.507576e-01  1.000000e-50  1.000000e-50  2.803030e-02  1.000000e-50  1.000000e-50  1.000000e-50  1.000000e-50  2.727273e-02  1.000000e-50  9.090909e-03  1.000000e-50  1.000000e-50  1.000000e-50  1.000000e-50  1.000000e-50  1.000000e-50  1.000000e-50  1.818182e-02  1.000000e-50  1.000000e-50  1.000000e-50  1.000000e-50  3.409091e-02  1.000000e-50  2.045455e-02  1.000000e-50  3.181818e-01  4.545455e-03  1.000000e-50  1.000000e-50  1.060606e-02  1.000000e-50  4.166667e-02  1.000000e-50 
2.781845e-02  1.000000e-50  6.588580e-03  1.000000e-50  1.000000e-50  1.000000e-50  5.856515e-03  1.000000e-50  8.784773e-03  1.000000e-50  6.734993e-02  1.000000e-50  1.000000e-50  1.000000e-50  1.000000e-50  1.000000e-50  1.000000e-50  1.000000e-50  1.756955e-02  1.000000e-50  1.000000e-50  1.000000e-50  1.464129e-03  1.000000e-50  1.000000e-50  1.000000e-50  1.000000e-50  1.000000e-50  2.196193e-02  1.000000e-50  6.588580e-03  2.928258e-02  1.000000e-50  1.000000e-50  1.000000e-50  1.000000e-50  1.000000e-50  1.000000e-50  1.000000e-50  1.000000e-50  4.538799e-02  1.024890e-02  1.000000e-50  1.200586e-01  1.000000e-50  1.000000e-50  1.000000e-50  4.392387e-02  1.464129e-02  1.000000e-50  1.000000e-50  1.000000e-50  1.244510e-02  1.000000e-50  1.000000e-50  3.221083e-02  4.685212e-02  4.809663e-01  1.000000e-50  1.000000e-50 
1.000000e-50  1.000000e-50  1.000000e-50  1.000000e-50  1.000000e-50  1.000000e-50  1.000000e-50  1.000000e-50  1.000000e-50  1.000000e-50  1.000000e-50  1.000000e-50  1.000000e-50  1.000000e-50  1.000000e-50  1.000000e-50  1.000000e-50  1.000000e-50  1.000000e-50  1.000000e-50  1.000000e-50  1.000000e-50  1.000000e-50  1.000000e-50  1.229508e-01  1.000000e-50  1.000000e-50  1.000000e-50  1.000000e-50  1.000000e-50  1.000000e-50  1.000000e-50  1.000000e-50  1.000000e-50  1.000000e-50  1.000000e-50  1.000000e-50  1.000000e-50  1.000000e-50  1.000000e-50  1.000000e-50  1.000000e-50  1.000000e-50  1.000000e-50  1.000000e-50  1.000000e-50  1.000000e-50  2.991803e-01  1.000000e-50  1.000000e-50  1.000000e-50  1.000000e-50  1.000000e-50  1.000000e-50  1.000000e-50  1.000000e-50  5.696721e-01  1.000000e-50  1.000000e-50  8.196721e-03 
8.863820e-03  4.029009e-03  1.000000e-50  1.000000e-50  1.000000e-50  1.000000e-50  1.000000e-50  1.000000e-50  5.882353e-02  4.593070e-02  1.000000e-50  1.000000e-50  1.000000e-50  2.417405e-03  8.058018e-03  1.000000e-50  1.000000e-50  3.787268e-02  1.933924e-02  1.000000e-50  1.000000e-50  1.000000e-50  1.000000e-50  2.336825e-02  1.000000e-50  1.000000e-50  1.000000e-50  6.446414e-03  4.673650e-02  3.553586e-01  2.095085e-02  1.000000e-50  1.000000e-50  2.175665e-02  1.692184e-02  1.000000e-50  1.000000e-50  5.560032e-02  1.000000e-50  1.000000e-50  1.000000e-50  1.000000e-50  1.000000e-50  4.512490e-02  1.000000e-50  1.000000e-50  1.000000e-50  1.208703e-02  4.029009e-03  1.000000e-50  1.000000e-50  1.000000e-50  2.820306e-02  1.692184e-02  6.446414e-03  5.237712e-02  2.497985e-02  6.446414e-02  1.289283e-02  1.000000e-50 
1.490970e-02  1.000000e-50  1.000000e-50  5.165897e-02  1.000000e-50  1.000000e-50  1.000000e-50  1.000000e-50  1.000000e-50  1.469971e-03  3.716926e-02  1.000000e-50  1.000000e-50  1.000000e-50  1.000000e-50  1.000000e-50  1.000000e-50  1.000000e-50  1.000000e-50  1.000000e-50  1.000000e-50  1.000000e-50  1.000000e-50  1.000000e-50  1.000000e-50  1.000000e-50  1.000000e-50  1.000000e-50  1.906762e-01  1.000000e-50  1.000000e-50  1.511970e-02  1.000000e-50  1.000000e-50  1.000000e-50  1.000000e-50  1.000000e-50  1.000000e-50  3.359933e-03  1.049979e-03  1.000000e-50  1.000000e-50  1.000000e-50  1.000000e-50  1.000000e-50  1.000000e-50  1.000000e-50  1.637967e-02  1.000000e-50  1.000000e-50  1.000000e-50  1.000000e-50  1.000000e-50  2.456951e-02  1.000000e-50  1.000000e-50  6.436371e-01  1.000000e-50  1.000000e-50  1.000000e-50 
3.335981e-02  1.000000e-50  1.000000e-50  1.000000e-50  1.000000e-50  1.000000e-50  4.765687e-03  1.000000e-50  6.671962e-02  1.000000e-50  1.000000e-50  1.000000e-50  1.000000e-50  1.000000e-50  1.000000e-50  1.000000e-50  1.000000e-50  1.000000e-50  1.540905e-01  3.177125e-03  1.000000e-50  1.000000e-50  1.000000e-50  8.022240e-02  1.000000e-50  8.737093e-03  1.000000e-50  7.148531e-03  1.000000e-50  1.270850e-02  5.718824e-02  1.000000e-50  1.000000e-50  1.000000e-50  7.227959e-02  5.559968e-03  1.000000e-50  1.000000e-50  1.000000e-50  1.000000e-50  5.639396e-02  1.000000e-50  5.559968e-03  1.405878e-01  1.000000e-50  1.000000e-50  1.111994e-02  2.144559e-02  3.653693e-02  1.000000e-50  1.000000e-50  1.000000e-50  1.000000e-50  1.000000e-50  4.765687e-03  1.000000e-50  1.985703e-02  1.612391e-01  3.653693e-02  1.000000e-50 
7.706093e-03  1.000000e-50  1.000000e-50  1.000000e-50  1.000000e-50  1.000000e-50  1.559140e-02  1.000000e-50  4.829749e-02  1.000000e-50  1.000000e-50  1.000000e-50  1.000000e-50  9.856631e-04  8.360215e-02  1.000000e-50  1.000000e-50  1.000000e-50  9.139785e-02  1.881720e-03  1.000000e-50  1.000000e-50  3.467742e-02  6.720430e-03  1.000000e-50  1.254480e-03  1.000000e-50  1.021505e-02  1.000000e-50  1.000000e-50  2.530466e-01  1.000000e-50  1.000000e-50  1.000000e-50  2.527778e-01  1.000000e-50  4.032258e-03  9.784946e-02  3.405018e-03  4.032258e-03  2.688172e-03  1.000000e-50  1.000000e-50  1.000000e-50  2.240143e-03  1.120072e-02  1.000000e-50  6.362007e-03  8.333333e-03  1.000000e-50  2.329749e-03  1.000000e-50  1.000000e-50  1.000000e-50  6.541219e-03  1.057348e-02  5.645161e-03  1.173835e-02  1.487455e-02  1.000000e-50 
3.176895e-02  3.176895e-02  1.000000e-50  1.000000e-50  1.000000e-50  1.000000e-50  1.227437e-02  1.000000e-50  1.000000e-50  1.000000e-50  3.971119e-02  1.000000e-50  6.498195e-03  1.000000e-50  1.000000e-50  1.000000e-50  1.299639e-02  1.000000e-50  1.000000e-50  1.000000e-50  1.000000e-50  1.000000e-50  1.000000e-50  6.209386e-02  1.000000e-50  1.000000e-50  1.000000e-50  1.000000e-50  6.859206e-02  1.000000e-50  3.321300e-02  1.000000e-50  1.000000e-50  1.000000e-50  1.299639e-02  3.898917e-02  6.498195e-03  1.155235e-02  1.010830e-02  1.000000e-50  1.000000e-50  1.000000e-50  1.000000e-50  7.003610e-02  1.000000e-50  6.064982e-02  1.000000e-50  3.176895e-02  2.021661e-02  1.000000e-50  1.000000e-50  1.000000e-50  1.000000e-50  4.837545e-02  5.776173e-03  2.361011e-01  1.000000e-50  1.140794e-01  1.000000e-50  3.393502e-02 
1.000000e-50  1.000000e-50  1.000000e-50  1.000000e-50  1.318052e-01  1.000000e-50  1.000000e-50  1.000000e-50  1.000000e-50  1.000000e-50  1.000000e-50  1.000000e-50  1.000000e-50  1.000000e-50  1.000000e-50  1.000000e-50  1.000000e-50  1.000000e-50  1.000000e-50  1.000000e-50  1.000000e-50  1.000000e-50  1.000000e-50  1.146132e-02  2.865330e-03  1.000000e-50  1.000000e-50  1.000000e-50  1.000000e-50  1.000000e-50  1.000000e-50  1.000000e-50  1.000000e-50  1.000000e-50  1.000000e-50  1.000000e-50  1.000000e-50  1.000000e-50  1.000000e-50  1.000000e-50  1.000000e-50  1.000000e-50  1.000000e-50  1.000000e-50  1.000000e-50  1.000000e-50  1.000000e-50  1.000000e-50  1.000000e-50  8.538682e-01  1.000000e-50  1.000000e-50  1.000000e-50  1.000000e-50  1.000000e-50  1.000000e-50  1.000000e-50  1.000000e-50  1.000000e-50  1.000000e-50 
3.090508e-02  1.000000e-50  8.830022e-03  1.000000e-50  8.830022e-03  1.000000e-50  1.000000e-50  1.000000e-50  1.000000e-50  1.000000e-50  5.518764e-02  1.000000e-50  1.000000e-50  1.000000e-50  1.000000e-50  1.000000e-50  1.000000e-50  1.000000e-50  1.000000e-50  1.000000e-50  1.000000e-50  1.000000e-50  1.000000e-50  1.000000e-50  1.000000e-50  1.000000e-50  1.000000e-50  7.726269e-02  1.000000e-50  1.000000e-50  8.609272e-02  1.000000e-50  1.000000e-50  1.000000e-50  1.000000e-50  6.622517e-03  1.037528e-01  1.000000e-50  1.000000e-50  1.000000e-50  2.428256e-02  1.000000e-50  1.000000e-50  1.000000e-50  1.000000e-50  1.000000e-50  1.000000e-50  7.284768e-02  1.000000e-50  1.000000e-50  1.000000e-50  1.000000e-50  1.000000e-50  1.000000e-50  1.000000e-50  2.008830e-01  1.000000e-50  2.052980e-01  1.192053e-01  1.000000e-50 
1.000000e-50  1.000000e-50  1.000000e-50  1.000000e-50  1.000000e-50  1.000000e-50  3.604614e-03  1.000000e-50  1.179109e-01  1.000000e-50  1.000000e-50  1.000000e-50  1.000000e-50  1.000000e-50  1.908042e-01  1.000000e-50  1.000000e-50  1.000000e-50  1.626882e-01  1.000000e-50  1.000000e-50  1.000000e-50  6.167895e-03  1.000000e-50  1.000000e-50  1.281640e-03  1.000000e-50  7.209228e-03  1.000000e-50  1.000000e-50  2.843640e-02  4.405639e-03  1.000000e-50  1.000000e-50  3.901794e-01  1.000000e-50  1.000000e-50  3.564563e-02  2.403076e-03  8.010253e-04  4.245434e-03  1.000000e-50  1.000000e-50  1.041333e-03  3.204101e-04  5.126562e-03  1.000000e-50  1.000000e-50  6.648510e-03  1.000000e-50  1.000000e-50  1.000000e-50  1.000000e-50  1.000000e-50  8.811278e-04  3.123999e-03  1.000000e-50  1.129446e-02  1.578020e-02  1.000000e-50 
4.411470e-04  1.000000e-50  1.000000e-50  2.526569e-03  4.231001e-02  1.403649e-02  2.406256e-04  1.000000e-50  1.000000e-50  1.000000e-50  1.000000e-50  1.000000e-50  1.000000e-50  1.000000e-50  1.000000e-50  6.809705e-02  3.657510e-02  1.000000e-50  1.000000e-50  1.000000e-50  1.000000e-50  1.000000e-50  1.000000e-50  1.000000e-50  1.203128e-03  1.000000e-50  1.000000e-50  1.000000e-50  1.000000e-50  1.000000e-50  1.000000e-50  1.000000e-50  2.245839e-03  1.000000e-50  1.000000e-50  4.350110e-01  1.000000e-50  1.000000e-50  4.411470e-04  1.000000e-50  1.000000e-50  1.000000e-50  1.000000e-50  1.000000e-50  1.000000e-50  1.000000e-50  3.932625e-01  1.000000e-50  1.000000e-50  1.000000e-50  1.000000e-50  1.000000e-50  1.000000e-50  1.000000e-50  1.000000e-50  1.000000e-50  1.000000e-50  1.000000e-50  1.000000e-50  3.609384e-03 
5.918142e-02  2.074115e-02  1.000000e-50  1.000000e-50  1.000000e-50  1.000000e-50  9.126106e-03  1.000000e-50  2.820796e-02  1.000000e-50  1.000000e-50  1.000000e-50  3.042035e-02  2.129425e-02  1.000000e-50  1.000000e-50  1.000000e-50  3.318584e-02  1.000000e-50  4.148230e-03  1.000000e-50  1.000000e-50  1.000000e-50  1.377212e-01  1.000000e-50  1.000000e-50  1.000000e-50  2.018805e-02  1.000000e-50  1.000000e-50  4.452434e-02  1.521018e-02  1.000000e-50  1.000000e-50  1.000000e-50  1.000000e-50  2.068584e-01  4.701327e-03  6.775442e-02  1.000000e-50  1.000000e-50  1.000000e-50  1.000000e-50  2.848451e-02  1.000000e-50  1.050885e-02  1.000000e-50  1.880531e-02  1.000000e-50  1.000000e-50  1.216814e-02  1.000000e-50  1.000000e-50  2.876106e-02  1.000000e-50  1.003872e-01  1.000000e-50  8.462389e-02  1.299779e-02  1.000000e-50 
1.039956e-02  1.000000e-50  1.000000e-50  1.000000e-50  1.000000e-50  1.000000e-50  6.020799e-03  1.000000e-50  1.614669e-02  1.000000e-50  2.244116e-02  1.000000e-50  4.187192e-02  1.000000e-50  9.961686e-02  1.000000e-50  1.000000e-50  1.000000e-50  1.000000e-50  1.000000e-50  1.000000e-50  1.000000e-50  6.841817e-03  2.599891e-02  1.000000e-50  8.210181e-04  1.000000e-50  7.936508e-03  3.119869e-02  4.652436e-03  1.981390e-01  1.587302e-02  1.000000e-50  1.000000e-50  1.026273e-01  1.000000e-50  1.000000e-50  2.162014e-02  3.557745e-03  1.368363e-03  2.244116e-02  1.000000e-50  1.000000e-50  2.463054e-02  1.000000e-50  1.286262e-02  1.000000e-50  3.721949e-02  2.490421e-02  1.000000e-50  1.532567e-02  1.000000e-50  1.000000e-50  3.448276e-02  7.361795e-02  1.286262e-02  1.000000e-50  8.757526e-02  3.694581e-02  1.000000e-50 
5.403349e-02  1.000000e-50  3.044140e-03  1.902588e-02  1.000000e-50  1.000000e-50  1.369863e-02  1.000000e-50  1.000000e-50  1.826484e-02  1.000000e-50  1.000000e-50  3.424658e-02  9.893455e-03  1.000000e-50  1.000000e-50  1.000000e-50  1.000000e-50  1.000000e-50  1.000000e-50  1.000000e-50  1.000000e-50  1.000000e-50  1.849315e-01  1.000000e-50  1.000000e-50  1.000000e-50  1.000000e-50  1.000000e-50  1.000000e-50  4.566210e-02  7.610350e-03  1.000000e-50  3.044140e-02  2.130898e-02  1.000000e-50  1.484018e-01  1.445967e-02  1.879756e-01  3.044140e-03  1.902588e-02  1.000000e-50  1.000000e-50  1.141553e-02  1.217656e-02  1.000000e-50  1.000000e-50  1.000000e-50  1.217656e-02  1.000000e-50  1.000000e-50  1.000000e-50  1.000000e-50  4.109589e-02  1.000000e-50  8.523592e-02  1.000000e-50  1.000000e-50  1.217656e-02  1.065449e-02 
5.220884e-02  1.000000e-50  1.000000e-50  1.000000e-50  1.000000e-50  1.000000e-50  3.212851e-02  1.000000e-50  2.610442e-02  1.000000e-50  1.000000e-50  1.000000e-50  1.000000e-50  1.204819e-02  1.000000e-50  1.000000e-50  1.000000e-50  1.000000e-50  1.000000e-50  6.024096e-03  1.000000e-50  1.000000e-50  1.000000e-50  6.224900e-02  1.000000e-50  1.000000e-50  1.000000e-50  1.606426e-02  7.630522e-02  1.000000e-50  4.718876e-02  1.000000e-50  1.000000e-50  1.000000e-50  1.000000e-50  1.000000e-50  1.164659e-01  1.000000e-50  1.000000e-50  3.112450e-02  1.204819e-02  1.000000e-50  1.000000e-50  7.028112e-02  3.714859e-02  1.000000e-50  1.000000e-50  3.514056e-02  1.000000e-50  1.000000e-50  1.000000e-50  1.000000e-50  7.028112e-03  1.275100e-01  1.000000e-50  7.329317e-02  4.819277e-02  1.114458e-01  1.000000e-50  1.000000e-50 
4.155276e-02  1.000000e-50  1.000000e-50  1.000000e-50  1.000000e-50  1.000000e-50  1.038819e-02  1.000000e-50  8.747950e-03  3.717879e-02  3.389831e-02  1.000000e-50  2.296337e-02  1.000000e-50  1.000000e-50  1.000000e-50  1.000000e-50  1.000000e-50  3.389831e-02  4.920722e-03  1.000000e-50  1.000000e-50  1.000000e-50  9.404046e-02  1.000000e-50  1.000000e-50  1.000000e-50  1.000000e-50  5.850191e-02  1.000000e-50  6.889010e-02  1.000000e-50  1.000000e-50  1.000000e-50  2.022963e-02  1.000000e-50  6.834336e-02  1.421542e-02  1.257518e-02  7.654456e-03  1.038819e-02  4.920722e-03  1.000000e-50  1.000000e-50  1.000000e-50  2.022963e-02  1.000000e-50  8.037179e-02  9.294697e-03  1.000000e-50  3.991252e-02  1.000000e-50  9.841443e-03  2.897758e-02  1.000000e-50  8.966648e-02  2.679060e-02  6.014215e-02  6.943685e-02  1.202843e-02 
1.000000e-50  1.000000e-50  1.000000e-50  1.000000e-50  2.355901e-02  1.000000e-50  1.000000e-50  1.000000e-50  1.000000e-50  1.000000e-50  1.000000e-50  1.395242e-02  1.000000e-50  1.000000e-50  1.000000e-50  2.813358e-02  1.024703e-01  1.000000e-50  1.000000e-50  1.000000e-50  1.000000e-50  1.000000e-50  1.000000e-50  1.000000e-50  1.000000e-50  1.000000e-50  1.000000e-50  1.000000e-50  1.000000e-50  1.000000e-50  1.000000e-50  1.000000e-50  1.000000e-50  1.000000e-50  1.000000e-50  5.006862e-01  1.000000e-50  1.000000e-50  1.000000e-50  1.000000e-50  1.000000e-50  1.000000e-50  2.287283e-04  1.000000e-50  1.000000e-50  1.000000e-50  2.872827e-01  1.000000e-50  1.000000e-50  1.000000e-50  1.000000e-50  1.000000e-50  1.000000e-50  1.000000e-50  1.000000e-50  1.000000e-50  1.000000e-50  1.000000e-50  1.000000e-50  4.368710e-02 
1.000000e-50  1.000000e-50  1.000000e-50  1.000000e-50  1.000000e-50  1.000000e-50  1.000000e-50  1.000000e-50  1.000000e-50  1.000000e-50  1.000000e-50  1.000000e-50  1.000000e-50  3.359462e-03  8.958567e-03  1.000000e-50  1.000000e-50  1.000000e-50  1.000000e-50  1.000000e-50  1.000000e-50  1.000000e-50  1.000000e-50  1.000000e-50  1.000000e-50  1.000000e-50  1.000000e-50  1.007839e-02  1.000000e-50  1.000000e-50  1.000000e-50  1.000000e-50  1.000000e-50  1.000000e-50  1.000000e-50  2.575588e-02  1.000000e-50  8.958567e-03  1.000000e-50  1.000000e-50  1.000000e-50  1.000000e-50  1.000000e-50  5.162374e-01  1.000000e-50  3.471445e-02  1.000000e-50  5.151176e-02  1.000000e-50  1.000000e-50  1.000000e-50  1.567749e-02  1.000000e-50  1.000000e-50  1.000000e-50  1.000000e-50  4.815230e-02  1.914894e-01  8.510638e-02  1.000000e-50 
1.215143e-02  1.000000e-50  1.000000e-50  1.000000e-50  1.000000e-50  1.000000e-50  1.074934e-02  1.000000e-50  5.390248e-02  1.201122e-01  1.115439e-01  1.000000e-50  9.503038e-03  6.854650e-03  1.000000e-50  1.000000e-50  1.000000e-50  1.000000e-50  6.589811e-02  1.000000e-50  1.000000e-50  1.000000e-50  1.000000e-50  3.801215e-02  1.000000e-50  5.764138e-03  1.000000e-50  1.000000e-50  1.000000e-50  1.000000e-50  3.115750e-02  2.149868e-02  1.000000e-50  1.000000e-50  4.891728e-02  1.000000e-50  1.853871e-02  1.869450e-02  1.000000e-50  1.000000e-50  1.000000e-50  1.000000e-50  1.000000e-50  7.945163e-03  1.000000e-50  6.418445e-02  1.000000e-50  1.000000e-50  6.449603e-02  1.000000e-50  1.000000e-50  1.000000e-50  1.713663e-02  1.000000e-50  4.673625e-04  3.520798e-02  1.000000e-50  1.506465e-01  8.661785e-02  1.000000e-50 
1.000000e-50  1.000000e-50  1.000000e-50  1.000000e-50  1.000000e-50  1.000000e-50  1.388889e-02  1.000000e-50  1.000000e-50  5.555556e-02  3.587963e-02  1.000000e-50  1.000000e-50  1.000000e-50  1.000000e-50  1.000000e-50  1.000000e-50  1.000000e-50  1.000000e-50  1.000000e-50  1.000000e-50  1.000000e-50  3.125000e-02  3.356481e-02  1.000000e-50  1.000000e-50  1.000000e-50  1.000000e-50  1.000000e-50  1.000000e-50  1.000000e-50  1.000000e-50  1.000000e-50  2.199074e-02  9.722222e-02  1.000000e-50  6.481481e-02  3.009259e-02  1.000000e-50  1.388889e-02  1.000000e-50  1.000000e-50  1.000000e-50  1.516204e-01  1.000000e-50  1.000000e-50  1.000000e-50  6.944444e-02  3.125000e-02  1.000000e-50  4.398148e-02  1.000000e-50  1.000000e-50  1.000000e-50  1.000000e-50  4.166667e-02  1.000000e-50  1.331019e-01  1.180556e-01  1.273148e-02 
2.057959e-02  1.000000e-50  1.000000e-50  1.167577e-01  1.000000e-50  1.000000e-50  5.459891e-03  1.007980e-02  1.000000e-50  1.000000e-50  1.000000e-50  1.000000e-50  8.693826e-02  8.399832e-04  1.000000e-50  1.000000e-50  1.000000e-50  1.000000e-50  1.000000e-50  3.779924e-03  1.171777e-01  9.239815e-03  1.000000e-50  1.000000e-50  1.000000e-50  6.299874e-03  1.000000e-50  1.000000e-50  1.213776e-01  1.000000e-50  2.519950e-03  1.000000e-50  1.000000e-50  5.039899e-03  1.000000e-50  1.335573e-01  1.259975e-03  1.000000e-50  4.619908e-03  5.039899e-03  1.000000e-50  9.239815e-03  1.000000e-50  1.000000e-50  1.000000e-50  1.000000e-50  1.000000e-50  1.000000e-50  1.000000e-50  1.000000e-50  2.099958e-02  1.000000e-50  1.175976e-02  1.541369e-01  1.000000e-50  2.435951e-02  7.811844e-02  1.553969e-02  1.679966e-02  1.847963e-02 
1.000000e-50  1.000000e-50  1.000000e-50  1.000000e-50  1.000000e-50  8.982525e-03  1.000000e-50  1.000000e-50  1.000000e-50  1.000000e-50  1.000000e-50  1.000000e-50  1.000000e-50  1.000000e-50  1.000000e-50  1.110567e-01  5.683488e-02  1.000000e-50  1.000000e-50  1.000000e-50  1.000000e-50  1.000000e-50  1.000000e-50  1.000000e-50  1.000000e-50  1.000000e-50  1.000000e-50  1.000000e-50  1.000000e-50  1.000000e-50  1.000000e-50  1.000000e-50  1.000000e-50  1.000000e-50  1.000000e-50  8.018945e-01  1.000000e-50  1.000000e-50  1.000000e-50  1.000000e-50  1.000000e-50  1.000000e-50  1.000000e-50  1.000000e-50  1.000000e-50  1.000000e-50  1.000000e-50  1.000000e-50  1.000000e-50  1.000000e-50  1.000000e-50  1.000000e-50  1.000000e-50  1.000000e-50  1.000000e-50  1.000000e-50  1.000000e-50  1.000000e-50  1.000000e-50  2.123142e-02 
7.968712e-02  1.000000e-50  1.000000e-50  3.226595e-02  1.000000e-50  1.000000e-50  1.759961e-02  1.000000e-50  6.599853e-03  1.000000e-50  1.735517e-02  1.000000e-50  1.000000e-50  1.271083e-02  1.000000e-50  1.000000e-50  1.000000e-50  1.000000e-50  8.799804e-03  1.000000e-50  1.000000e-50  1.000000e-50  1.000000e-50  3.691029e-02  1.000000e-50  1.026644e-02  1.979956e-02  1.000000e-50  2.835493e-02  1.000000e-50  8.164263e-02  2.126619e-02  1.000000e-50  9.288682e-03  1.539966e-02  1.000000e-50  1.000000e-50  1.000000e-50  1.000000e-50  2.102176e-02  1.515522e-02  1.000000e-50  3.422146e-03  6.599853e-03  1.000000e-50  4.326571e-02  1.000000e-50  2.102176e-02  6.379858e-02  1.000000e-50  1.222195e-02  6.599853e-03  1.979956e-02  1.711073e-03  1.000000e-50  1.740406e-01  1.075532e-02  1.772183e-01  1.931068e-02  6.110975e-03 
3.371482e-02  1.000000e-50  1.000000e-50  1.218682e-01  1.000000e-50  1.000000e-50  1.000000e-50  1.000000e-50  1.855861e-03  1.000000e-50  6.186205e-04  1.000000e-50  2.536344e-01  8.351376e-03  1.000000e-50  1.000000e-50  1.000000e-50  1.237241e-03  1.000000e-50  1.000000e-50  7.763687e-02  1.020724e-02  1.000000e-50  1.082586e-02  1.000000e-50  1.000000e-50  1.000000e-50  1.000000e-50  4.825240e-02  1.000000e-50  7.114135e-03  1.000000e-50  1.000000e-50  1.000000e-50  7.114135e-03  9.279307e-03  3.711723e-03  1.000000e-50  1.237241e-03  4.330343e-03  1.000000e-50  1.546551e-03  1.000000e-50  7.114135e-03  9.897928e-03  1.000000e-50  1.000000e-50  7.423446e-03  1.000000e-50  1.000000e-50  1.000000e-50  1.000000e-50  4.639654e-03  2.131148e-01  1.000000e-50  9.588617e-03  1.070213e-01  3.866378e-02  1.000000e-50  1.000000e-50 
8.431002e-02  1.000000e-50  1.000000e-50  1.000000e-50  1.000000e-50  3.780718e-03  9.073724e-03  2.155009e-02  1.000000e-50  1.000000e-50  6.427221e-03  3.100189e-02  1.000000e-50  2.003781e-02  1.000000e-50  1.000000e-50  1.000000e-50  1.000000e-50  1.000000e-50  7.939509e-03  1.000000e-50  6.843100e-02  1.000000e-50  5.519849e-02  1.000000e-50  3.894140e-02  1.000000e-50  1.323251e-02  2.457467e-02  1.134216e-02  6.049149e-03  1.000000e-50  1.000000e-50  2.079395e-02  3.780718e-03  1.776938e-02  1.000000e-50  4.914934e-03  1.000000e-50  5.293006e-02  2.192817e-02  1.000000e-50  1.000000e-50  5.633270e-02  1.000000e-50  1.000000e-50  1.000000e-50  1.000000e-50  2.835539e-02  1.667297e-01  1.000000e-50  3.856333e-02  2.608696e-02  3.780718e-02  1.000000e-50  1.852552e-02  4.914934e-03  7.977316e-02  1.890359e-02  1.000000e-50 
1.000000e-50  1.000000e-50  1.000000e-50  1.000000e-50  1.000000e-50  1.000000e-50  6.469501e-03  2.310536e-03  1.000000e-50  2.310536e-02  1.000000e-50  1.000000e-50  4.713494e-02  5.961183e-02  1.000000e-50  1.000000e-50  1.000000e-50  1.987061e-02  1.000000e-50  1.000000e-50  1.000000e-50  1.000000e-50  6.007394e-03  2.218115e-02  1.000000e-50  1.802218e-02  1.000000e-50  1.000000e-50  1.000000e-50  2.329020e-01  9.242144e-03  1.000000e-50  1.000000e-50  1.000000e-50  1.000000e-50  1.000000e-50  4.759704e-02  1.000000e-50  1.000000e-50  1.000000e-50  2.772643e-03  1.000000e-50  2.647874e-01  1.000000e-50  1.000000e-50  1.000000e-50  1.000000e-50  4.574861e-02  2.033272e-02  1.000000e-50  1.000000e-50  1.000000e-50  9.611830e-02  1.000000e-50  1.000000e-50  3.604436e-02  1.000000e-50  3.974122e-02  1.000000e-50  1.000000e-50 
1.120448e-02  1.000000e-50  1.000000e-50  1.000000e-50  1.000000e-50  1.000000e-50  1.000000e-50  1.000000e-50  1.000000e-50  1.000000e-50  1.000000e-50  1.000000e-50  1.000000e-50  1.000000e-50  1.000000e-50  1.000000e-50  1.000000e-50  1.000000e-50  1.000000e-50  1.000000e-50  1.000000e-50  1.624650e-01  1.000000e-50  1.000000e-50  7.282913e-02  1.000000e-50  1.000000e-50  1.000000e-50  1.000000e-50  1.000000e-50  1.000000e-50  3.081232e-02  1.000000e-50  1.000000e-50  1.000000e-50  1.000000e-50  1.000000e-50  1.000000e-50  1.000000e-50  1.000000e-50  1.000000e-50  1.000000e-50  1.000000e-50  1.000000e-50  1.000000e-50  1.000000e-50  1.000000e-50  1.708683e-01  1.000000e-50  1.000000e-50  1.000000e-50  1.000000e-50  1.000000e-50  7.563025e-02  1.000000e-50  4.761905e-02  1.456583e-01  1.000000e-50  1.000000e-50  2.829132e-01 
2.692141e-02  1.000000e-50  1.000000e-50  1.000000e-50  1.000000e-50  1.000000e-50  9.552757e-03  1.000000e-50  1.000000e-50  1.000000e-50  6.904038e-02  1.000000e-50  1.000000e-50  1.000000e-50  1.000000e-50  1.000000e-50  1.000000e-50  1.000000e-50  3.169779e-02  1.000000e-50  1.000000e-50  1.000000e-50  1.000000e-50  2.475033e-02  1.000000e-50  1.000000e-50  1.000000e-50  1.000000e-50  2.822406e-02  2.171081e-02  5.254017e-02  2.344768e-02  1.000000e-50  1.000000e-50  1.432914e-02  9.986974e-03  1.000000e-50  4.776379e-03  1.085541e-02  1.000000e-50  2.648719e-02  1.000000e-50  2.257924e-02  1.298307e-01  1.000000e-50  1.085541e-02  1.000000e-50  4.689535e-02  3.907946e-02  1.000000e-50  1.780287e-02  1.000000e-50  4.515849e-02  2.996092e-02  1.000000e-50  2.909249e-02  3.343465e-02  2.171081e-01  2.388189e-02  1.000000e-50 
1.000000e-50  1.000000e-50  1.000000e-50  1.000000e-50  3.404767e-03  6.008412e-04  1.000000e-50  2.944122e-02  1.000000e-50  1.000000e-50  1.000000e-50  2.743841e-02  1.000000e-50  1.000000e-50  8.011216e-04  1.000000e-50  3.951532e-01  1.000000e-50  1.000000e-50  1.000000e-50  5.287402e-02  1.000000e-50  1.000000e-50  1.000000e-50  1.000000e-50  1.000000e-50  1.000000e-50  1.000000e-50  1.000000e-50  1.000000e-50  1.000000e-50  1.000000e-50  4.886842e-02  1.000000e-50  1.000000e-50  8.511917e-02  1.000000e-50  1.000000e-50  1.000000e-50  1.000000e-50  1.000000e-50  2.048868e-01  1.000000e-50  1.000000e-50  1.000000e-50  1.000000e-50  4.806729e-02  1.000000e-50  1.000000e-50  1.000000e-50  1.000000e-50  1.000000e-50  1.000000e-50  3.224514e-02  1.000000e-50  1.000000e-50  1.000000e-50  1.000000e-50  1.000000e-50  7.109954e-02 
1.000000e-50  1.000000e-50  1.000000e-50  1.000000e-50  1.000000e-50  1.000000e-50  6.079235e-02  1.000000e-50  1.092896e-02  1.000000e-50  1.000000e-50  1.000000e-50  1.000000e-50  1.000000e-50  7.308743e-02  1.000000e-50  1.000000e-50  4.098361e-03  1.297814e-02  1.000000e-50  1.000000e-50  1.000000e-50  2.800546e-01  1.366120e-03  6.830601e-04  1.000000e-50  1.000000e-50  4.781421e-03  1.000000e-50  4.098361e-03  4.760929e-01  1.000000e-50  1.000000e-50  1.000000e-50  1.297814e-02  1.000000e-50  1.000000e-50  1.297814e-02  1.000000e-50  5.464481e-03  1.000000e-50  1.000000e-50  1.000000e-50  1.000000e-50  1.000000e-50  1.000000e-50  1.000000e-50  1.000000e-50  1.000000e-50  1.000000e-50  1.000000e-50  1.000000e-50  1.000000e-50  1.000000e-50  3.756831e-02  1.000000e-50  1.000000e-50  1.000000e-50  1.000000e-50  2.049180e-03 
3.344482e-02  1.000000e-50  1.000000e-50  1.000000e-50  1.000000e-50  1.000000e-50  1.856187e-02  1.000000e-50  1.555184e-02  3.913043e-02  3.344482e-02  1.000000e-50  5.117057e-02  7.023411e-03  1.000000e-50  1.000000e-50  1.000000e-50  5.852843e-03  2.809365e-02  1.053512e-02  7.692308e-03  1.000000e-50  1.000000e-50  5.317726e-02  1.000000e-50  1.505017e-03  1.000000e-50  6.187291e-03  1.337793e-02  3.010033e-03  2.909699e-02  1.722408e-02  1.000000e-50  1.000000e-50  3.026756e-02  1.000000e-50  4.782609e-02  4.849498e-03  1.000000e-50  2.056856e-02  1.220736e-02  1.000000e-50  1.000000e-50  5.351171e-02  1.538462e-02  1.906355e-02  1.000000e-50  6.204013e-02  2.943144e-02  1.000000e-50  2.525084e-02  1.000000e-50  6.856187e-03  3.227425e-02  1.000000e-50  6.588629e-02  2.374582e-02  1.157191e-01  5.484950e-02  6.187291e-03 
5.289552e-02  1.671642e-03  2.794030e-02  1.000000e-50  1.000000e-50  1.000000e-50  3.140299e-02  1.000000e-50  2.650746e-02  1.000000e-50  2.817910e-02  1.000000e-50  3.773134e-02  9.791045e-03  1.000000e-50  1.000000e-50  1.000000e-50  3.701493e-03  3.200000e-02  4.895522e-03  1.000000e-50  1.086567e-02  1.000000e-50  2.734328e-02  1.000000e-50  3.641791e-02  1.000000e-50  5.134328e-03  1.552239e-02  5.611940e-03  1.000000e-50  1.000000e-50  1.000000e-50  1.000000e-50  1.158209e-02  8.955224e-03  1.000000e-50  1.000000e-50  8.358209e-04  1.408955e-02  1.838806e-02  1.000000e-50  2.053731e-02  1.398209e-01  1.000000e-50  3.820896e-03  1.000000e-50  1.289552e-02  5.134328e-02  1.000000e-50  2.770149e-02  1.000000e-50  6.232836e-02  2.411940e-02  1.000000e-50  1.000000e-50  1.659701e-02  1.377910e-01  6.065672e-02  3.092537e-02 
7.323512e-03  1.000000e-50  1.617985e-03  1.000000e-50  1.000000e-50  1.000000e-50  1.038917e-02  1.000000e-50  2.171506e-02  1.024440e-01  4.470749e-02  1.000000e-50  1.924551e-02  1.000000e-50  3.406285e-04  1.000000e-50  1.000000e-50  3.321127e-03  3.695819e-02  3.235970e-03  1.000000e-50  1.000000e-50  1.703142e-03  2.205569e-02  1.000000e-50  1.788299e-03  1.000000e-50  1.038917e-02  1.000000e-50  1.000000e-50  1.328451e-02  2.052286e-02  1.000000e-50  1.000000e-50  2.273695e-02  1.000000e-50  4.360044e-02  9.707911e-03  8.941497e-03  8.856340e-03  1.583922e-02  1.000000e-50  1.000000e-50  4.019416e-02  3.406285e-02  4.811377e-02  1.000000e-50  5.109427e-02  4.683641e-02  1.000000e-50  4.206761e-02  1.000000e-50  9.452440e-03  1.000000e-50  1.000000e-50  3.525505e-02  1.000000e-50  1.618837e-01  9.409861e-02  6.216469e-03 
8.383010e-03  1.000000e-50  2.980626e-03  2.198212e-02  1.000000e-50  1.000000e-50  1.434426e-02  2.421759e-03  1.000000e-50  3.800298e-02  1.788376e-02  2.049180e-03  1.320790e-01  1.000000e-50  1.000000e-50  1.000000e-50  1.000000e-50  7.451565e-03  2.123696e-02  3.166915e-03  8.811475e-02  4.284650e-03  3.166915e-03  5.774963e-03  1.000000e-50  7.451565e-03  1.000000e-50  5.961252e-03  2.235469e-02  1.304024e-03  1.751118e-02  1.099106e-02  1.000000e-50  7.451565e-03  1.005961e-02  1.000000e-50  5.402385e-03  1.000000e-50  1.000000e-50  4.843517e-03  2.831595e-02  1.000000e-50  1.000000e-50  8.327124e-02  3.390462e-02  1.024590e-02  1.000000e-50  7.749627e-02  2.235469e-03  1.000000e-50  5.551416e-02  1.000000e-50  1.788376e-02  7.693741e-02  1.000000e-50  2.254098e-02  2.272727e-02  3.614009e-02  4.955291e-02  1.657973e-02 
1.000000e-50  1.000000e-50  1.000000e-50  1.000000e-50  1.000000e-50  1.000000e-50  1.000000e-50  1.905954e-01  1.000000e-50  1.000000e-50  1.000000e-50  1.000000e-50  1.000000e-50  1.000000e-50  1.000000e-50  1.000000e-50  4.757930e-02  1.000000e-50  1.000000e-50  1.000000e-50  2.292710e-01  1.000000e-50  1.000000e-50  1.000000e-50  1.000000e-50  1.000000e-50  1.391208e-03  1.000000e-50  1.000000e-50  1.000000e-50  1.000000e-50  1.000000e-50  1.168614e-02  1.000000e-50  1.000000e-50  1.000000e-50  1.000000e-50  1.000000e-50  1.000000e-50  1.000000e-50  1.000000e-50  1.000000e-50  1.000000e-50  1.000000e-50  1.000000e-50  1.000000e-50  1.000000e-50  1.000000e-50  1.000000e-50  1.000000e-50  1.000000e-50  1.000000e-50  1.000000e-50  1.483027e-01  1.000000e-50  1.000000e-50  1.000000e-50  1.000000e-50  3.617140e-03  3.675570e-01 


#DOUBLE_1x60_DISCRETE_HIDDEN_DOMINANT-EIGENVECTOR
1.850571e-02  9.505572e-04  3.458114e-03  1.112923e-02  1.547794e-02  7.368650e-03  7.398188e-03  9.915490e-03  2.251127e-02  1.432429e-02  1.902469e-02  1.188153e-02  2.157161e-02  4.006660e-03  2.551734e-02  1.633161e-02  2.184587e-02  3.418772e-03  2.768582e-02  2.415096e-03  9.987168e-03  3.439204e-03  6.065270e-03  2.412492e-02  6.077148e-03  6.254408e-03  1.108153e-03  5.453970e-03  2.114002e-02  5.544846e-03  4.941935e-02  6.306993e-03  1.501651e-03  2.059633e-03  5.552752e-02  1.093828e-01  1.634177e-02  1.634192e-02  5.761321e-03  4.485066e-03  8.196091e-03  1.908661e-02  4.101957e-03  2.844449e-02  3.898375e-03  1.044711e-02  5.365041e-02  1.812906e-02  1.455375e-02  1.208218e-02  9.759429e-03  1.573325e-03  1.059206e-02  2.185555e-02  6.563879e-03  2.680394e-02  3.736050e-02  5.217557e-02  2.358110e-02  1.608305e-02  

#DOUBLE_60x20_DISCRETE_AA_EMISSION
6.343907e-02  2.814214e-02  1.039828e-01  4.006678e-02  6.343907e-02  3.410446e-02  6.010017e-02  2.265681e-02  4.650608e-02  7.059385e-02  2.146435e-02  1.435726e-01  1.000000e-50  3.338898e-02  6.010017e-02  6.487002e-02  4.936799e-02  2.528023e-02  1.597901e-02  5.294539e-02 
1.617647e-01  1.960784e-02  1.000000e-50  7.843137e-02  4.411765e-02  1.960784e-01  1.000000e-50  1.470588e-02  7.843137e-02  3.921569e-02  1.000000e-50  3.431373e-02  1.000000e-50  1.000000e-50  3.921569e-02  1.421569e-01  8.333333e-02  4.411765e-02  9.803922e-03  1.470588e-02 
1.000000e-50  1.000000e-50  1.000000e-50  1.000000e-50  1.000000e-50  1.000000e+00  1.000000e-50  1.000000e-50  1.000000e-50  1.000000e-50  1.000000e-50  1.000000e-50  1.000000e-50  1.000000e-50  1.000000e-50  1.000000e-50  1.000000e-50  1.000000e-50  1.000000e-50  1.000000e-50 
7.757920e-02  3.249391e-03  1.092608e-01  1.031682e-01  1.000000e-50  5.523964e-02  1.705930e-02  1.421608e-02  7.595451e-02  5.239643e-02  2.071487e-02  5.930138e-02  1.214460e-01  4.711617e-02  6.173842e-02  9.707555e-02  4.874086e-02  1.909017e-02  1.000000e-50  1.665313e-02 
1.084648e-01  9.469154e-03  4.906743e-02  1.208034e-01  2.525108e-02  2.008608e-02  1.578192e-02  3.644189e-02  1.216643e-01  1.142037e-01  2.668580e-02  4.131994e-02  1.000000e-50  6.456241e-02  9.526542e-02  4.447633e-02  3.873745e-02  3.931133e-02  8.608321e-03  1.979914e-02 
1.433713e-01  1.619676e-02  2.459508e-02  6.478704e-02  3.359328e-02  2.459508e-02  2.339532e-02  2.219556e-02  6.358728e-02  2.141572e-01  3.659268e-02  3.659268e-02  1.000000e-50  3.059388e-02  6.658668e-02  8.098380e-02  4.439112e-02  3.359328e-02  8.998200e-03  3.119376e-02 
1.000000e-50  1.000000e-50  1.000000e-50  1.000000e-50  1.000000e-50  9.987908e-01  1.000000e-50  1.000000e-50  1.000000e-50  1.000000e-50  1.000000e-50  1.000000e-50  1.209190e-03  1.000000e-50  1.000000e-50  1.000000e-50  1.000000e-50  1.000000e-50  1.000000e-50  1.000000e-50 
1.177520e-01  1.694915e-02  3.969670e-02  9.366637e-02  2.007136e-02  3.389831e-02  9.812667e-03  6.378234e-02  9.232828e-02  1.199822e-01  3.612846e-02  3.077609e-02  1.000000e-50  4.727921e-02  8.474576e-02  4.058876e-02  3.880464e-02  6.467440e-02  8.028546e-03  4.103479e-02 
4.617206e-02  2.229676e-02  2.801894e-02  4.932912e-02  5.485399e-02  2.367798e-03  2.288871e-02  1.481847e-01  5.130229e-02  1.505525e-01  2.387530e-02  3.749013e-02  4.143646e-03  2.861089e-02  4.518548e-02  1.578532e-02  4.439621e-02  1.702841e-01  2.328335e-02  3.097869e-02 
3.919753e-02  2.469136e-03  3.240741e-02  3.487654e-02  5.246914e-03  1.049383e-02  1.000000e-50  8.641975e-03  1.975309e-02  1.000000e-50  1.000000e-50  3.395062e-03  8.308642e-01  3.086420e-04  4.629630e-03  1.000000e-50  1.000000e-50  7.716049e-03  1.000000e-50  1.000000e-50 
3.021785e-02  1.592879e-02  1.011947e-01  6.277817e-02  3.607402e-02  1.382057e-02  2.787538e-02  3.443429e-02  9.744671e-02  5.973296e-02  1.218084e-02  6.512064e-02  1.000000e-50  5.270555e-02  6.840009e-02  6.465214e-02  1.646756e-01  4.614664e-02  1.124385e-02  3.537128e-02 
7.450393e-02  1.235492e-02  4.193186e-02  8.348933e-02  5.728192e-02  2.096593e-02  1.684762e-02  1.059528e-01  5.915387e-02  1.564957e-01  2.246350e-02  2.920255e-02  6.739049e-03  5.391239e-02  4.717334e-02  3.144890e-02  4.080869e-02  8.348933e-02  1.797080e-02  3.781355e-02 
1.045145e-01  9.688724e-03  3.525046e-02  6.390435e-02  2.143888e-02  2.185116e-02  1.113173e-02  3.339518e-02  6.019377e-02  5.627706e-02  1.546073e-02  1.628530e-02  3.294166e-01  2.370645e-02  4.493919e-02  4.720676e-02  2.350031e-02  4.679448e-02  1.339930e-02  2.164502e-02 
1.000000e-50  1.000000e-50  7.543103e-03  1.000000e-50  1.000000e-50  9.903017e-01  2.155172e-03  1.000000e-50  1.000000e-50  1.000000e-50  1.000000e-50  1.000000e-50  1.000000e-50  1.000000e-50  1.000000e-50  1.000000e-50  1.000000e-50  1.000000e-50  1.000000e-50  1.000000e-50 
5.081231e-02  3.249222e-02  1.078465e-01  4.441756e-02  5.150363e-02  2.298652e-02  3.214656e-02  8.313170e-02  4.528171e-02  8.589699e-02  1.935707e-02  6.170066e-02  1.000000e-50  3.370204e-02  3.836848e-02  6.688559e-02  6.049084e-02  1.075009e-01  1.000000e-50  5.547874e-02 
1.799784e-01  9.444145e-03  5.126821e-02  9.255262e-02  1.915812e-02  2.455478e-02  1.025364e-02  3.426875e-02  9.606044e-02  1.413923e-01  3.211009e-02  4.398273e-02  1.000000e-50  6.368052e-02  7.879115e-02  5.936319e-02  2.212628e-02  3.103076e-02  9.983810e-03  1.000000e-50 
9.530526e-02  9.268588e-03  7.596212e-02  1.289543e-01  2.841024e-02  4.070119e-02  2.236550e-02  3.082813e-02  6.528309e-02  7.273826e-02  2.841024e-02  5.037276e-02  2.841024e-02  4.936530e-02  6.649204e-02  8.059641e-02  3.566391e-02  3.646988e-02  1.672376e-02  3.767882e-02 
4.465494e-02  1.000000e-50  5.277402e-02  5.953992e-02  2.976996e-02  3.937754e-01  3.382950e-02  1.623816e-02  4.736130e-02  5.412720e-02  5.412720e-03  9.066306e-02  1.000000e-50  2.029770e-02  2.841678e-02  4.465494e-02  2.435724e-02  1.488498e-02  1.894452e-02  2.029770e-02 
6.325641e-02  2.581894e-02  2.226884e-02  3.840568e-02  7.987736e-02  4.970147e-02  1.920284e-02  4.469905e-02  5.696305e-02  1.177989e-01  1.726642e-02  2.872358e-02  1.000000e-50  3.550105e-02  5.728578e-02  6.325641e-02  9.440052e-02  7.552041e-02  3.082137e-02  7.923189e-02 
4.189435e-02  5.464481e-03  5.828780e-02  1.821494e-02  1.092896e-02  7.103825e-01  3.642987e-03  5.464481e-03  3.278689e-02  1.457195e-02  5.464481e-03  1.000000e-50  1.000000e-50  1.000000e-50  1.092896e-02  6.193078e-02  1.000000e-50  5.464481e-03  5.464481e-03  9.107468e-03 
9.884239e-02  1.000000e-50  8.414960e-02  1.308994e-01  4.897596e-03  2.404274e-02  9.795191e-03  1.558326e-02  5.476402e-02  4.942119e-02  1.000000e-50  1.000000e-50  3.214604e-01  4.007124e-02  2.537845e-02  4.363313e-02  3.472841e-02  4.007124e-02  8.904720e-03  1.335708e-02 
1.142473e-01  2.553763e-02  2.150538e-02  6.317204e-02  5.913978e-02  7.123656e-02  1.000000e-50  8.870968e-02  7.930108e-02  1.774194e-01  1.000000e-50  1.747312e-02  1.000000e-50  5.510753e-02  3.360215e-02  4.435484e-02  5.107527e-02  3.629032e-02  2.688172e-02  3.494624e-02 
1.326455e-01  1.473839e-02  8.990420e-02  1.000000e-50  6.558585e-02  4.708917e-01  1.547531e-02  1.000000e-50  1.000000e-50  1.000000e-50  1.000000e-50  1.000000e-50  1.000000e-50  7.369197e-03  8.106116e-03  1.267502e-01  1.000000e-50  1.000000e-50  3.316139e-02  3.537214e-02 
6.142281e-02  2.915292e-02  6.032270e-02  6.875688e-02  3.392006e-02  6.527319e-02  3.171984e-02  4.547121e-02  7.975798e-02  7.352402e-02  1.943528e-02  4.107077e-02  2.988632e-02  3.098643e-02  5.427209e-02  8.195820e-02  7.590759e-02  6.527319e-02  1.540154e-02  3.648698e-02 
1.515820e-01  1.324503e-02  2.501840e-02  6.475350e-02  3.164091e-02  2.281089e-02  3.090508e-02  2.281089e-02  6.990434e-02  1.596762e-01  4.488595e-02  7.726269e-02  1.000000e-50  5.003679e-02  7.799853e-02  6.107432e-02  2.428256e-02  2.133922e-02  9.565857e-03  4.120677e-02 
1.000000e-50  1.000000e-50  1.000000e-50  8.651766e-03  4.325883e-03  9.560202e-01  2.162942e-03  1.000000e-50  1.441961e-02  1.000000e-50  6.488825e-03  6.488825e-03  1.000000e-50  1.441961e-03  1.000000e-50  1.000000e-50  1.000000e-50  1.000000e-50  1.000000e-50  1.000000e-50 
1.320000e-01  1.000000e-50  2.320000e-01  3.200000e-01  1.000000e-50  1.000000e-50  2.800000e-02  1.000000e-50  2.040000e-01  1.000000e-50  1.000000e-50  1.000000e-50  1.000000e-50  1.000000e-50  1.000000e-50  1.000000e-50  1.000000e-50  8.400000e-02  1.000000e-50  1.000000e-50 
5.435651e-02  2.078337e-02  1.502798e-01  6.235012e-02  2.637890e-02  9.912070e-02  3.916867e-02  3.197442e-03  5.195843e-02  2.078337e-02  1.039169e-02  2.757794e-01  1.000000e-50  4.476419e-02  4.156675e-02  5.915268e-02  7.194245e-03  1.000000e-50  4.796163e-03  2.797762e-02 
1.218391e-01  1.358412e-02  6.917450e-02  1.111808e-01  2.821317e-02  5.391850e-02  3.260188e-02  2.842215e-02  7.335423e-02  6.206897e-02  1.358412e-02  3.301985e-02  2.800418e-02  4.075235e-02  4.952978e-02  1.264368e-01  3.887147e-02  2.946708e-02  2.194357e-02  2.403344e-02 
8.800000e-03  1.000000e-50  4.560000e-02  1.280000e-02  2.800000e-02  7.384000e-01  1.360000e-02  1.000000e-50  1.680000e-02  1.000000e-50  4.000000e-03  8.000000e-02  1.000000e-50  6.400000e-03  7.200000e-03  1.680000e-02  1.440000e-02  1.000000e-50  1.000000e-50  7.200000e-03 
1.128196e-01  2.610406e-02  8.224566e-03  6.132666e-02  8.287145e-02  1.555516e-02  3.245128e-02  5.068836e-02  5.337028e-02  4.747005e-02  3.030574e-02  2.002503e-02  1.000000e-50  3.861970e-02  6.400858e-02  8.331843e-02  8.188807e-02  9.637046e-02  2.190238e-02  7.268014e-02 
8.146067e-02  1.053371e-02  1.797753e-01  4.705056e-02  3.862360e-02  5.337079e-02  2.668539e-02  1.755618e-02  4.634831e-02  6.250000e-02  2.176966e-02  1.327247e-01  1.446629e-01  3.721910e-02  4.073034e-02  3.932584e-02  1.000000e-50  9.831461e-03  9.831461e-03  1.000000e-50 
9.064327e-02  1.000000e-50  1.725146e-01  1.959064e-01  1.000000e-50  6.432749e-02  3.508772e-02  3.216374e-02  9.356725e-02  6.725146e-02  2.631579e-02  6.140351e-02  1.000000e-50  1.000000e-50  1.000000e-50  1.169591e-01  4.385965e-02  1.000000e-50  1.000000e-50  1.000000e-50 
5.309735e-02  1.769912e-02  1.084071e-01  7.964602e-02  2.654867e-02  1.150442e-01  6.194690e-02  1.548673e-02  8.407080e-02  4.867257e-02  1.548673e-02  9.955752e-02  1.000000e-50  7.079646e-02  1.061947e-01  5.309735e-02  3.318584e-02  1.000000e-50  1.106195e-02  1.000000e-50 
2.832070e-02  1.164739e-02  9.254089e-03  3.709613e-02  4.395692e-02  5.983247e-03  1.651376e-02  1.893897e-01  3.749501e-02  1.330674e-01  1.763063e-02  1.164739e-02  1.000000e-50  2.106103e-02  4.028720e-02  1.587555e-02  7.818109e-02  2.478660e-01  1.276426e-02  4.196250e-02 
1.547733e-01  1.341502e-02  4.641198e-02  9.054141e-02  2.879225e-02  3.455871e-02  1.525709e-02  5.442095e-02  7.180042e-02  1.350312e-01  3.151530e-02  3.495915e-02  2.002243e-04  5.374019e-02  6.819638e-02  3.636072e-02  3.103476e-02  5.866571e-02  1.417588e-02  2.614929e-02 
6.784261e-02  1.573948e-02  4.993216e-02  7.815468e-02  2.985075e-02  3.907734e-02  1.628223e-02  2.686567e-02  7.598372e-02  6.350068e-02  1.492537e-02  3.989145e-02  2.312076e-01  2.035278e-02  4.151967e-02  6.132972e-02  4.206242e-02  3.989145e-02  1.000000e-50  4.559023e-02 
6.751974e-02  2.531990e-02  4.818949e-02  4.927852e-02  3.267084e-02  4.056629e-02  1.851348e-02  1.905799e-02  6.643071e-02  9.610672e-02  1.470188e-02  2.232507e-02  2.453036e-01  2.423087e-02  4.818949e-02  5.554043e-02  3.457664e-02  3.920501e-02  2.695344e-02  2.531990e-02 
5.916728e-02  1.533966e-02  7.888970e-02  4.674945e-02  1.972243e-02  3.783784e-01  2.775749e-02  1.972243e-02  4.528853e-02  4.967129e-02  1.168736e-02  3.287071e-02  1.000000e-50  2.702703e-02  3.579255e-02  7.742878e-02  3.944485e-02  2.191381e-02  1.000000e-50  1.314828e-02 
9.960159e-03  2.988048e-03  1.294821e-02  6.972112e-03  1.992032e-03  9.133466e-01  1.000000e-50  9.960159e-04  3.984064e-03  1.000000e-50  1.000000e-50  1.693227e-02  1.000000e-50  8.964143e-03  5.976096e-03  8.964143e-03  5.976096e-03  1.000000e-50  1.000000e-50  1.000000e-50 
2.875399e-02  2.342918e-02  6.815761e-02  1.171459e-02  1.437700e-02  5.846645e-01  1.437700e-02  1.000000e-50  2.609159e-02  3.461129e-02  1.011715e-02  2.875399e-02  1.000000e-50  1.810437e-02  2.076677e-02  5.857295e-02  1.810437e-02  1.650692e-02  8.519702e-03  1.437700e-02 
7.980791e-02  8.003659e-03  9.512920e-02  1.200549e-01  3.087126e-02  5.190944e-02  2.789847e-02  5.030871e-02  4.939401e-02  9.672993e-02  2.698376e-02  3.201464e-02  1.000000e-50  5.351018e-02  4.413446e-02  4.733592e-02  6.311457e-02  7.889321e-02  1.417791e-02  2.972788e-02 
1.000000e-50  8.938547e-03  1.000000e-50  1.000000e-50  1.000000e-50  9.910615e-01  1.000000e-50  1.000000e-50  1.000000e-50  1.000000e-50  1.000000e-50  1.000000e-50  1.000000e-50  1.000000e-50  1.000000e-50  1.000000e-50  1.000000e-50  1.000000e-50  1.000000e-50  1.000000e-50 
1.340111e-01  2.495379e-02  4.667283e-02  5.483672e-02  6.038201e-02  2.033272e-02  1.417129e-02  5.560690e-02  4.698090e-02  1.578866e-01  3.820086e-02  2.541590e-02  1.000000e-50  4.158965e-02  4.297597e-02  4.220579e-02  5.591497e-02  6.885397e-02  2.449168e-02  4.451633e-02 
1.000000e-50  1.000000e-50  1.000000e-50  1.000000e-50  1.000000e-50  1.000000e-50  1.000000e-50  1.000000e-50  1.000000e-50  1.000000e-50  1.000000e-50  1.000000e-50  1.000000e+00  1.000000e-50  1.000000e-50  1.000000e-50  1.000000e-50  1.000000e-50  1.000000e-50  1.000000e-50 
1.000000e-50  1.000000e-50  1.750940e-01  5.432511e-03  1.000000e-50  6.978688e-02  1.379022e-02  1.000000e-50  2.925198e-03  4.178855e-03  1.000000e-50  1.358128e-01  1.000000e-50  9.193481e-03  3.343084e-03  1.884664e-01  3.919766e-01  1.000000e-50  1.000000e-50  1.000000e-50 
9.860306e-02  1.119190e-02  2.769382e-02  7.425864e-02  6.813169e-02  2.279226e-02  2.450780e-02  1.004820e-01  6.372028e-02  1.130627e-01  2.687689e-02  1.609346e-02  1.000000e-50  4.223511e-02  5.555102e-02  3.202353e-02  5.293685e-02  9.843967e-02  1.666531e-02  5.473409e-02 
9.576023e-02  1.169591e-02  8.820663e-02  8.040936e-02  1.876218e-02  2.680312e-02  1.998051e-02  2.704678e-02  8.698830e-02  8.674464e-02  1.145224e-02  2.704678e-02  1.150097e-01  3.484405e-02  5.238791e-02  9.064327e-02  5.628655e-02  3.971735e-02  9.990253e-03  2.022417e-02 
9.708738e-03  4.793689e-02  4.283981e-01  3.519417e-02  1.152913e-02  1.000000e-50  2.366505e-02  1.456311e-02  1.638350e-02  1.274272e-02  6.067961e-03  2.348301e-01  1.000000e-50  1.243932e-02  2.245146e-02  7.463592e-02  8.495146e-03  1.213592e-02  9.708738e-03  1.911408e-02 
3.713331e-02  2.673598e-02  3.007798e-02  6.312662e-02  8.874861e-02  1.448199e-02  4.864463e-02  5.458596e-02  6.869662e-02  9.097661e-02  2.376532e-02  6.312662e-02  1.000000e-50  3.973264e-02  4.715930e-02  5.161530e-02  9.431860e-02  6.646862e-02  1.559599e-02  7.500928e-02 
1.107078e-01  1.000000e-50  4.582577e-02  9.119782e-02  3.720508e-02  1.043557e-02  2.631579e-02  3.402904e-02  8.666062e-02  4.627949e-02  1.225045e-02  2.540835e-02  1.438294e-01  3.856624e-02  6.941924e-02  5.943739e-02  4.264973e-02  7.032668e-02  1.088929e-02  3.856624e-02 
3.047091e-02  1.000000e-50  2.770083e-02  8.310249e-02  6.925208e-02  3.601108e-02  1.000000e-50  1.440443e-01  7.756233e-02  9.141274e-02  1.662050e-02  2.770083e-02  1.000000e-50  6.094183e-02  3.324100e-02  2.493075e-02  1.024931e-01  1.745152e-01  1.000000e-50  1.000000e-50 
5.574468e-02  1.446809e-02  1.136170e-01  4.808511e-02  2.212766e-02  8.510638e-02  3.489362e-02  1.000000e-50  1.123404e-01  3.617021e-02  2.085106e-02  2.365957e-01  1.000000e-50  5.106383e-02  6.723404e-02  4.340426e-02  3.404255e-03  5.957447e-03  1.659574e-02  3.234043e-02 
9.143774e-02  1.022659e-02  4.271105e-02  7.860437e-02  3.489072e-02  4.371366e-02  2.546621e-02  5.494285e-02  4.892721e-02  9.223982e-02  2.326048e-02  3.208342e-02  1.255264e-01  3.208342e-02  4.491678e-02  5.434129e-02  3.829958e-02  6.176058e-02  2.867455e-02  3.589332e-02 
6.297057e-02  1.026694e-02  5.681040e-02  4.859685e-02  2.532512e-02  2.190281e-02  2.464066e-02  9.514031e-02  5.681040e-02  1.437372e-01  2.190281e-02  3.148528e-02  2.258727e-02  3.148528e-02  4.585900e-02  6.023272e-02  6.913073e-02  1.444216e-01  9.582478e-03  1.711157e-02 
9.305026e-02  2.703599e-02  4.544701e-02  6.037485e-02  5.805275e-02  4.312490e-02  4.395422e-02  8.956709e-03  5.324266e-02  2.487975e-02  1.990380e-02  4.494941e-02  1.000000e-50  3.682203e-02  5.954553e-02  1.603914e-01  1.038315e-01  4.345663e-02  1.724996e-02  5.573064e-02 
5.623964e-02  1.385271e-02  1.404215e-01  6.606678e-02  4.629410e-02  5.162207e-02  3.208619e-02  1.479991e-02  5.316126e-02  8.607625e-02  1.870708e-02  9.495619e-02  5.801563e-03  4.960928e-02  4.570211e-02  7.897229e-02  7.044755e-02  1.610230e-02  1.775989e-02  4.132134e-02 
3.397528e-02  1.833319e-02  9.082499e-03  5.970902e-02  5.230847e-02  1.000000e-50  2.649062e-02  1.304348e-01  8.670423e-02  1.108401e-01  2.152889e-02  2.371542e-02  1.000000e-50  5.508368e-02  5.928854e-02  2.169708e-02  7.366916e-02  1.569254e-01  1.656715e-02  4.364646e-02 
1.193560e-01  2.239082e-02  7.050333e-02  5.773501e-02  9.992598e-03  5.477424e-02  3.589933e-02  1.000000e-50  5.680977e-02  5.014804e-02  1.387861e-02  3.293856e-02  9.067358e-02  3.275352e-02  5.625463e-02  2.166913e-01  6.162102e-02  1.000000e-50  5.366395e-03  1.221318e-02 
9.443367e-02  1.883135e-02  3.461645e-02  8.418721e-02  5.150928e-02  4.680144e-02  2.409305e-02  8.197175e-02  6.064802e-02  1.456660e-01  2.049294e-02  1.689283e-02  5.538632e-03  4.513985e-02  5.898643e-02  3.267793e-02  3.267793e-02  8.640266e-02  1.523124e-02  4.320133e-02 


#DOUBLE_60x3_DISCRETE_SS_EMISSION
6.260535e-03  1.000000e-50  9.937395e-01 
7.142857e-02  1.000000e-50  9.285714e-01 
1.000000e-50  1.000000e-50  1.000000e+00 
1.204819e-03  1.000000e-50  9.987952e-01 
1.000000e+00  1.000000e-50  1.000000e-50 
1.000000e+00  1.000000e-50  1.000000e-50 
1.000000e-50  3.974515e-01  6.025485e-01 
1.000000e+00  1.000000e-50  1.000000e-50 
1.000000e-50  1.000000e+00  1.000000e-50 
1.000000e-50  1.000000e-50  1.000000e+00 
1.000000e-50  1.000000e-50  1.000000e+00 
1.000000e+00  1.000000e-50  1.000000e-50 
1.000000e-50  1.000000e-50  1.000000e+00 
1.000000e-50  1.000000e-50  1.000000e+00 
8.582218e-04  9.869550e-01  1.218675e-02 
9.997280e-01  1.000000e-50  2.719608e-04 
1.000000e+00  1.000000e-50  1.000000e-50 
1.000000e-50  2.536716e-02  9.746328e-01 
1.000000e-50  1.000000e+00  1.000000e-50 
3.636364e-02  9.090909e-03  9.545455e-01 
1.000000e+00  1.000000e-50  1.000000e-50 
2.015915e-01  1.000000e-50  7.984085e-01 
1.000000e-50  1.000000e+00  1.000000e-50 
1.000000e-50  1.000000e-50  1.000000e+00 
5.886681e-03  1.000000e-50  9.941133e-01 
1.000000e-50  1.000000e-50  1.000000e+00 
1.000000e-50  1.000000e-50  1.000000e+00 
7.263923e-03  1.259080e-01  8.668281e-01 
1.000000e-50  4.181476e-04  9.995819e-01 
1.000000e-50  1.629992e-02  9.837001e-01 
1.000000e-50  1.000000e+00  1.000000e-50 
8.474576e-03  1.271186e-02  9.788136e-01 
9.941176e-01  1.000000e-50  5.882353e-03 
2.197802e-02  1.000000e-50  9.780220e-01 
1.000000e-50  1.000000e+00  1.000000e-50 
1.000000e+00  1.000000e-50  1.000000e-50 
1.000000e-50  5.966911e-03  9.940331e-01 
1.000000e-50  1.000000e+00  1.000000e-50 
1.000000e-50  2.049780e-02  9.795022e-01 
6.448413e-02  1.984127e-02  9.156746e-01 
1.000000e-50  4.881974e-02  9.511803e-01 
1.000000e+00  1.000000e-50  1.000000e-50 
1.000000e-50  1.000000e-50  1.000000e+00 
1.000000e-50  1.000000e-50  1.000000e+00 
1.000000e-50  1.000000e-50  1.000000e+00 
1.000000e-50  1.000000e-50  1.000000e+00 
1.000000e+00  1.000000e-50  1.000000e-50 
1.000000e-50  1.000000e-50  1.000000e+00 
1.000000e-50  1.000000e-50  1.000000e+00 
1.000000e+00  1.000000e-50  1.000000e-50 
1.000000e-50  1.000000e-50  1.000000e+00 
4.494382e-02  1.000000e-50  9.550562e-01 
1.000000e-50  1.000000e-50  1.000000e+00 
1.000000e+00  1.000000e-50  1.000000e-50 
1.000000e-50  9.773973e-01  2.260274e-02 
1.000000e-50  1.000000e-50  1.000000e+00 
1.000000e-50  1.063453e-03  9.989365e-01 
1.000000e-50  1.000000e-50  1.000000e+00 
9.250694e-04  1.000000e-50  9.990749e-01 
1.000000e+00  1.000000e-50  1.000000e-50 


#DOUBLE_60x2_DISCRETE_CIS_EMISSION
1.000000e+00  1.000000e-50 
1.000000e+00  1.000000e-50 
1.000000e+00  1.000000e-50 
9.831461e-01  1.685393e-02 
1.000000e+00  1.000000e-50 
1.000000e+00  1.000000e-50 
1.000000e+00  1.000000e-50 
1.000000e+00  1.000000e-50 
1.000000e+00  1.000000e-50 
1.000000e+00  1.000000e-50 
1.000000e+00  1.000000e-50 
1.000000e+00  1.000000e-50 
9.956549e-01  4.345127e-03 
1.000000e+00  1.000000e-50 
1.000000e+00  1.000000e-50 
1.000000e+00  1.000000e-50 
1.000000e+00  1.000000e-50 
1.000000e+00  1.000000e-50 
1.000000e+00  1.000000e-50 
1.000000e+00  1.000000e-50 
1.000000e+00  1.000000e-50 
1.000000e+00  1.000000e-50 
1.000000e+00  1.000000e-50 
1.000000e+00  1.000000e-50 
1.000000e+00  1.000000e-50 
1.000000e+00  1.000000e-50 
1.000000e+00  1.000000e-50 
1.000000e+00  1.000000e-50 
1.000000e+00  1.000000e-50 
1.000000e+00  1.000000e-50 
1.000000e+00  1.000000e-50 
1.000000e+00  1.000000e-50 
1.000000e+00  1.000000e-50 
1.000000e+00  1.000000e-50 
1.000000e+00  1.000000e-50 
1.000000e+00  1.000000e-50 
9.561764e-01  4.382361e-02 
9.962142e-01  3.785830e-03 
1.000000e+00  1.000000e-50 
1.000000e+00  1.000000e-50 
1.000000e+00  1.000000e-50 
1.000000e+00  1.000000e-50 
1.000000e+00  1.000000e-50 
1.000000e+00  1.000000e-50 
7.087600e-01  2.912400e-01 
9.991607e-01  8.392782e-04 
1.000000e+00  1.000000e-50 
1.000000e+00  1.000000e-50 
1.000000e+00  1.000000e-50 
1.000000e+00  1.000000e-50 
1.000000e+00  1.000000e-50 
1.000000e+00  1.000000e-50 
1.000000e+00  1.000000e-50 
1.000000e+00  1.000000e-50 
9.945205e-01  5.479452e-03 
9.983545e-01  1.645549e-03 
1.000000e+00  1.000000e-50 
1.000000e+00  1.000000e-50 
9.979709e-01  2.029146e-03 
1.000000e+00  1.000000e-50 


#DOUBLE_60x3_TORUS_TORUS_KAPPA
1.190139e+01  7.914487e+00  2.314743e+00 
8.366776e+00  6.812340e+00  2.158870e+00 
3.562565e+01  6.239661e+01  1.366340e+01 
6.316021e+01  3.513131e+01  1.394108e+01 
5.623287e+01  3.654921e+01  6.349813e+00 
8.359103e+01  9.170957e+01  3.514742e+01 
3.821421e+00  7.291339e+00  4.610524e-01 
6.759545e+01  5.140434e+01  1.937073e+01 
8.980254e+00  1.484620e+01  -1.021614e+01 
1.100978e+02  7.610706e+01  3.200528e+01 
2.628906e+01  1.868239e+01  7.192925e+00 
6.330117e+01  6.198549e+01  2.141833e+01 
1.373646e+02  8.600288e+01  4.145060e+01 
1.257648e+01  1.044070e+01  3.028121e+00 
9.499981e+00  6.754574e+00  1.146931e+00 
2.855682e+02  1.680827e+02  8.116877e+01 
1.919606e+02  1.853141e+02  6.593706e+01 
1.813899e+01  2.631839e+00  1.247187e-03 
2.794600e+01  3.736676e+01  1.036014e+01 
3.834008e+01  3.423336e+01  1.440953e+00 
3.405606e+02  2.598497e+02  1.126980e+02 
6.986039e+00  1.131484e+01  1.506098e+00 
2.479796e+01  2.176472e+01  6.016165e+00 
5.023101e+00  4.819672e+00  4.465843e-01 
1.083400e+02  1.094350e+02  4.368618e+01 
7.834659e+01  6.083303e+01  2.424294e+01 
1.660801e+01  3.749947e+01  2.157337e+00 
8.545618e+01  4.721495e+01  2.065255e+01 
2.464216e+02  1.547303e+02  7.875385e+01 
1.030854e+02  8.490160e+01  3.808941e+01 
2.530575e+01  1.896572e+01  4.052726e+00 
8.189287e+01  1.414961e+01  3.525601e+00 
6.959372e+01  3.543419e+01  1.630244e+01 
2.852458e+01  1.065562e+01  3.467707e+00 
2.919187e+01  4.083882e+01  3.696599e+00 
4.723176e+02  4.125555e+02  1.697502e+02 
8.728903e+00  2.986436e+00  -4.813307e-01 
3.119015e+01  2.385595e+01  4.215668e+00 
2.118198e+00  1.983868e+00  -2.529320e-01 
4.346279e+01  2.744483e+01  1.403108e+01 
1.701562e+01  1.448698e+01  4.931662e+00 
2.764932e+02  2.217577e+02  8.323065e+01 
9.791420e+01  9.303263e+01  3.569060e+01 
3.529756e+01  3.179156e+01  7.576617e+00 
4.627063e+01  2.152446e+01  6.391221e+00 
6.148703e+00  2.365533e+01  1.222879e+00 
4.692294e+02  3.992229e+02  1.583203e+02 
7.648260e+01  5.267932e+01  2.326891e+01 
2.371234e+00  1.339507e+01  -4.865384e+00 
2.026052e+01  1.969054e+01  6.104806e+00 
8.330916e+01  7.173122e+01  1.211999e+01 
6.392788e+00  1.007119e+01  -1.615793e+00 
1.483694e+02  7.409927e+01  3.985711e+01 
1.041435e+02  8.538938e+01  3.523906e+01 
1.346051e+01  1.290781e+01  2.996740e+00 
1.383242e+01  1.226235e+01  1.255531e+00 
6.055102e+01  5.666710e+01  2.316932e+01 
9.785578e+00  1.014080e+01  1.539655e+00 
5.122583e+01  3.703491e+01  1.303268e+01 
6.989081e+01  7.487899e+01  1.539859e+01 


#DOUBLE_60x2_TORUS_TORUS_MU
-2.215083e+00  9.773965e-01 
-2.933396e+00  -9.132424e-01 
1.650445e+00  1.141353e-01 
-1.258844e+00  -1.963711e-01 
-1.302134e+00  -6.018564e-01 
-1.434647e+00  -2.759515e-01 
2.414950e+00  -2.988087e+00 
-1.005830e+00  -5.570533e-01 
-1.634197e+00  2.069190e+00 
-1.098610e+00  2.563526e+00 
-1.896864e+00  -1.585602e-01 
-1.283350e+00  -8.481044e-01 
-9.969767e-01  -5.348074e-01 
1.767893e+00  -1.090963e-01 
-2.009513e+00  2.236750e+00 
-1.096416e+00  -5.332714e-01 
-1.123190e+00  -5.884964e-01 
1.302696e+00  -4.154325e-01 
-1.954602e+00  2.574677e+00 
1.021337e+00  -2.221925e+00 
-9.998175e-01  -7.065597e-01 
-1.222216e+00  -7.793504e-01 
-2.830964e+00  2.933299e+00 
-1.607716e+00  -5.945360e-01 
-1.554263e+00  7.615885e-02 
1.328384e+00  3.790584e-01 
-1.226092e+00  -7.961157e-01 
9.252057e-01  7.801314e-01 
-1.111886e+00  -3.715165e-01 
1.353165e+00  6.945386e-02 
-2.474303e+00  2.578706e+00 
-1.461641e+00  1.223911e+00 
-1.186623e+00  -2.932784e-01 
9.928238e-01  7.758418e-01 
-2.050670e+00  2.231877e+00 
-1.088230e+00  -7.185909e-01 
-1.311458e+00  2.174583e+00 
-1.286867e+00  2.465956e+00 
1.540747e+00  2.162893e+00 
1.395326e+00  -3.033405e+00 
-1.653568e+00  -2.988372e+00 
-1.224319e+00  -7.269097e-01 
1.598683e+00  -1.692832e-01 
-1.256025e+00  2.485665e+00 
-1.263037e+00  2.702035e+00 
-1.947494e+00  2.996727e+00 
-1.122275e+00  -7.925040e-01 
-1.253925e+00  -5.213132e-01 
-1.618231e+00  1.986277e+00 
-1.714612e+00  -4.055358e-01 
-9.915456e-01  2.299684e+00 
-1.747825e+00  -9.045292e-01 
1.005582e+00  6.415714e-01 
-1.009738e+00  -6.495710e-01 
-1.652509e+00  -5.079651e-01 
-2.555951e+00  2.719818e+00 
-1.629798e+00  2.133343e-02 
-1.869630e+00  2.380085e+00 
-1.239283e+00  2.673524e+00 
-9.832158e-01  -9.041859e-01 


