#DOUBLE_1x50_DISCRETE_HIDDEN_START
4.143646e-02  1.000000e-50  2.486188e-02  1.000000e-50  1.000000e-50  1.000000e-50  1.000000e-50  6.629834e-02  1.000000e-50  7.251381e-02  1.000000e-50  1.000000e-50  1.000000e-50  2.417127e-02  1.000000e-50  1.000000e-50  1.000000e-50  6.215470e-03  3.729282e-02  2.071823e-02  8.977901e-03  1.381215e-02  3.798343e-02  3.107735e-02  1.726519e-02  1.312155e-02  1.000000e-50  1.000000e-50  4.143646e-03  1.000000e-50  3.936464e-02  2.831492e-02  1.000000e-50  2.624309e-02  2.002762e-01  2.071823e-02  1.000000e-50  3.314917e-02  1.000000e-50  1.000000e-50  3.591160e-02  1.000000e-50  1.000000e-50  2.693370e-02  8.149171e-02  5.939227e-02  9.668508e-03  1.864641e-02  1.000000e-50  1.000000e-50  

#DOUBLE_50x50_DISCRETE_HIDDEN_TRANSITION
2.607076e-02  1.000000e-50  3.240223e-02  1.000000e-50  1.000000e-50  1.000000e-50  1.000000e-50  6.256983e-02  1.000000e-50  2.458101e-02  3.575419e-02  1.000000e-50  2.569832e-02  4.469274e-03  1.000000e-50  1.000000e-50  1.000000e-50  9.683426e-03  1.000000e-50  5.474860e-02  9.906890e-02  7.560521e-02  2.867784e-02  1.000000e-50  1.005587e-02  3.724395e-03  1.862197e-03  2.085661e-02  1.000000e-50  1.000000e-50  9.310987e-03  1.000000e-50  1.000000e-50  1.042831e-02  1.109870e-01  1.000000e-50  3.724395e-03  3.798883e-02  1.000000e-50  1.000000e-50  2.048417e-02  1.191806e-02  1.000000e-50  3.351955e-02  1.865922e-01  2.011173e-02  1.675978e-02  2.234637e-02  1.000000e-50  1.000000e-50 
7.884972e-02  1.076067e-01  5.194805e-02  1.000000e-50  1.000000e-50  1.000000e-50  1.000000e-50  2.504638e-02  1.000000e-50  1.000000e-50  1.000000e-50  1.000000e-50  1.669759e-02  1.000000e-50  1.000000e-50  1.000000e-50  1.000000e-50  3.710575e-02  3.339518e-02  1.000000e-50  1.000000e-50  2.411874e-02  1.000000e-50  3.803340e-02  1.020408e-02  1.391466e-02  4.730983e-02  1.000000e-50  1.000000e-50  1.000000e-50  3.339518e-02  1.000000e-50  1.000000e-50  5.844156e-02  2.068646e-01  1.000000e-50  1.000000e-50  4.081633e-02  1.000000e-50  1.000000e-50  3.432282e-02  1.762523e-02  1.000000e-50  5.009276e-02  3.525046e-02  1.000000e-50  1.000000e-50  1.000000e-50  2.133581e-02  1.762523e-02 
2.889130e-02  3.394727e-02  3.141928e-02  1.083424e-02  1.263994e-02  1.000000e-50  5.922716e-02  1.000000e-50  1.000000e-50  5.669917e-02  1.372337e-02  1.000000e-50  1.552907e-02  2.780787e-02  1.000000e-50  1.000000e-50  1.000000e-50  5.055977e-03  3.141928e-02  4.261466e-02  1.589021e-02  2.383532e-02  3.430841e-02  1.914048e-02  3.250271e-03  5.778259e-03  1.000000e-50  1.000000e-50  1.000000e-50  1.000000e-50  8.450704e-02  1.769592e-02  1.000000e-50  1.300108e-02  1.119538e-01  1.000000e-50  1.000000e-50  9.209101e-02  1.000000e-50  1.000000e-50  3.719754e-02  2.166847e-02  1.000000e-50  1.877934e-02  9.172987e-02  1.000000e-50  1.047309e-02  1.769592e-02  1.000000e-50  1.119538e-02 
1.000000e-50  1.000000e-50  1.000000e-50  6.804853e-02  2.653185e-01  2.730030e-03  1.000000e-50  1.000000e-50  1.000000e-50  1.000000e-50  1.000000e-50  4.823054e-02  8.291203e-03  1.000000e-50  1.735086e-01  1.983822e-01  3.316481e-02  1.000000e-50  1.000000e-50  1.000000e-50  1.000000e-50  1.000000e-50  1.000000e-50  1.000000e-50  1.000000e-50  1.000000e-50  1.000000e-50  1.000000e-50  1.984833e-01  1.000000e-50  1.000000e-50  1.000000e-50  1.000000e-50  1.000000e-50  1.000000e-50  3.842265e-03  1.000000e-50  1.000000e-50  1.000000e-50  1.000000e-50  1.000000e-50  1.000000e-50  1.000000e-50  1.000000e-50  1.000000e-50  1.000000e-50  1.000000e-50  1.000000e-50  1.000000e-50  1.000000e-50 
3.115265e-03  1.000000e-50  1.000000e-50  1.000000e-50  3.522775e-01  1.000000e-50  1.000000e-50  1.000000e-50  1.000000e-50  1.000000e-50  1.000000e-50  9.413151e-02  1.000000e-50  1.000000e-50  4.007746e-02  3.570767e-01  1.000000e-50  1.000000e-50  1.000000e-50  1.000000e-50  1.000000e-50  1.000000e-50  1.000000e-50  1.000000e-50  1.000000e-50  1.000000e-50  1.000000e-50  1.000000e-50  1.533215e-01  1.000000e-50  1.000000e-50  1.000000e-50  1.000000e-50  1.000000e-50  1.000000e-50  1.000000e-50  1.000000e-50  1.000000e-50  1.000000e-50  1.000000e-50  1.000000e-50  1.000000e-50  1.000000e-50  1.000000e-50  1.000000e-50  1.000000e-50  1.000000e-50  1.000000e-50  1.000000e-50  1.000000e-50 
2.161463e-02  1.000000e-50  2.586366e-02  1.000000e-50  1.459449e-02  2.909662e-01  1.000000e-50  1.293183e-03  1.000000e-50  5.782376e-02  3.694809e-02  2.623314e-02  1.847404e-03  1.000000e-50  2.290781e-02  2.955847e-03  1.000000e-50  1.939775e-02  1.588768e-02  1.514872e-02  1.000000e-50  1.000000e-50  1.000000e-50  1.000000e-50  1.000000e-50  3.768705e-02  1.902827e-02  1.000000e-50  1.000000e-50  1.000000e-50  1.000000e-50  1.865878e-02  4.544615e-02  3.491594e-02  7.352669e-02  1.477924e-02  1.000000e-50  4.249030e-03  4.692407e-02  1.000000e-50  7.574358e-03  3.805653e-02  7.943839e-03  1.108443e-02  1.000000e-50  4.249030e-03  2.142989e-02  6.096435e-02  1.000000e-50  1.000000e-50 
6.239889e-03  1.000000e-50  2.542177e-02  1.000000e-50  1.000000e-50  1.000000e-50  1.199445e-01  1.000000e-50  6.563439e-02  3.004391e-03  1.000000e-50  1.000000e-50  7.395424e-03  1.548417e-02  1.000000e-50  1.000000e-50  1.000000e-50  1.000000e-50  7.395424e-03  1.000000e-50  1.000000e-50  3.466605e-03  6.008782e-03  1.594638e-02  1.000000e-50  9.706494e-03  1.000000e-50  2.773284e-03  1.000000e-50  1.000000e-50  2.801017e-01  1.000000e-50  1.000000e-50  1.000000e-50  2.172406e-02  1.000000e-50  6.933210e-03  4.437254e-02  1.000000e-50  1.000000e-50  1.317310e-02  1.000000e-50  1.848856e-03  5.315461e-03  5.546568e-03  2.727063e-01  9.937601e-03  1.000000e-50  4.460365e-02  5.315461e-03 
1.000000e-50  1.000000e-50  1.000000e-50  1.000000e-50  6.414419e-01  1.000000e-50  1.000000e-50  1.151624e-01  1.000000e-50  1.000000e-50  1.000000e-50  6.122730e-02  1.000000e-50  1.000000e-50  6.342873e-02  7.361035e-02  1.000000e-50  1.000000e-50  1.000000e-50  1.000000e-50  1.000000e-50  1.000000e-50  1.000000e-50  1.000000e-50  1.000000e-50  1.000000e-50  1.000000e-50  1.000000e-50  4.402862e-02  1.000000e-50  1.000000e-50  1.000000e-50  1.000000e-50  1.000000e-50  1.000000e-50  1.000000e-50  1.000000e-50  1.000000e-50  1.000000e-50  1.000000e-50  1.000000e-50  1.000000e-50  1.000000e-50  1.000000e-50  1.000000e-50  1.000000e-50  1.000000e-50  1.100715e-03  1.000000e-50  1.000000e-50 
1.000000e-50  1.000000e-50  1.000000e-50  1.000000e-50  1.000000e-50  1.000000e-50  3.471772e-02  3.114860e-02  1.000000e-50  6.943543e-02  1.181051e-01  1.000000e-50  3.569111e-02  1.000000e-50  1.000000e-50  1.000000e-50  1.000000e-50  1.000000e-50  5.807917e-02  1.000000e-50  7.787151e-03  1.000000e-50  2.530824e-02  7.332901e-02  5.515899e-03  1.000000e-50  1.000000e-50  1.000000e-50  1.000000e-50  1.000000e-50  1.000000e-50  3.341986e-02  1.000000e-50  1.000000e-50  1.859182e-01  4.574951e-02  1.817002e-02  1.000000e-50  6.164828e-03  1.000000e-50  3.926022e-02  6.554186e-02  3.244646e-03  2.822842e-02  1.000000e-50  1.000000e-50  1.000000e-50  1.719663e-02  9.798832e-02  1.000000e-50 
2.431754e-02  1.000000e-50  1.474741e-02  1.000000e-50  1.000000e-50  1.000000e-50  1.000000e-50  1.255099e-02  1.000000e-50  1.000000e-50  3.765297e-02  1.000000e-50  1.000000e-50  1.804205e-02  1.000000e-50  1.000000e-50  1.000000e-50  2.400377e-02  3.686853e-02  1.000000e-50  3.122058e-02  3.796674e-02  2.996548e-02  7.216818e-02  1.000000e-50  4.267336e-02  1.000000e-50  1.000000e-50  1.000000e-50  1.000000e-50  4.612488e-02  3.467211e-02  1.000000e-50  1.000000e-50  1.300596e-01  1.000000e-50  1.000000e-50  4.345780e-02  1.000000e-50  1.000000e-50  4.486978e-02  1.000000e-50  9.679950e-02  2.212112e-02  1.368058e-01  5.114528e-02  3.294634e-03  8.471917e-03  1.000000e-50  1.000000e-50 
1.367729e-02  4.068560e-02  3.583795e-02  1.000000e-50  1.000000e-50  1.000000e-50  1.000000e-50  3.341413e-02  1.000000e-50  8.985457e-02  3.306787e-02  6.578947e-03  1.990997e-02  1.662050e-02  1.000000e-50  1.000000e-50  1.000000e-50  3.150970e-02  3.635734e-02  2.666205e-02  2.250693e-03  1.000000e-50  8.396814e-02  1.090720e-02  1.000000e-50  5.488227e-02  4.501385e-03  1.000000e-50  1.000000e-50  1.000000e-50  1.000000e-50  2.977839e-02  2.060249e-02  1.644737e-02  1.412742e-01  1.575485e-02  1.000000e-50  1.159972e-02  1.090720e-02  1.000000e-50  2.683518e-02  5.315097e-02  2.700831e-02  1.644737e-02  1.000000e-50  2.060249e-02  2.198753e-02  4.691828e-02  1.000000e-50  1.000000e-50 
1.000000e-50  1.000000e-50  1.000000e-50  1.212668e-01  1.000000e-50  1.403087e-01  1.000000e-50  1.521347e-01  1.000000e-50  1.000000e-50  1.000000e-50  1.000000e-50  1.000000e-50  1.000000e-50  2.174785e-01  3.207056e-03  1.000000e-50  1.000000e-50  1.000000e-50  1.000000e-50  1.000000e-50  1.000000e-50  1.000000e-50  1.000000e-50  1.000000e-50  1.000000e-50  1.000000e-50  1.000000e-50  1.000000e-50  1.000000e-50  1.000000e-50  1.000000e-50  1.000000e-50  1.000000e-50  1.000000e-50  1.000000e-50  1.000000e-50  1.000000e-50  1.000000e-50  1.000000e-50  1.000000e-50  1.000000e-50  1.000000e-50  8.017639e-03  1.000000e-50  1.000000e-50  1.000000e-50  3.573862e-01  2.004410e-04  1.000000e-50 
1.000000e-50  1.000000e-50  1.000000e-50  1.000000e-50  1.000000e-50  1.000000e-50  1.000000e-50  1.000000e-50  1.000000e-50  1.000000e-50  4.820308e-02  1.000000e-50  1.109527e-01  1.000000e-50  1.000000e-50  1.000000e-50  1.000000e-50  1.140901e-02  1.000000e-50  1.000000e-50  1.000000e-50  1.000000e-50  1.000000e-50  1.000000e-50  6.762693e-01  1.000000e-50  1.000000e-50  1.000000e-50  1.000000e-50  1.000000e-50  1.000000e-50  1.000000e-50  1.000000e-50  1.000000e-50  1.000000e-50  9.526526e-02  1.000000e-50  1.000000e-50  1.000000e-50  1.000000e-50  1.000000e-50  8.841985e-03  1.000000e-50  1.000000e-50  1.000000e-50  1.000000e-50  4.563605e-03  2.538505e-02  1.000000e-50  1.911010e-02 
3.459287e-02  1.000000e-50  4.523683e-02  1.000000e-50  1.000000e-50  1.000000e-50  3.139968e-02  2.022352e-02  1.000000e-50  1.000000e-50  3.672166e-02  1.000000e-50  8.515168e-03  4.789782e-02  1.000000e-50  6.386376e-03  1.000000e-50  5.268760e-02  1.048430e-01  1.000000e-50  1.000000e-50  1.000000e-50  1.149548e-01  5.854178e-02  1.915913e-02  2.501330e-02  1.000000e-50  1.000000e-50  1.000000e-50  1.000000e-50  1.000000e-50  3.406067e-02  1.000000e-50  1.000000e-50  1.548696e-01  2.980309e-02  1.000000e-50  1.383715e-02  1.000000e-50  1.000000e-50  7.025013e-02  1.000000e-50  1.000000e-50  1.330495e-02  1.000000e-50  6.439596e-02  1.000000e-50  1.000000e-50  1.330495e-02  1.000000e-50 
1.000000e-50  3.167747e-03  8.639309e-04  1.000000e-50  1.000000e-50  3.981281e-01  1.000000e-50  1.000000e-50  1.000000e-50  4.463643e-03  1.000000e-50  1.601152e-01  3.815695e-02  1.000000e-50  5.989921e-02  1.000000e-50  1.851692e-01  7.487401e-03  1.000000e-50  1.000000e-50  1.000000e-50  1.000000e-50  1.000000e-50  1.000000e-50  7.285817e-02  3.599712e-03  1.000000e-50  1.000000e-50  1.000000e-50  1.000000e-50  1.000000e-50  4.319654e-04  5.759539e-03  1.000000e-50  1.000000e-50  4.521238e-02  1.000000e-50  1.000000e-50  9.359251e-03  1.000000e-50  1.000000e-50  1.000000e-50  1.000000e-50  5.327574e-03  1.000000e-50  1.000000e-50  1.000000e-50  1.000000e-50  1.000000e-50  1.000000e-50 
1.000000e-50  1.000000e-50  1.036758e-03  8.097078e-01  1.000000e-50  1.000000e-50  1.000000e-50  1.000000e-50  1.000000e-50  1.000000e-50  1.000000e-50  7.728558e-03  1.000000e-50  1.000000e-50  1.094251e-01  3.836004e-02  1.000000e-50  1.000000e-50  1.000000e-50  1.000000e-50  1.000000e-50  1.000000e-50  1.000000e-50  1.000000e-50  1.000000e-50  1.000000e-50  1.000000e-50  1.000000e-50  3.100848e-02  1.000000e-50  1.000000e-50  1.000000e-50  1.000000e-50  1.000000e-50  1.000000e-50  2.450518e-03  1.000000e-50  1.000000e-50  1.000000e-50  1.000000e-50  1.000000e-50  1.000000e-50  2.827521e-04  1.000000e-50  1.000000e-50  1.000000e-50  1.000000e-50  1.000000e-50  1.000000e-50  1.000000e-50 
1.000000e-50  1.540284e-02  1.000000e-50  1.000000e-50  1.000000e-50  1.000000e-50  1.000000e-50  1.303318e-02  1.000000e-50  5.035545e-02  4.443128e-02  1.000000e-50  8.886256e-03  1.000000e-50  1.000000e-50  1.000000e-50  1.000000e-50  5.331754e-02  1.481043e-02  1.000000e-50  5.331754e-03  1.000000e-50  1.000000e-50  1.000000e-50  1.000000e-50  3.252370e-01  1.000000e-50  1.362559e-02  1.000000e-50  1.000000e-50  1.000000e-50  3.554502e-02  4.040284e-01  1.000000e-50  1.000000e-50  1.000000e-50  1.000000e-50  1.000000e-50  1.007109e-02  1.000000e-50  1.000000e-50  1.000000e-50  1.000000e-50  1.000000e-50  1.000000e-50  1.000000e-50  1.000000e-50  5.924171e-03  1.000000e-50  1.000000e-50 
1.000000e-50  1.000000e-50  2.815934e-02  1.000000e-50  4.601648e-02  1.000000e-50  1.000000e-50  1.000000e-50  1.000000e-50  1.868132e-01  7.280220e-02  1.000000e-50  1.000000e-50  1.000000e-50  1.000000e-50  1.000000e-50  1.000000e-50  1.000000e-50  3.640110e-02  2.678571e-02  5.494505e-03  1.000000e-50  7.005495e-02  3.571429e-02  1.000000e-50  1.000000e-50  1.854396e-02  1.000000e-50  1.000000e-50  1.000000e-50  1.579670e-02  1.785714e-02  1.304945e-02  3.365385e-02  2.094780e-01  1.167582e-02  1.000000e-50  3.571429e-02  1.000000e-50  1.000000e-50  3.021978e-02  1.000000e-50  1.304945e-02  2.609890e-02  1.000000e-50  2.678571e-02  1.785714e-02  1.854396e-02  1.000000e-50  3.434066e-03 
1.875154e-02  1.000000e-50  1.505058e-02  1.000000e-50  1.000000e-50  1.000000e-50  1.184308e-02  2.501850e-01  1.000000e-50  8.068098e-02  1.406366e-02  8.635579e-03  7.056501e-02  1.998520e-02  1.000000e-50  1.000000e-50  1.000000e-50  1.000000e-50  1.776462e-02  1.000000e-50  5.502097e-02  1.258327e-02  2.368616e-02  3.256847e-02  2.738712e-02  1.455712e-02  1.776462e-02  1.000000e-50  2.960770e-02  1.000000e-50  2.417962e-02  3.454231e-03  1.000000e-50  1.000000e-50  3.997039e-02  3.281520e-02  1.000000e-50  5.921540e-03  1.000000e-50  1.000000e-50  1.505058e-02  4.663212e-02  4.441155e-03  6.168270e-03  4.638539e-02  3.577597e-02  1.727116e-03  1.677770e-02  1.000000e-50  1.000000e-50 
1.000000e-50  1.000000e-50  7.983411e-02  1.000000e-50  1.000000e-50  1.000000e-50  1.000000e-50  1.000000e-50  1.000000e-50  2.229134e-02  4.043546e-02  1.000000e-50  1.000000e-50  1.347849e-01  1.000000e-50  1.000000e-50  1.000000e-50  1.000000e-50  1.918092e-02  2.177294e-01  1.000000e-50  1.244168e-02  6.531882e-02  2.125454e-02  1.000000e-50  2.073613e-02  1.000000e-50  1.000000e-50  1.000000e-50  1.000000e-50  4.147227e-03  1.555210e-02  1.000000e-50  1.000000e-50  9.901503e-02  3.369622e-02  1.000000e-50  1.000000e-50  1.000000e-50  1.000000e-50  1.000000e-50  2.643857e-02  1.000000e-50  7.516848e-02  1.000000e-50  1.000000e-50  2.332815e-02  7.983411e-02  8.812856e-03  1.000000e-50 
9.474931e-03  1.000000e-50  1.000000e-50  1.000000e-50  1.000000e-50  1.000000e-50  1.000000e-50  1.000000e-50  1.000000e-50  1.000000e-50  1.000000e-50  1.000000e-50  2.064745e-01  1.000000e-50  1.000000e-50  1.000000e-50  1.000000e-50  1.000000e-50  1.000000e-50  1.000000e-50  1.000000e-50  1.000000e-50  1.000000e-50  1.000000e-50  4.547967e-01  1.000000e-50  9.474931e-02  1.000000e-50  1.000000e-50  1.000000e-50  1.000000e-50  1.000000e-50  1.000000e-50  1.000000e-50  1.000000e-50  2.230557e-01  1.000000e-50  1.000000e-50  1.000000e-50  1.000000e-50  1.000000e-50  1.000000e-50  1.000000e-50  1.000000e-50  1.000000e-50  1.000000e-50  1.000000e-50  1.144887e-02  1.000000e-50  1.000000e-50 
1.557632e-02  1.000000e-50  3.348910e-02  1.000000e-50  1.000000e-50  1.000000e-50  1.000000e-50  2.803738e-02  1.000000e-50  5.062305e-02  1.308411e-01  1.000000e-50  1.000000e-50  4.283489e-02  1.000000e-50  1.000000e-50  1.557632e-03  1.246106e-02  2.570093e-02  1.000000e-50  1.000000e-50  1.000000e-50  9.657321e-02  4.595016e-02  7.009346e-03  2.414330e-02  4.595016e-02  1.000000e-50  1.000000e-50  1.000000e-50  2.803738e-02  3.894081e-02  1.000000e-50  2.492212e-02  1.448598e-01  2.647975e-02  1.000000e-50  1.000000e-50  1.869159e-02  1.000000e-50  5.763240e-02  2.725857e-02  1.000000e-50  2.647975e-02  1.000000e-50  2.725857e-02  1.869159e-02  1.000000e-50  1.000000e-50  1.000000e-50 
4.095720e-02  6.672803e-03  3.037276e-02  1.000000e-50  1.000000e-50  1.000000e-50  1.288541e-02  2.070870e-03  1.000000e-50  8.421537e-02  9.664059e-03  1.000000e-50  1.000000e-50  1.288541e-02  1.000000e-50  1.000000e-50  1.000000e-50  1.000000e-50  1.000000e-50  1.311551e-02  1.932812e-02  2.139899e-02  3.727566e-02  5.890474e-02  1.000000e-50  1.587667e-02  1.000000e-50  1.000000e-50  1.000000e-50  1.000000e-50  4.993097e-02  5.292223e-02  1.000000e-50  1.000000e-50  1.974229e-01  1.000000e-50  1.000000e-50  2.646111e-02  1.000000e-50  1.000000e-50  4.394846e-02  1.127474e-02  7.132996e-03  2.462034e-02  1.346065e-01  3.451450e-02  2.508053e-02  1.000000e-50  1.000000e-50  2.646111e-02 
6.018642e-02  1.000000e-50  1.757656e-02  1.000000e-50  1.000000e-50  1.000000e-50  6.764314e-02  1.000000e-50  1.000000e-50  1.731025e-02  1.000000e-50  1.000000e-50  1.000000e-50  5.006658e-02  1.000000e-50  1.000000e-50  1.000000e-50  1.597870e-02  1.000000e-50  1.000000e-50  1.000000e-50  1.000000e-50  1.557923e-01  1.000000e-50  1.000000e-50  2.316911e-02  4.260985e-02  1.000000e-50  1.000000e-50  1.000000e-50  4.873502e-02  5.113182e-02  1.000000e-50  1.000000e-50  1.704394e-01  1.000000e-50  1.000000e-50  6.391478e-03  1.358189e-02  1.000000e-50  1.462051e-01  1.571238e-02  1.000000e-50  1.011984e-02  8.521971e-03  5.379494e-02  1.757656e-02  1.000000e-50  1.000000e-50  7.456724e-03 
1.458060e-02  3.112713e-03  2.555701e-02  1.000000e-50  1.000000e-50  1.000000e-50  1.000000e-50  2.228047e-02  1.000000e-50  1.808650e-01  3.768021e-02  1.000000e-50  1.261468e-02  9.501966e-03  1.000000e-50  1.000000e-50  1.000000e-50  1.605505e-02  3.047182e-02  9.174312e-03  1.000000e-50  1.000000e-50  1.000000e-50  1.507208e-02  8.355177e-03  4.521625e-02  1.000000e-50  1.000000e-50  4.423329e-03  1.000000e-50  2.899738e-02  5.619266e-02  5.209699e-02  8.355177e-03  2.051114e-01  1.000000e-50  1.000000e-50  3.342071e-02  1.769332e-02  1.000000e-50  7.208388e-03  3.817169e-02  3.784404e-02  1.195937e-02  1.000000e-50  1.245085e-02  1.261468e-02  3.047182e-02  1.000000e-50  1.245085e-02 
1.518248e-02  1.051095e-02  1.000000e-50  1.000000e-50  1.000000e-50  1.000000e-50  1.021898e-02  2.861314e-02  1.000000e-50  6.540146e-02  7.766423e-02  4.087591e-03  1.547445e-02  1.051095e-02  1.000000e-50  1.000000e-50  1.000000e-50  1.051095e-02  2.102190e-02  1.000000e-50  4.671533e-03  3.211679e-03  5.167883e-02  3.970803e-02  4.087591e-03  5.459854e-02  1.000000e-50  1.000000e-50  1.000000e-50  1.000000e-50  1.459854e-02  2.627737e-02  1.000000e-50  8.467153e-03  2.183942e-01  5.255474e-03  1.000000e-50  1.197080e-02  1.000000e-50  1.000000e-50  2.277372e-02  1.109489e-02  1.456934e-01  1.810219e-02  3.007299e-02  5.897810e-02  1.167883e-03  1.000000e-50  1.000000e-50  1.000000e-50 
1.065319e-01  1.000000e-50  2.954899e-02  1.000000e-50  1.000000e-50  1.000000e-50  1.000000e-50  1.000000e-50  1.000000e-50  3.188180e-02  3.981337e-01  1.000000e-50  1.000000e-50  1.000000e-50  2.332815e-03  1.000000e-50  7.698289e-02  3.032659e-02  1.000000e-50  1.000000e-50  1.000000e-50  1.000000e-50  1.944012e-02  5.987558e-02  1.000000e-50  1.000000e-50  1.000000e-50  1.000000e-50  1.000000e-50  1.000000e-50  1.000000e-50  1.000000e-50  1.000000e-50  1.000000e-50  1.000000e-50  1.104199e-01  1.000000e-50  1.000000e-50  1.000000e-50  1.000000e-50  1.000000e-50  7.931571e-02  1.000000e-50  5.054432e-02  1.000000e-50  1.000000e-50  4.665630e-03  1.000000e-50  1.000000e-50  1.000000e-50 
1.000000e-50  5.152225e-02  1.000000e-50  1.000000e-50  1.000000e-50  1.000000e-50  1.000000e-50  9.016393e-02  1.000000e-50  1.000000e-50  1.000000e-50  1.000000e-50  1.000000e-50  1.000000e-50  1.000000e-50  1.000000e-50  1.000000e-50  1.000000e-50  1.000000e-50  1.000000e-50  1.000000e-50  1.000000e-50  1.000000e-50  1.000000e-50  1.000000e-50  6.557377e-02  1.000000e-50  1.000000e-50  1.000000e-50  1.000000e-50  1.000000e-50  1.000000e-50  1.000000e-50  1.000000e-50  1.000000e-50  1.000000e-50  1.000000e-50  1.000000e-50  1.000000e-50  1.000000e-50  1.000000e-50  7.142857e-02  7.213115e-01  1.000000e-50  1.000000e-50  1.000000e-50  1.000000e-50  1.000000e-50  1.000000e-50  1.000000e-50 
1.000000e-50  1.000000e-50  1.000000e-50  1.000000e-50  1.967157e-03  1.214506e-02  1.000000e-50  1.000000e-50  1.000000e-50  1.000000e-50  1.000000e-50  1.000000e-50  1.000000e-50  1.000000e-50  8.963394e-02  2.930209e-01  1.000000e-50  1.000000e-50  1.000000e-50  1.000000e-50  1.000000e-50  1.000000e-50  1.000000e-50  1.000000e-50  1.000000e-50  1.000000e-50  1.000000e-50  1.000000e-50  6.032330e-01  1.000000e-50  1.000000e-50  1.000000e-50  1.000000e-50  1.000000e-50  1.000000e-50  1.000000e-50  1.000000e-50  1.000000e-50  1.000000e-50  1.000000e-50  1.000000e-50  1.000000e-50  1.000000e-50  1.000000e-50  1.000000e-50  1.000000e-50  1.000000e-50  1.000000e-50  1.000000e-50  1.000000e-50 
1.000000e-50  1.000000e-50  1.000000e-50  1.000000e-50  1.000000e-50  1.000000e-50  1.000000e-50  1.000000e-50  1.000000e-50  1.000000e-50  1.000000e-50  1.000000e-50  1.000000e-50  1.000000e-50  1.000000e-50  1.000000e-50  1.000000e-50  1.000000e-50  1.000000e-50  1.000000e-50  1.000000e-50  1.000000e-50  1.000000e-50  4.294479e-02  1.000000e-50  1.000000e-50  1.000000e-50  1.000000e-50  1.000000e-50  1.000000e-50  7.975460e-02  1.000000e-50  1.000000e-50  1.000000e-50  1.000000e-50  1.000000e-50  1.000000e-50  7.484663e-01  1.000000e-50  1.000000e-50  1.000000e-50  1.000000e-50  1.000000e-50  1.000000e-50  1.000000e-50  1.288344e-01  1.000000e-50  1.000000e-50  1.000000e-50  1.000000e-50 
3.548158e-03  1.000000e-50  4.967421e-03  1.000000e-50  1.000000e-50  1.000000e-50  1.000000e-50  1.000000e-50  5.638346e-02  1.354751e-03  3.999742e-03  1.000000e-50  1.000000e-50  1.000000e-50  1.000000e-50  1.000000e-50  1.000000e-50  1.000000e-50  1.780530e-02  2.709503e-03  1.000000e-50  1.000000e-50  1.870847e-03  1.000000e-50  1.000000e-50  2.322431e-03  1.000000e-50  1.000000e-50  1.000000e-50  1.000000e-50  4.704213e-01  6.838268e-03  1.225727e-03  1.000000e-50  1.761177e-02  1.000000e-50  1.000000e-50  5.348042e-02  1.000000e-50  1.354751e-03  6.902780e-03  1.000000e-50  1.000000e-50  5.806077e-04  1.741823e-03  2.046965e-01  1.000000e-50  1.000000e-50  1.379266e-01  2.257919e-03 
1.000000e-50  1.000000e-50  6.809670e-03  1.000000e-50  1.000000e-50  1.000000e-50  1.000000e-50  2.577460e-01  1.000000e-50  1.000000e-50  1.144025e-01  5.447736e-03  3.030303e-02  1.000000e-50  1.000000e-50  3.404835e-03  1.000000e-50  9.193054e-03  1.000000e-50  1.000000e-50  2.540007e-01  5.209397e-02  1.021450e-02  1.000000e-50  6.094654e-02  9.533538e-03  1.000000e-50  1.000000e-50  8.852571e-03  1.000000e-50  1.000000e-50  1.000000e-50  1.000000e-50  1.000000e-50  2.723868e-02  8.273749e-02  1.000000e-50  1.000000e-50  2.042901e-03  1.000000e-50  1.000000e-50  1.000000e-50  1.000000e-50  1.000000e-50  1.000000e-50  1.702417e-02  1.000000e-50  4.800817e-02  1.000000e-50  1.000000e-50 
1.554726e-02  4.353234e-03  5.597015e-03  1.000000e-50  1.000000e-50  1.000000e-50  1.000000e-50  1.000000e-50  1.000000e-50  6.965174e-02  6.156716e-02  1.000000e-50  1.803483e-02  4.353234e-03  1.000000e-50  1.000000e-50  1.000000e-50  1.000000e-50  3.109453e-02  1.000000e-50  1.000000e-50  1.000000e-50  2.674129e-02  7.773632e-02  2.425373e-02  1.000000e-50  1.000000e-50  1.000000e-50  4.975124e-03  1.000000e-50  7.462687e-03  1.181592e-02  1.000000e-50  1.000000e-50  5.820896e-01  1.000000e-50  1.000000e-50  1.000000e-50  1.000000e-50  1.000000e-50  1.305970e-02  1.000000e-50  1.000000e-50  2.549751e-02  1.000000e-50  1.616915e-02  1.000000e-50  1.000000e-50  1.000000e-50  1.000000e-50 
1.000000e-50  1.000000e-50  5.921053e-02  1.000000e-50  1.000000e-50  3.101504e-02  3.759398e-03  6.015038e-02  1.000000e-50  4.135338e-02  4.887218e-02  9.398496e-02  1.000000e-50  1.000000e-50  1.315789e-02  1.000000e-50  1.000000e-50  1.000000e-50  3.571429e-02  1.000000e-50  1.000000e-50  1.000000e-50  4.699248e-02  1.000000e-50  4.699248e-03  1.000000e-50  8.364662e-02  1.000000e-50  1.000000e-50  1.000000e-50  1.000000e-50  1.000000e-50  8.458647e-03  9.116541e-02  1.964286e-01  6.015038e-02  1.000000e-50  1.000000e-50  2.537594e-02  1.000000e-50  1.000000e-50  1.000000e-50  1.000000e-50  4.887218e-02  1.000000e-50  2.537594e-02  2.161654e-02  1.000000e-50  1.000000e-50  1.000000e-50 
2.058860e-02  1.502411e-02  1.700260e-02  1.000000e-50  1.000000e-50  1.000000e-50  2.534933e-03  7.913936e-03  1.000000e-50  4.365030e-02  4.575244e-03  1.000000e-50  1.000000e-50  1.106714e-02  1.000000e-50  1.000000e-50  1.000000e-50  7.604798e-03  7.586250e-02  2.231977e-02  5.502659e-03  8.161246e-03  3.239768e-02  4.402127e-02  1.000000e-50  1.588970e-02  1.000000e-50  3.264499e-02  1.000000e-50  1.000000e-50  3.029554e-02  4.241375e-02  3.215036e-03  5.873624e-03  1.830098e-01  1.000000e-50  1.000000e-50  4.290837e-02  1.000000e-50  1.000000e-50  3.888958e-02  1.626067e-02  1.000000e-50  3.851861e-02  1.442438e-01  3.011005e-02  7.419315e-03  1.000000e-50  8.717695e-03  4.136268e-02 
1.293413e-02  1.000000e-50  1.652695e-02  1.000000e-50  1.000000e-50  1.000000e-50  1.000000e-50  1.000000e-50  1.000000e-50  1.000000e-50  3.954491e-01  1.000000e-50  1.000000e-50  7.425150e-03  1.000000e-50  1.000000e-50  1.000000e-50  1.000000e-50  1.000000e-50  2.107784e-02  1.000000e-50  1.000000e-50  1.000000e-50  1.000000e-50  8.000000e-02  2.778443e-02  8.766467e-02  1.000000e-50  1.000000e-50  1.000000e-50  1.000000e-50  2.155689e-02  1.508982e-02  1.000000e-50  9.820359e-02  8.263473e-02  1.000000e-50  3.353293e-03  1.245509e-02  1.000000e-50  1.000000e-50  2.011976e-02  2.203593e-02  2.586826e-02  1.000000e-50  1.000000e-50  1.000000e-50  2.059880e-02  1.000000e-50  2.922156e-02 
1.000000e-50  1.000000e-50  1.000000e-50  1.000000e-50  1.000000e-50  1.000000e-50  3.613861e-01  1.000000e-50  1.000000e-50  1.000000e-50  1.000000e-50  1.000000e-50  1.000000e-50  1.000000e-50  1.000000e-50  1.000000e-50  1.000000e-50  3.465347e-02  1.000000e-50  1.000000e-50  1.000000e-50  1.000000e-50  1.000000e-50  1.000000e-50  1.000000e-50  1.000000e-50  1.000000e-50  1.000000e-50  1.000000e-50  1.000000e-50  1.039604e-01  1.000000e-50  1.000000e-50  1.000000e-50  1.000000e-50  1.000000e-50  1.000000e-50  1.000000e-50  1.000000e-50  7.673267e-02  1.000000e-50  1.000000e-50  1.000000e-50  1.000000e-50  1.000000e-50  1.336634e-01  1.113861e-01  1.000000e-50  1.782178e-01  1.000000e-50 
1.339829e-02  2.088046e-03  1.496433e-02  1.000000e-50  1.000000e-50  1.000000e-50  1.496433e-02  1.000000e-50  3.810684e-02  1.000000e-50  1.000000e-50  1.000000e-50  1.000000e-50  1.000000e-50  1.000000e-50  1.000000e-50  1.000000e-50  2.784061e-03  1.000000e-50  1.131025e-02  1.000000e-50  1.000000e-50  3.480077e-03  1.000000e-50  1.000000e-50  5.742126e-03  1.000000e-50  5.394119e-03  1.000000e-50  7.308161e-03  2.260310e-01  1.218027e-03  1.000000e-50  1.000000e-50  6.264138e-03  1.000000e-50  2.140247e-02  6.977554e-02  1.000000e-50  1.590395e-01  1.000000e-50  1.000000e-50  1.000000e-50  1.000000e-50  3.828084e-03  2.848443e-01  1.740038e-03  1.000000e-50  1.016182e-01  4.698103e-03 
1.000000e-50  1.000000e-50  1.000000e-50  1.000000e-50  1.000000e-50  1.000000e-50  1.000000e-50  1.905444e-01  1.000000e-50  1.000000e-50  1.000000e-50  1.000000e-50  1.000000e-50  1.000000e-50  1.000000e-50  1.000000e-50  1.000000e-50  1.000000e-50  7.163324e-03  1.000000e-50  3.825215e-01  1.000000e-50  1.000000e-50  1.000000e-50  4.584527e-02  2.578797e-02  1.862464e-02  1.000000e-50  1.000000e-50  1.000000e-50  1.000000e-50  1.000000e-50  1.000000e-50  1.000000e-50  4.727794e-02  1.000000e-50  1.000000e-50  1.146132e-02  1.000000e-50  1.000000e-50  5.730659e-03  1.000000e-50  1.146132e-02  2.722063e-02  2.177650e-01  1.000000e-50  8.595989e-03  1.000000e-50  1.000000e-50  1.000000e-50 
1.000000e-50  1.000000e-50  1.000000e-50  1.000000e-50  1.000000e-50  1.000000e-50  8.140244e-01  1.000000e-50  1.000000e-50  1.000000e-50  1.000000e-50  1.000000e-50  1.000000e-50  1.000000e-50  1.000000e-50  1.000000e-50  1.000000e-50  1.000000e-50  1.000000e-50  1.000000e-50  1.000000e-50  1.000000e-50  1.000000e-50  1.000000e-50  1.000000e-50  1.000000e-50  1.000000e-50  1.000000e-50  1.000000e-50  1.000000e-50  5.894309e-02  1.000000e-50  1.000000e-50  1.000000e-50  1.000000e-50  1.000000e-50  1.000000e-50  1.000000e-50  1.000000e-50  1.000000e-50  1.000000e-50  1.000000e-50  1.000000e-50  1.000000e-50  1.000000e-50  1.270325e-01  1.000000e-50  1.000000e-50  1.000000e-50  1.000000e-50 
1.000000e-50  3.338469e-03  1.848998e-02  1.000000e-50  2.568053e-03  1.000000e-50  1.000000e-50  1.443246e-01  1.000000e-50  5.007704e-02  7.010786e-02  5.392912e-03  5.495634e-02  1.000000e-50  1.000000e-50  1.000000e-50  1.000000e-50  2.824859e-03  3.595275e-02  8.217771e-03  4.571135e-02  1.592193e-02  5.572676e-02  2.593734e-02  6.368772e-02  7.960966e-03  9.244992e-03  1.000000e-50  1.617874e-02  1.000000e-50  1.104263e-02  1.000000e-50  2.568053e-03  8.217771e-03  6.163328e-02  8.731382e-02  1.000000e-50  1.000000e-50  8.731382e-03  1.000000e-50  1.617874e-02  4.031844e-02  1.000000e-50  1.515152e-02  7.960966e-03  3.364150e-02  2.491012e-02  4.571135e-02  1.000000e-50  1.000000e-50 
1.660777e-02  1.000000e-50  1.000000e-50  1.000000e-50  1.000000e-50  1.000000e-50  1.000000e-50  1.000000e-50  1.000000e-50  1.000000e-50  3.321555e-02  1.000000e-50  2.547703e-01  1.000000e-50  1.000000e-50  1.000000e-50  1.000000e-50  1.000000e-50  1.000000e-50  7.420495e-03  7.420495e-02  1.201413e-02  1.000000e-50  1.000000e-50  1.766784e-01  1.000000e-50  1.000000e-50  1.000000e-50  1.000000e-50  1.000000e-50  1.000000e-50  1.413428e-03  3.533569e-03  3.533569e-03  2.084806e-02  3.169611e-01  1.000000e-50  1.000000e-50  1.000000e-50  1.000000e-50  1.000000e-50  5.159011e-02  1.000000e-50  1.448763e-02  1.000000e-50  1.000000e-50  1.000000e-50  1.272085e-02  1.000000e-50  1.000000e-50 
1.300336e-02  1.000000e-50  6.291946e-03  1.000000e-50  2.013423e-02  1.000000e-50  1.000000e-50  7.550336e-03  1.000000e-50  2.046980e-01  3.649329e-02  1.000000e-50  1.300336e-02  1.000000e-50  1.000000e-50  1.000000e-50  1.000000e-50  1.000000e-50  6.375839e-02  1.677852e-02  1.000000e-50  1.000000e-50  1.006711e-02  4.194631e-02  2.055369e-02  1.258389e-02  1.000000e-50  1.000000e-50  1.000000e-50  1.000000e-50  4.949664e-02  1.258389e-02  1.000000e-50  1.000000e-50  2.743289e-01  1.000000e-50  1.000000e-50  6.040268e-02  1.000000e-50  1.000000e-50  2.348993e-02  2.516779e-03  6.291946e-03  5.872483e-03  1.000000e-50  7.298658e-02  1.000000e-50  1.000000e-50  1.000000e-50  2.516779e-02 
3.690037e-02  3.284133e-02  2.103321e-02  1.000000e-50  8.856089e-03  1.000000e-50  7.749077e-03  6.678967e-02  1.000000e-50  5.904059e-02  1.000000e-50  4.428044e-03  1.845018e-02  5.867159e-02  1.000000e-50  1.000000e-50  1.000000e-50  9.594096e-03  2.250923e-02  2.398524e-02  1.000000e-50  1.000000e-50  1.217712e-01  2.804428e-02  7.380074e-03  1.000000e-50  1.000000e-50  1.000000e-50  1.000000e-50  1.000000e-50  6.642066e-03  1.000000e-50  1.000000e-50  7.232472e-02  1.616236e-01  2.656827e-02  1.000000e-50  1.549815e-02  1.000000e-50  1.000000e-50  7.896679e-02  3.247232e-02  1.000000e-50  3.948339e-02  1.000000e-50  2.177122e-02  1.254613e-02  1.000000e-50  1.000000e-50  4.059041e-03 
1.512063e-02  1.155284e-02  1.851852e-02  1.000000e-50  1.000000e-50  1.000000e-50  1.868841e-02  3.720693e-02  1.000000e-50  9.734964e-02  1.138294e-02  1.000000e-50  1.189263e-02  8.154944e-03  1.000000e-50  1.000000e-50  1.000000e-50  2.259599e-02  3.856609e-02  1.495073e-02  1.953789e-02  1.257221e-02  4.264356e-02  6.931702e-02  1.000000e-50  2.497452e-02  1.000000e-50  2.820251e-02  1.000000e-50  1.000000e-50  5.317703e-02  1.613999e-02  3.058104e-03  1.000000e-50  1.491675e-01  1.000000e-50  1.000000e-50  2.361536e-02  1.000000e-50  1.000000e-50  1.749915e-02  5.215766e-02  7.305471e-03  2.395515e-02  7.118586e-02  2.922188e-02  4.417261e-03  2.769283e-02  1.000000e-50  1.817873e-02 
1.380557e-02  1.000000e-50  1.799655e-02  1.000000e-50  1.000000e-50  1.000000e-50  1.363300e-01  1.000000e-50  8.316213e-02  4.437505e-03  1.043635e-02  1.000000e-50  4.766209e-03  1.000000e-50  1.000000e-50  1.000000e-50  1.000000e-50  2.876161e-03  2.013313e-02  1.000000e-50  1.000000e-50  1.232640e-03  9.450242e-03  1.676391e-02  2.547457e-03  6.820610e-03  1.000000e-50  3.369217e-03  1.000000e-50  8.546306e-03  2.416797e-01  4.519681e-03  1.314816e-03  2.300929e-03  1.462733e-02  1.000000e-50  5.587969e-03  5.415400e-02  1.000000e-50  1.807872e-03  1.701044e-02  1.000000e-50  1.000000e-50  1.000000e-50  7.560194e-03  2.415153e-01  1.314816e-03  1.000000e-50  6.393294e-02  1.000000e-50 
2.374302e-02  1.326816e-02  1.885475e-02  1.000000e-50  1.000000e-50  1.000000e-50  1.000000e-50  7.053073e-02  1.000000e-50  1.000000e-50  1.815642e-02  2.094972e-03  5.377095e-02  1.131285e-01  1.000000e-50  1.000000e-50  1.000000e-50  1.047486e-02  1.000000e-50  1.000000e-50  7.681564e-03  1.326816e-02  3.072626e-02  1.536313e-02  2.129888e-01  9.776536e-03  7.681564e-03  1.000000e-50  1.000000e-50  1.396648e-03  7.681564e-03  1.745810e-02  1.000000e-50  1.000000e-50  7.960894e-02  4.678771e-02  1.000000e-50  2.932961e-02  1.000000e-50  1.000000e-50  4.120112e-02  1.955307e-02  1.000000e-50  3.212291e-02  1.000000e-50  4.748603e-02  2.304469e-02  3.072626e-02  2.094972e-03  1.000000e-50 
1.000000e-50  1.000000e-50  1.000000e-50  1.000000e-50  2.314275e-02  4.453520e-02  1.000000e-50  2.689615e-01  1.000000e-50  1.000000e-50  1.000000e-50  2.646830e-01  9.140412e-03  1.000000e-50  9.218203e-02  1.000000e-50  1.944769e-03  1.000000e-50  1.000000e-50  8.362505e-03  1.000000e-50  1.000000e-50  1.750292e-03  1.000000e-50  1.944769e-03  1.000000e-50  1.000000e-50  1.000000e-50  1.000000e-50  1.000000e-50  1.000000e-50  1.000000e-50  1.000000e-50  1.000000e-50  1.000000e-50  1.089070e-02  1.000000e-50  1.000000e-50  1.000000e-50  1.000000e-50  1.000000e-50  1.000000e-50  1.000000e-50  1.050175e-02  1.000000e-50  1.000000e-50  1.000000e-50  2.619603e-01  1.000000e-50  1.000000e-50 
9.560229e-03  4.886339e-03  2.060761e-02  1.000000e-50  1.000000e-50  1.000000e-50  1.487147e-03  1.000000e-50  1.625239e-01  1.295942e-02  1.000000e-50  1.000000e-50  1.000000e-50  2.145740e-02  1.000000e-50  1.000000e-50  1.000000e-50  1.000000e-50  1.848311e-02  1.000000e-50  1.083493e-02  1.359677e-02  1.232207e-02  2.655619e-02  1.508392e-02  7.350754e-02  9.135330e-03  2.124495e-03  1.000000e-50  3.186743e-03  1.000000e-50  1.000000e-50  1.000000e-50  1.000000e-50  3.845337e-02  1.000000e-50  2.379435e-02  2.436796e-01  8.497982e-04  1.000000e-50  6.798385e-03  1.550882e-02  1.000000e-50  2.655619e-02  3.250478e-02  3.335458e-02  5.672403e-02  1.000000e-50  1.034629e-01  1.000000e-50 
5.042614e-02  1.000000e-50  9.232955e-03  1.000000e-50  1.000000e-50  1.000000e-50  1.448864e-01  1.000000e-50  1.000000e-50  3.693182e-02  2.130682e-02  1.000000e-50  1.000000e-50  1.000000e-50  1.000000e-50  1.000000e-50  1.000000e-50  1.000000e-50  1.491477e-02  1.000000e-50  1.000000e-50  1.000000e-50  1.000000e-50  2.201705e-02  1.000000e-50  1.000000e-50  1.000000e-50  1.000000e-50  1.000000e-50  1.000000e-50  1.526989e-01  7.244318e-02  1.000000e-50  1.000000e-50  1.328125e-01  1.000000e-50  1.000000e-50  9.943182e-03  1.000000e-50  1.000000e-50  2.457386e-01  1.000000e-50  7.102273e-04  1.000000e-50  1.000000e-50  8.593750e-02  1.000000e-50  1.000000e-50  1.000000e-50  1.000000e-50 


#DOUBLE_1x50_DISCRETE_HIDDEN_DOMINANT-EIGENVECTOR
1.179880e-02  4.913205e-03  1.237697e-02  4.397406e-02  5.239687e-02  2.452057e-02  1.903737e-02  3.188356e-02  1.388244e-02  2.851618e-02  2.626868e-02  2.214790e-02  1.561369e-02  8.376458e-03  3.102841e-02  4.713032e-02  7.705337e-03  6.497708e-03  1.811439e-02  8.528493e-03  1.144984e-02  5.711385e-03  1.923315e-02  1.682998e-02  2.744341e-02  1.544104e-02  5.815031e-03  3.833527e-03  5.221469e-02  7.156454e-04  6.795780e-02  1.323772e-02  7.332070e-03  4.610499e-03  7.166562e-02  1.850985e-02  1.765540e-03  2.526077e-02  3.254463e-03  4.341302e-03  1.723050e-02  1.264119e-02  1.082072e-02  1.216824e-02  2.587874e-02  5.326783e-02  6.411041e-03  2.308047e-02  2.097390e-02  6.192625e-03  

#DOUBLE_50x20_DISCRETE_AA_EMISSION
5.465288e-02  2.326440e-02  1.550960e-01  4.431315e-02  4.209749e-02  1.181684e-02  3.692762e-02  3.323486e-02  6.720827e-02  4.800591e-02  2.215657e-02  1.377400e-01  1.000000e-50  4.062038e-02  6.536189e-02  7.311669e-02  4.098966e-02  4.394387e-02  2.067947e-02  3.877400e-02 
7.918969e-02  3.314917e-02  1.031308e-01  7.458564e-02  1.000000e-50  1.537753e-01  4.880295e-02  1.841621e-02  7.366483e-02  6.813996e-02  1.565378e-02  1.289134e-01  1.000000e-50  3.038674e-02  4.419890e-02  5.156538e-02  4.327808e-02  1.749540e-02  1.565378e-02  1.000000e-50 
1.679171e-02  4.644516e-03  1.571990e-02  7.145409e-03  1.000000e-50  8.542337e-01  7.145409e-03  5.001786e-03  9.646302e-03  7.859950e-03  4.287245e-03  6.430868e-03  2.858164e-03  7.502680e-03  1.178992e-02  1.786352e-02  9.646302e-03  6.430868e-03  1.000000e-50  5.001786e-03 
1.377877e-01  1.389030e-02  3.528338e-02  5.850147e-02  3.396532e-02  2.017642e-02  1.642502e-02  6.945149e-02  7.005982e-02  1.803711e-01  3.650005e-02  3.244449e-02  1.000000e-50  3.923755e-02  6.924871e-02  2.707087e-02  2.828754e-02  7.857650e-02  1.794586e-02  3.477644e-02 
9.719658e-02  9.736445e-03  9.493033e-02  1.470539e-01  2.828605e-02  5.094846e-02  2.761457e-02  2.719490e-02  6.412624e-02  6.756757e-02  2.509653e-02  4.725533e-02  1.000000e-50  5.909015e-02  6.018130e-02  5.850260e-02  4.725533e-02  4.725533e-02  1.368138e-02  2.702703e-02 
6.799125e-02  2.278527e-02  3.809697e-02  7.236602e-02  6.616843e-02  1.822822e-02  3.244623e-02  4.557054e-02  7.655851e-02  1.257747e-01  2.643092e-02  4.794021e-02  1.000000e-50  4.593511e-02  6.325191e-02  6.033540e-02  7.400656e-02  5.213270e-02  1.403573e-02  4.994532e-02 
1.897945e-01  2.401293e-02  4.179173e-02  5.656892e-02  8.289079e-02  1.766336e-01  3.186331e-02  1.000000e-50  4.271531e-02  1.000000e-50  1.870238e-02  2.609097e-02  1.000000e-50  3.601940e-02  5.495267e-02  1.087509e-01  3.232510e-02  1.000000e-50  2.147310e-02  5.541445e-02 
9.772571e-02  6.753963e-03  5.513439e-02  9.593384e-02  3.115093e-02  3.955892e-02  1.571330e-02  4.300482e-02  5.499655e-02  7.222605e-02  1.144039e-02  2.453480e-02  1.884218e-01  3.252929e-02  3.859407e-02  5.113715e-02  3.390765e-02  5.623708e-02  2.246726e-02  2.853205e-02 
6.774194e-02  3.000000e-02  1.122581e-01  4.516129e-02  3.225806e-02  3.645161e-02  2.580645e-02  2.419355e-02  5.516129e-02  8.161290e-02  1.225806e-02  5.354839e-02  1.506452e-01  2.387097e-02  4.451613e-02  6.774194e-02  3.967742e-02  3.483871e-02  2.483871e-02  3.741935e-02 
1.631955e-01  1.725210e-02  5.859496e-02  6.636618e-02  5.113460e-02  2.766553e-02  2.067143e-02  3.248368e-02  4.895866e-02  1.097296e-01  3.434877e-02  2.968604e-02  1.000000e-50  3.745726e-02  5.657445e-02  7.973267e-02  5.020205e-02  5.020205e-02  2.098228e-02  4.476220e-02 
4.786237e-02  4.258218e-02  4.428547e-02  5.467552e-02  5.314257e-02  2.129109e-02  2.946687e-02  4.258218e-02  6.080736e-02  1.142906e-01  2.759325e-02  5.041731e-02  1.000000e-50  3.798331e-02  5.041731e-02  6.302163e-02  1.285982e-01  4.752172e-02  2.214274e-02  6.131834e-02 
7.963000e-02  1.105972e-02  3.901066e-02  9.913533e-02  4.624975e-02  2.935854e-02  2.272270e-02  9.692339e-02  7.641263e-02  1.272874e-01  2.232053e-02  2.272270e-02  1.407601e-03  5.127690e-02  5.851599e-02  2.795094e-02  3.941283e-02  9.068972e-02  1.508144e-02  4.283129e-02 
1.286817e-01  1.429797e-02  7.206177e-02  1.120961e-01  2.373463e-02  5.318845e-02  2.916786e-02  3.031170e-02  7.749500e-02  5.118673e-02  1.687160e-02  3.803260e-02  9.436660e-03  4.775522e-02  5.175865e-02  1.409780e-01  3.860452e-02  2.516443e-02  1.887332e-02  2.030312e-02 
3.035060e-02  1.569859e-02  1.700680e-01  3.610675e-02  3.558346e-02  1.234956e-01  2.564103e-02  1.308216e-02  3.192046e-02  2.773417e-02  1.255887e-02  1.690215e-01  1.000000e-50  3.244375e-02  5.128205e-02  9.262166e-02  9.785453e-02  2.564103e-02  8.895866e-03  1.000000e-50 
1.563169e-01  1.056388e-02  6.095646e-02  1.110635e-01  1.670236e-02  3.040685e-02  1.070664e-02  2.883655e-02  9.336188e-02  1.203426e-01  3.183440e-02  4.568166e-02  1.000000e-50  6.009993e-02  8.308351e-02  6.381156e-02  2.541042e-02  2.655246e-02  6.709493e-03  1.755889e-02 
8.794513e-02  1.230856e-02  2.508691e-02  4.820070e-02  7.394532e-02  1.738232e-02  2.273795e-02  1.196091e-01  4.932820e-02  1.440383e-01  2.931504e-02  1.456356e-02  1.000000e-50  3.222776e-02  4.904632e-02  2.546275e-02  5.054966e-02  1.198910e-01  1.991920e-02  5.844217e-02 
1.582020e-01  1.109165e-02  1.926445e-02  6.071220e-02  3.561004e-02  2.568593e-02  3.269119e-02  1.868068e-02  7.297140e-02  1.786340e-01  3.911267e-02  6.654991e-02  1.000000e-50  4.786924e-02  6.538237e-02  5.662580e-02  3.210741e-02  2.626970e-02  9.924110e-03  4.261529e-02 
1.067378e-02  8.005337e-03  1.200801e-02  1.067378e-02  9.339560e-03  9.266177e-01  1.000000e-50  1.000000e-50  1.000000e-50  4.669780e-03  3.335557e-03  1.000000e-50  1.000000e-50  5.336891e-03  1.000000e-50  1.000000e-50  6.671114e-04  1.000000e-50  1.000000e-50  8.672448e-03 
2.967431e-02  1.495778e-02  1.215923e-01  1.954162e-02  1.000000e-50  2.484922e-01  1.254524e-02  1.000000e-50  1.737033e-02  1.664656e-02  2.171291e-03  6.151990e-02  3.618818e-03  1.616405e-02  2.340169e-02  2.398070e-01  1.626055e-01  1.000000e-50  1.930036e-03  7.961399e-03 
7.288481e-02  1.000000e-50  5.249745e-02  8.307849e-02  2.650357e-02  1.605505e-01  1.000000e-50  2.599388e-02  7.135576e-02  6.676860e-02  1.783894e-02  4.434251e-02  7.441386e-02  2.854230e-02  5.045872e-02  7.339450e-02  5.504587e-02  4.943935e-02  2.242610e-02  2.446483e-02 
4.950495e-02  8.316832e-03  2.178218e-02  3.722772e-02  1.188119e-02  1.900990e-02  3.564356e-03  2.138614e-02  5.544554e-02  2.574257e-02  5.544554e-03  4.356436e-03  5.754455e-01  4.752475e-03  2.732673e-02  4.039604e-02  1.742574e-02  3.485149e-02  2.415842e-02  1.188119e-02 
2.927581e-02  1.000000e-50  1.000000e-50  2.157165e-02  1.000000e-50  1.000000e-50  6.933744e-03  7.704160e-03  4.622496e-03  1.000000e-50  1.000000e-50  2.311248e-02  8.489985e-01  1.000000e-50  1.000000e-50  1.694915e-02  1.771957e-02  2.311248e-02  1.000000e-50  1.000000e-50 
1.120416e-01  2.399276e-02  8.148483e-03  7.424174e-02  7.763694e-02  1.267542e-02  4.911725e-02  3.078316e-02  6.994115e-02  3.644183e-02  2.354006e-02  1.448619e-02  1.000000e-50  5.024898e-02  8.103214e-02  8.623812e-02  6.631960e-02  8.985967e-02  2.172929e-02  7.152558e-02 
9.449444e-02  1.455797e-02  1.077290e-01  8.073055e-02  2.726310e-02  3.440974e-02  2.514558e-02  3.255691e-02  1.048174e-01  8.443621e-02  1.349921e-02  2.938062e-02  1.508735e-02  4.473266e-02  6.326098e-02  8.920064e-02  6.484913e-02  4.817364e-02  7.940709e-03  1.773425e-02 
5.666181e-02  9.551562e-03  1.665857e-01  6.831795e-02  4.176785e-02  4.937672e-02  3.011170e-02  1.052291e-02  6.006152e-02  7.786952e-02  1.537963e-02  1.073337e-01  1.000000e-50  5.471912e-02  4.808159e-02  8.207868e-02  5.860450e-02  1.246560e-02  1.457018e-02  3.593978e-02 
4.981284e-02  1.295710e-02  1.246761e-01  5.355600e-02  3.196084e-02  8.926001e-02  3.627987e-02  1.439678e-03  9.588252e-02  2.620213e-02  1.698819e-02  2.461849e-01  1.000000e-50  5.413187e-02  6.276994e-02  5.038871e-02  2.879355e-03  3.743162e-03  9.789807e-03  3.109703e-02 
6.153846e-02  2.923077e-02  6.153846e-02  1.430769e-01  3.615385e-02  1.615385e-02  2.615385e-02  8.307692e-02  1.161538e-01  6.000000e-02  1.615385e-02  4.000000e-02  4.615385e-03  2.384615e-02  6.076923e-02  3.692308e-02  5.307692e-02  8.307692e-02  1.000000e-50  4.846154e-02 
1.179907e-01  1.000000e-50  6.191589e-02  1.214953e-01  1.000000e-50  1.000000e-50  2.570093e-02  1.000000e-50  9.345794e-02  3.154206e-02  1.000000e-50  1.869159e-02  3.750000e-01  3.037383e-02  4.088785e-02  5.841121e-02  2.453271e-02  1.000000e-50  1.000000e-50  1.000000e-50 
1.891198e-01  1.248824e-02  3.455650e-02  1.048670e-01  2.172611e-02  3.720811e-02  1.317253e-02  4.764349e-02  8.245659e-02  1.128218e-01  3.053631e-02  2.882559e-02  1.710718e-04  6.748781e-02  7.236336e-02  4.345223e-02  3.481310e-02  3.994526e-02  8.810196e-03  1.753486e-02 
4.294479e-02  1.000000e-50  2.085890e-01  5.521472e-02  1.000000e-50  1.533742e-01  3.680982e-02  1.226994e-02  4.294479e-02  2.453988e-02  1.000000e-50  2.699387e-01  1.000000e-50  3.067485e-02  6.134969e-02  4.907975e-02  1.226994e-02  1.000000e-50  1.000000e-50  1.000000e-50 
3.500996e-02  1.207683e-02  1.027815e-02  3.860731e-02  4.817884e-02  6.166892e-03  1.798677e-02  1.720948e-01  3.796493e-02  1.393332e-01  1.997816e-02  1.516027e-02  1.000000e-50  2.466757e-02  4.149804e-02  1.997816e-02  8.010535e-02  2.211088e-01  1.535299e-02  4.445301e-02 
1.875419e-02  5.291360e-02  4.219692e-01  3.951775e-02  5.693235e-03  1.000000e-50  3.114534e-02  8.372405e-03  1.239116e-02  9.711989e-03  1.000000e-50  2.166778e-01  3.348962e-03  1.239116e-02  2.176825e-02  9.544541e-02  6.697924e-03  1.306095e-02  1.038178e-02  1.975887e-02 
1.856436e-03  1.000000e-50  1.000000e-50  1.856436e-03  1.000000e-50  9.814356e-01  3.712871e-03  1.000000e-50  8.044554e-03  1.000000e-50  1.856436e-03  1.000000e-50  1.000000e-50  1.000000e-50  1.237624e-03  1.000000e-50  1.000000e-50  1.000000e-50  1.000000e-50  1.000000e-50 
6.173994e-02  1.000000e-50  5.425631e-02  9.260992e-02  4.957905e-02  4.957905e-02  6.080449e-02  5.986904e-02  7.670720e-02  7.951356e-02  1.028999e-02  4.583723e-02  1.000000e-50  3.180543e-02  4.115996e-02  8.044902e-02  5.706268e-02  9.915809e-02  1.590271e-02  3.367633e-02 
4.926318e-02  2.259165e-02  1.625868e-02  6.564365e-02  5.559615e-02  1.004750e-02  2.387042e-02  1.090610e-01  8.178054e-02  1.248325e-01  2.472293e-02  2.715869e-02  4.140787e-03  5.029838e-02  5.504811e-02  2.855925e-02  6.351236e-02  1.286080e-01  1.564974e-02  4.335647e-02 
1.012568e-01  9.011145e-03  1.131136e-01  1.064738e-01  2.015651e-02  5.240692e-02  3.130187e-02  1.304245e-02  7.185203e-02  7.303770e-02  1.825943e-02  4.529286e-02  1.161963e-02  4.790135e-02  5.643823e-02  1.171449e-01  5.572682e-02  1.731088e-02  1.873370e-02  1.991937e-02 
1.100000e-01  1.000000e-50  1.150000e-01  1.000000e-50  9.000000e-02  8.000000e-02  2.250000e-02  4.250000e-02  2.500000e-02  8.750000e-02  3.500000e-02  4.750000e-02  8.000000e-02  3.000000e-02  5.500000e-02  6.750000e-02  5.500000e-02  4.000000e-02  1.750000e-02  1.000000e-50 
6.094613e-02  2.434392e-02  2.917818e-02  5.473066e-02  4.799724e-02  2.779696e-02  1.605663e-02  8.511740e-02  6.629834e-02  1.324240e-01  2.192680e-02  2.814227e-02  7.838398e-02  3.142265e-02  5.265884e-02  2.814227e-02  3.884669e-02  1.170580e-01  2.261740e-02  3.591160e-02 
8.976157e-02  2.945302e-02  7.012623e-02  4.067321e-02  1.023843e-01  1.000000e-50  1.304348e-01  7.012623e-03  2.945302e-02  3.646564e-02  2.524544e-02  1.823282e-01  1.000000e-50  3.085554e-02  3.786816e-02  2.945302e-02  2.664797e-02  1.262272e-02  1.000000e-50  1.192146e-01 
4.858300e-02  1.315789e-02  3.238866e-02  5.668016e-02  1.000000e-50  1.000000e-50  2.429150e-02  1.224696e-01  6.983806e-02  1.710526e-01  1.720648e-02  2.631579e-02  1.000000e-50  2.935223e-02  3.846154e-02  5.364372e-02  7.388664e-02  1.882591e-01  9.109312e-03  2.530364e-02 
1.286339e-02  1.929509e-02  1.340365e-01  1.595060e-02  1.000000e-50  1.075379e-01  2.752766e-02  1.000000e-50  1.723694e-02  5.402624e-03  3.087214e-03  1.098534e-01  1.029071e-03  1.492153e-02  1.131978e-02  2.387445e-01  2.657577e-01  3.087214e-03  2.058143e-03  1.029071e-02 
1.582079e-01  1.050053e-02  5.810291e-02  8.925446e-02  3.850193e-02  3.640182e-02  1.855093e-02  5.215261e-02  7.805390e-02  1.141057e-01  2.170109e-02  1.890095e-02  1.000000e-50  4.165208e-02  6.265313e-02  5.810291e-02  3.990200e-02  6.790340e-02  1.000000e-50  3.535177e-02 
3.368421e-03  1.000000e-50  1.768421e-02  5.894737e-03  1.684211e-02  8.652632e-01  8.000000e-03  1.000000e-50  8.421053e-03  5.473684e-03  2.947368e-03  3.242105e-02  1.000000e-50  1.000000e-50  5.473684e-03  1.136842e-02  7.157895e-03  1.000000e-50  4.210526e-03  5.473684e-03 
6.940407e-02  1.053779e-02  1.271802e-01  5.123547e-02  3.633721e-02  4.505814e-02  3.125000e-02  2.143895e-02  5.050872e-02  7.267442e-02  1.889535e-02  1.028343e-01  1.577035e-01  3.779070e-02  4.978198e-02  5.305233e-02  2.034884e-02  1.562500e-02  6.904070e-03  2.143895e-02 
6.398784e-02  5.065001e-03  2.194834e-02  3.326017e-02  4.896167e-03  6.415668e-03  9.285835e-03  1.000000e-50  4.136417e-02  8.779335e-03  3.376667e-03  2.870167e-03  7.501266e-01  5.571501e-03  1.907817e-02  2.042884e-02  1.000000e-50  1.000000e-50  1.000000e-50  3.545501e-03 
6.835006e-02  2.944563e-02  1.521632e-02  4.449745e-02  7.846685e-02  3.470966e-02  2.508636e-02  5.806876e-02  4.935022e-02  6.555354e-02  2.344136e-02  1.546307e-02  1.000000e-50  3.207764e-02  5.716401e-02  8.216812e-02  1.061030e-01  1.145748e-01  2.146735e-02  7.879585e-02 
2.833449e-02  2.764340e-03  3.870076e-02  1.727713e-02  1.658604e-02  7.360055e-01  7.601935e-03  3.455425e-03  2.764340e-02  1.382170e-02  2.073255e-03  2.349689e-02  1.000000e-50  9.675190e-03  1.382170e-02  3.939185e-02  5.528680e-03  3.455425e-03  3.455425e-03  6.910850e-03 
9.821775e-02  1.549787e-02  3.467648e-02  8.097637e-02  3.893840e-02  4.610616e-02  2.208446e-02  7.090275e-02  6.857807e-02  1.325068e-01  2.847733e-02  2.324680e-02  2.983340e-02  4.494382e-02  5.869818e-02  4.339403e-02  3.932584e-02  6.586594e-02  1.879117e-02  3.893840e-02 
4.120008e-02  2.577646e-02  6.845553e-02  4.901754e-02  6.592014e-02  8.873864e-03  3.845341e-02  1.187408e-01  5.260934e-02  1.170505e-01  2.324107e-02  6.042679e-02  1.000000e-50  3.422776e-02  3.824213e-02  3.507289e-02  2.366364e-02  1.375449e-01  1.246567e-02  4.901754e-02 
3.000000e-02  1.000000e-50  1.171429e-01  7.500000e-02  1.000000e-02  1.000000e-50  4.714286e-02  3.571429e-02  1.450000e-01  3.142857e-02  1.000000e-50  6.000000e-02  1.000000e-50  5.000000e-02  8.928571e-02  6.357143e-02  1.621429e-01  5.000000e-02  2.142857e-03  3.142857e-02 


#DOUBLE_50x3_DISCRETE_SS_EMISSION
1.000000e-50  3.829322e-02  9.617068e-01 
1.724138e-02  1.000000e-50  9.827586e-01 
1.000000e-50  1.962318e-01  8.037682e-01 
1.000000e+00  1.000000e-50  1.000000e-50 
1.000000e+00  1.000000e-50  1.000000e-50 
1.000000e+00  1.000000e-50  1.000000e-50 
1.000000e-50  9.993089e-01  6.910850e-04 
1.000000e+00  1.000000e-50  1.000000e-50 
1.000000e-50  9.987167e-01  1.283285e-03 
1.000000e-50  1.000000e-50  1.000000e+00 
1.000000e-50  1.000000e-50  1.000000e+00 
1.000000e+00  1.000000e-50  1.000000e-50 
1.000000e-50  2.010916e-03  9.979891e-01 
1.000000e-50  1.000000e-50  1.000000e+00 
1.000000e+00  1.000000e-50  1.000000e-50 
1.000000e+00  1.000000e-50  1.000000e-50 
1.803561e-01  1.000000e-50  8.196439e-01 
1.000000e-50  1.295160e-02  9.870484e-01 
1.000000e-50  1.383495e-02  9.861650e-01 
1.879126e-02  1.000000e-50  9.812087e-01 
1.000000e-50  1.000000e-50  1.000000e+00 
2.323780e-03  6.196747e-03  9.914795e-01 
1.000000e-50  1.000000e-50  1.000000e+00 
1.000000e-50  4.224980e-03  9.957750e-01 
1.000000e-50  2.768730e-03  9.972313e-01 
1.000000e-50  1.441338e-03  9.985587e-01 
1.000000e-50  1.000000e-50  1.000000e+00 
1.000000e-50  9.378664e-03  9.906213e-01 
1.000000e+00  1.000000e-50  1.000000e-50 
1.000000e-50  1.000000e+00  1.000000e-50 
1.000000e-50  1.000000e+00  1.000000e-50 
1.000000e-50  1.000000e-50  1.000000e+00 
1.000000e-50  1.000000e-50  1.000000e+00 
5.164319e-02  1.000000e-50  9.483568e-01 
1.000000e-50  1.000000e-50  1.000000e+00 
1.000000e-50  1.000000e-50  1.000000e+00 
1.000000e-50  1.000000e+00  1.000000e-50 
1.000000e-50  1.000000e+00  1.000000e-50 
2.407932e-02  9.915014e-03  9.660057e-01 
1.000000e-50  1.000000e+00  1.000000e-50 
1.000000e-50  2.088108e-02  9.791189e-01 
7.010165e-04  1.000000e-50  9.992990e-01 
1.000000e-50  3.751563e-03  9.962484e-01 
9.736747e-03  1.000000e-50  9.902633e-01 
1.000000e-50  1.000000e-50  1.000000e+00 
1.000000e-50  1.000000e+00  1.000000e-50 
5.678670e-02  5.886427e-02  8.843490e-01 
9.990200e-01  1.000000e-50  9.800078e-04 
1.000000e-50  1.000000e+00  1.000000e-50 
1.000000e-50  4.946996e-03  9.950530e-01 


#DOUBLE_50x2_DISCRETE_CIS_EMISSION
1.000000e+00  1.000000e-50 
1.000000e+00  1.000000e-50 
1.000000e+00  1.000000e-50 
1.000000e+00  1.000000e-50 
1.000000e+00  1.000000e-50 
1.000000e+00  1.000000e-50 
1.000000e+00  1.000000e-50 
1.000000e+00  1.000000e-50 
1.000000e+00  1.000000e-50 
1.000000e+00  1.000000e-50 
1.000000e+00  1.000000e-50 
1.000000e+00  1.000000e-50 
1.000000e+00  1.000000e-50 
1.000000e+00  1.000000e-50 
1.000000e+00  1.000000e-50 
1.000000e+00  1.000000e-50 
1.000000e+00  1.000000e-50 
1.000000e+00  1.000000e-50 
1.000000e+00  1.000000e-50 
1.000000e+00  1.000000e-50 
1.000000e+00  1.000000e-50 
8.850039e-01  1.149961e-01 
1.000000e+00  1.000000e-50 
9.965462e-01  3.453773e-03 
1.000000e+00  1.000000e-50 
1.000000e+00  1.000000e-50 
9.976905e-01  2.309469e-03 
1.000000e+00  1.000000e-50 
1.000000e+00  1.000000e-50 
1.000000e+00  1.000000e-50 
1.000000e+00  1.000000e-50 
1.000000e+00  1.000000e-50 
1.000000e+00  1.000000e-50 
1.000000e+00  1.000000e-50 
9.985890e-01  1.410956e-03 
1.000000e+00  1.000000e-50 
1.000000e+00  1.000000e-50 
9.975724e-01  2.427605e-03 
9.986014e-01  1.398601e-03 
1.000000e+00  1.000000e-50 
9.959422e-01  4.057824e-03 
1.000000e+00  1.000000e-50 
1.000000e+00  1.000000e-50 
1.000000e+00  1.000000e-50 
9.485973e-01  5.140265e-02 
1.000000e+00  1.000000e-50 
1.000000e+00  1.000000e-50 
1.000000e+00  1.000000e-50 
1.000000e+00  1.000000e-50 
1.000000e+00  1.000000e-50 


#DOUBLE_50x3_TORUS_TORUS_KAPPA
1.016083e+01  7.322484e+00  5.154363e-02 
2.092108e+01  6.105534e+00  2.726517e+00 
1.867662e+00  3.102638e+00  -1.155346e+00 
5.796896e+02  4.000485e+02  1.919090e+02 
2.279631e+02  2.009604e+02  7.506817e+01 
2.047160e+01  2.002481e+01  5.713611e+00 
2.965393e+01  2.147305e+01  8.095139e+00 
1.743520e+02  1.284531e+02  5.529110e+01 
1.532013e+01  9.275974e+00  -2.224427e+00 
6.502220e+01  5.248690e+01  1.851914e+01 
1.822167e+01  1.138302e+01  3.729869e+00 
1.061207e+02  1.116926e+02  4.057088e+01 
3.210243e+02  2.105798e+02  1.048055e+02 
9.159687e+00  1.153625e+01  2.164416e+00 
1.170547e+02  8.623460e+01  2.950620e+01 
4.259107e+02  4.351872e+02  1.608712e+02 
9.030266e+01  8.253797e+01  3.356799e+01 
9.570810e+00  6.564154e+00  1.280107e+00 
3.912949e+01  3.081051e+01  1.127329e+01 
2.828937e+00  2.500253e+00  -6.812509e-01 
1.673166e+02  1.128683e+02  5.450883e+01 
5.661890e+01  3.973683e+01  1.925435e+01 
1.544816e+01  1.597277e+01  1.655298e+00 
4.414892e+01  4.105276e+01  1.509623e+01 
8.925680e+01  7.997073e+01  3.490888e+01 
1.173248e+02  6.433186e+01  3.242295e+01 
8.623045e+00  1.739627e+01  3.938196e-02 
1.347762e+02  1.022929e+02  3.179455e+01 
7.801279e+02  6.724618e+02  2.780390e+02 
4.987015e+01  3.268352e+01  1.453806e+01 
2.339131e+01  3.784139e+01  4.074756e+00 
5.206642e+00  1.147081e+01  -6.403357e+00 
8.233323e+01  8.469061e+01  3.477459e+01 
4.111622e+00  6.453745e+00  4.759412e-01 
7.437638e+00  9.460645e+00  6.910270e-01 
6.713763e+01  3.586031e+01  1.503038e+01 
1.342669e+01  1.081687e+01  3.484371e+00 
1.694599e+01  1.319761e+01  -1.997954e+00 
3.679989e+01  1.686013e+01  5.307308e+00 
1.677056e+01  1.592947e+01  3.858515e+00 
6.543905e+00  8.392982e+00  -8.442921e-01 
1.149112e+02  9.164502e+01  3.498299e+01 
9.399148e+01  8.384430e+01  3.737959e+01 
2.588768e+01  3.890467e+00  -2.668859e+00 
5.664338e+01  3.607423e+01  1.387951e+01 
1.679565e+01  2.148756e+01  2.315578e+00 
2.581722e+01  1.218390e+01  5.487127e+00 
6.018553e+01  3.950600e+01  1.501415e+01 
1.194644e+01  1.316118e+01  1.301972e+00 
2.665607e+01  1.509225e+01  5.267186e+00 


#DOUBLE_50x2_TORUS_TORUS_MU
-2.353971e+00  1.553149e+00 
1.066689e+00  6.560101e-01 
2.201666e+00  3.116038e+00 
-1.050075e+00  -7.107357e-01 
-1.155070e+00  -6.859714e-01 
-1.556769e+00  -4.388816e-01 
-2.723135e+00  2.715910e+00 
-1.018392e+00  -6.713599e-01 
-1.392855e+00  2.352510e+00 
-1.141459e+00  2.459814e+00 
-1.867122e+00  -3.210226e-02 
-1.224400e+00  -8.537892e-01 
-1.121077e+00  -3.371751e-01 
-2.030180e+00  2.957955e-01 
-1.137024e+00  -5.093491e-01 
-1.121680e+00  -8.034433e-01 
-1.547675e+00  3.966305e-02 
1.716359e+00  -8.840424e-02 
-1.391733e+00  2.933173e+00 
-1.403778e+00  -1.208927e+00 
-1.015774e+00  -4.618767e-01 
-1.259867e+00  -2.744764e-01 
-2.530616e+00  2.687962e+00 
-1.312118e+00  -5.380203e-01 
-1.616033e+00  2.190158e-02 
9.794571e-01  6.861853e-01 
-1.361487e+00  -7.503242e-01 
-9.641899e-01  2.327410e+00 
-1.110349e+00  -7.234090e-01 
9.646914e-01  8.422180e-01 
-2.039517e+00  2.245958e+00 
-1.468344e+00  2.038315e+00 
1.415410e+00  3.188571e-01 
-2.211793e+00  -8.128013e-01 
-1.678581e+00  2.416330e+00 
-1.228413e+00  -2.852688e-01 
-1.516480e+00  -3.756471e-01 
-1.468520e+00  2.311445e+00 
-2.312834e+00  1.113090e+00 
-1.711396e+00  -5.614050e-01 
-2.381443e+00  2.920032e+00 
-9.805997e-01  -6.402388e-01 
1.451907e+00  -1.440855e-02 
-1.442265e+00  1.263172e+00 
-1.151561e+00  2.598539e+00 
-2.286660e+00  2.660322e+00 
1.163214e+00  -2.495988e+00 
-9.628499e-01  -7.444510e-01 
-2.041990e+00  1.976456e+00 
-1.890811e+00  -3.426348e-01 


