#DOUBLE_1x30_DISCRETE_HIDDEN_START
5.041436e-02  2.209945e-02  8.977901e-02  1.174033e-02  3.729282e-02  8.908840e-02  8.563536e-02  5.870166e-02  1.000000e-50  1.243094e-02  1.077348e-01  3.453039e-02  1.000000e-50  1.000000e-50  1.000000e-50  1.312155e-02  1.174033e-02  1.000000e-50  1.000000e-50  7.596685e-03  8.977901e-03  1.726519e-02  6.975138e-02  1.000000e-50  1.029006e-01  8.701657e-02  3.453039e-03  4.350829e-02  2.762431e-02  7.596685e-03  

#DOUBLE_30x30_DISCRETE_HIDDEN_TRANSITION
3.234358e-02  1.095794e-02  1.000000e-50  2.686462e-02  1.237186e-02  2.474373e-02  2.714740e-01  3.693885e-02  1.732061e-02  1.466949e-02  5.956168e-02  1.000000e-50  4.418522e-03  1.000000e-50  4.206433e-02  1.166490e-02  7.617533e-02  1.000000e-50  1.000000e-50  4.648286e-02  4.241782e-03  1.219512e-02  1.307883e-02  1.000000e-50  4.683634e-02  6.062213e-02  8.306822e-03  1.749735e-02  3.640862e-02  1.127607e-01 
1.562500e-02  3.077652e-02  1.988636e-02  8.664773e-02  1.893939e-02  6.676136e-02  9.753788e-02  2.509470e-02  2.888258e-02  1.136364e-02  6.581439e-02  8.522727e-03  2.367424e-03  1.000000e-50  9.943182e-03  1.609848e-02  6.250000e-02  1.000000e-50  8.996212e-03  1.136364e-02  1.000000e-50  2.083333e-02  3.645833e-02  1.000000e-50  9.990530e-02  5.208333e-02  1.893939e-03  3.645833e-02  1.193182e-01  4.592803e-02 
9.864117e-02  5.368227e-03  2.767992e-02  1.000000e-50  7.666499e-02  6.861265e-02  1.000000e-50  5.334675e-02  3.690656e-03  1.627244e-02  8.354303e-02  7.901359e-02  1.000000e-50  1.174300e-03  2.633786e-02  1.241402e-02  1.000000e-50  1.000000e-50  1.000000e-50  1.845328e-02  3.355142e-03  2.029861e-02  4.412011e-02  1.000000e-50  1.358832e-01  1.452776e-01  1.000000e-50  3.556450e-02  2.315048e-02  2.113739e-02 
2.551440e-02  2.098765e-02  1.683128e-01  1.000000e-50  1.666667e-02  1.228395e-01  5.000000e-02  5.144033e-03  1.000000e-50  3.086420e-02  6.790123e-02  4.341564e-02  1.000000e-50  1.000000e-50  1.000000e-50  2.777778e-02  1.234568e-03  1.000000e-50  1.000000e-50  3.148148e-02  7.098765e-02  1.604938e-02  1.109053e-01  1.000000e-50  1.049383e-01  1.000000e-50  8.024691e-03  1.000000e-50  4.691358e-02  3.004115e-02 
2.336542e-02  5.841354e-03  1.000000e-50  1.000000e-50  4.471291e-01  1.526718e-02  1.000000e-50  1.855958e-01  1.000000e-50  1.778958e-02  6.903419e-03  2.706937e-01  1.000000e-50  1.000000e-50  1.000000e-50  8.894789e-03  1.000000e-50  1.000000e-50  1.000000e-50  1.000000e-50  1.000000e-50  1.000000e-50  1.725855e-03  1.000000e-50  1.000000e-50  1.015599e-02  1.000000e-50  6.637902e-03  1.000000e-50  1.000000e-50 
1.226551e-02  1.467051e-02  1.000000e-50  1.130351e-02  3.968254e-03  3.174603e-02  1.645022e-01  1.551227e-02  3.342953e-02  8.417508e-03  5.928331e-02  1.370851e-02  1.000000e-50  1.000000e-50  5.651756e-02  1.887927e-02  1.049784e-01  1.000000e-50  1.000000e-50  2.284752e-02  1.000000e-50  2.946128e-02  3.138528e-02  1.000000e-50  6.637807e-02  1.100289e-01  2.405002e-03  2.080327e-02  5.880231e-02  1.087061e-01 
1.000000e-50  1.000000e-50  1.000000e-50  1.000000e-50  1.000000e-50  1.000000e-50  2.277344e-01  1.000000e-50  1.000000e-50  1.000000e-50  1.000000e-50  1.000000e-50  1.568874e-01  1.000000e-50  1.175187e-03  1.000000e-50  1.000000e-50  1.000000e-50  1.000000e-50  1.000000e-50  1.000000e-50  1.000000e-50  1.000000e-50  4.600017e-01  1.000000e-50  1.000000e-50  1.542013e-01  1.000000e-50  1.000000e-50  1.000000e-50 
2.942390e-02  6.368300e-03  1.000000e-50  3.773807e-03  2.413468e-01  1.586178e-02  1.000000e-50  3.891739e-01  4.481396e-03  1.562592e-02  1.497730e-02  1.680524e-01  1.000000e-50  8.432101e-03  1.000000e-50  2.971873e-02  5.012088e-03  1.000000e-50  1.000000e-50  4.186568e-03  1.415178e-03  2.594493e-03  3.832773e-03  1.000000e-50  2.211215e-02  1.096763e-02  1.000000e-50  1.138039e-02  8.667964e-03  2.594493e-03 
3.550543e-02  2.005013e-02  9.565581e-02  1.000000e-50  1.000000e-50  7.184628e-02  3.383459e-02  4.970760e-02  8.688388e-02  1.503759e-02  1.357561e-01  4.469507e-02  1.000000e-50  1.670844e-03  4.469507e-02  2.506266e-02  2.130326e-02  1.000000e-50  1.000000e-50  4.594820e-03  1.000000e-50  3.592314e-02  3.759398e-02  1.000000e-50  1.236424e-01  1.754386e-02  1.963241e-02  3.717627e-02  4.218881e-02  1.000000e-50 
2.677625e-02  1.000000e-50  8.297985e-02  1.431601e-02  2.041357e-02  6.203606e-02  2.942736e-02  6.601273e-02  1.352068e-02  6.124072e-02  1.367975e-01  4.639449e-02  1.000000e-50  2.386002e-03  1.590668e-02  1.139979e-02  1.219512e-02  1.000000e-50  1.000000e-50  1.378579e-02  1.296394e-01  1.060445e-02  6.177094e-02  1.000000e-50  6.945917e-02  2.836691e-02  1.000000e-50  2.783669e-02  3.499470e-02  2.173913e-02 
1.102029e-01  2.550719e-02  1.000000e-50  1.000000e-50  4.382509e-02  9.877881e-02  1.000000e-50  4.116604e-02  1.664369e-02  2.038605e-02  1.005515e-01  3.446917e-02  1.000000e-50  2.954501e-04  1.812094e-02  1.575734e-02  1.000000e-50  1.000000e-50  1.000000e-50  4.668111e-02  1.000000e-50  2.875714e-02  7.533977e-02  1.000000e-50  8.321844e-02  1.703762e-01  7.878669e-04  4.480993e-02  1.000000e-50  2.432539e-02 
2.937008e-02  1.393701e-02  2.244094e-02  1.000000e-50  1.518110e-01  2.952756e-02  1.000000e-50  1.728346e-01  5.669291e-03  9.921260e-03  3.496063e-02  2.251181e-01  1.000000e-50  9.866142e-02  3.330709e-02  1.433071e-02  4.330709e-03  1.000000e-50  1.000000e-50  7.716535e-03  1.338583e-03  1.125984e-02  2.228346e-02  1.000000e-50  3.543307e-02  1.039370e-02  1.000000e-50  8.425197e-03  2.716535e-02  2.976378e-02 
1.000000e-50  1.000000e-50  1.000000e-50  1.053564e-02  1.000000e-50  2.461599e-03  1.000000e-50  1.000000e-50  6.104766e-03  1.000000e-50  1.000000e-50  1.000000e-50  6.518314e-02  1.000000e-50  1.000000e-50  1.000000e-50  5.819220e-02  2.928318e-01  1.687672e-01  1.000000e-50  1.000000e-50  1.000000e-50  1.000000e-50  1.000000e-50  1.000000e-50  1.000000e-50  3.749508e-01  1.000000e-50  2.097282e-02  1.000000e-50 
1.000000e-50  1.000000e-50  1.000000e-50  1.000000e-50  1.000000e-50  4.638834e-03  1.000000e-50  7.236581e-01  2.120610e-02  1.000000e-50  1.000000e-50  6.030484e-02  1.000000e-50  4.506296e-02  1.325381e-03  1.438038e-01  1.000000e-50  1.000000e-50  1.000000e-50  1.000000e-50  1.000000e-50  1.000000e-50  1.000000e-50  1.000000e-50  1.000000e-50  1.000000e-50  1.000000e-50  1.000000e-50  1.000000e-50  1.000000e-50 
6.512537e-03  2.963204e-02  4.623901e-02  1.758385e-02  1.000000e-50  1.000000e-50  1.000000e-50  1.000000e-50  8.596548e-02  3.288831e-02  1.696516e-01  1.497883e-02  1.628134e-03  1.000000e-50  4.363400e-02  1.432758e-02  1.000000e-50  1.000000e-50  1.000000e-50  1.953761e-02  1.000000e-50  3.614458e-02  2.572452e-02  1.000000e-50  3.298600e-01  1.000000e-50  1.000000e-50  1.256920e-01  1.000000e-50  1.000000e-50 
5.382644e-02  1.940681e-02  3.002563e-02  1.000000e-50  7.433175e-02  4.723544e-02  1.794215e-02  1.944343e-01  2.343464e-02  4.393995e-03  6.078360e-02  1.171732e-01  1.000000e-50  4.027829e-03  2.965947e-02  3.075796e-02  2.306847e-02  1.000000e-50  1.000000e-50  2.453314e-02  1.000000e-50  1.428048e-02  1.537898e-02  1.000000e-50  7.433175e-02  6.261443e-02  1.000000e-50  3.295496e-02  2.196997e-02  2.343464e-02 
1.000000e-50  3.703051e-03  1.000000e-50  5.443484e-01  1.000000e-50  1.851525e-02  1.000000e-50  7.053430e-04  3.350379e-03  1.000000e-50  1.000000e-50  1.000000e-50  1.622289e-02  1.763357e-04  1.000000e-50  2.116029e-03  8.534650e-02  1.000000e-50  1.000000e-50  1.000000e-50  3.879386e-03  2.821372e-03  4.761065e-03  1.000000e-50  8.446482e-02  1.000000e-50  1.000000e-50  1.000000e-50  2.108975e-01  1.869159e-02 
1.823125e-02  3.566288e-02  5.053574e-02  5.757237e-03  2.238925e-03  1.025108e-01  3.950104e-02  3.518311e-03  2.830641e-02  4.781705e-02  2.558772e-02  1.000000e-50  1.000000e-50  1.000000e-50  1.000000e-50  4.317927e-03  8.955701e-03  3.238446e-01  1.000000e-50  1.695186e-02  6.780745e-02  1.455301e-02  1.151447e-02  1.000000e-50  8.555893e-02  1.000000e-50  3.998081e-02  7.356469e-03  2.334879e-02  3.614265e-02 
1.000000e-50  6.687648e-03  8.457907e-02  1.000000e-50  1.000000e-50  6.766326e-02  2.124312e-02  1.000000e-50  1.416208e-02  2.407553e-01  1.000000e-50  7.867821e-03  1.000000e-50  1.000000e-50  1.000000e-50  1.000000e-50  1.000000e-50  1.000000e-50  1.000000e-50  2.084972e-02  3.520850e-01  4.327301e-03  2.517703e-02  1.000000e-50  6.608969e-02  1.000000e-50  1.000000e-50  1.000000e-50  6.845004e-02  2.006294e-02 
1.000000e-50  1.000000e-50  1.000000e-50  1.000000e-50  1.000000e-50  3.579418e-02  3.057420e-02  1.565996e-02  4.548844e-02  1.137211e-01  4.772558e-02  1.000000e-50  1.000000e-50  1.000000e-50  4.586130e-02  4.101417e-03  3.355705e-02  1.000000e-50  1.000000e-50  1.000000e-50  4.843400e-01  4.474273e-03  1.000000e-50  1.000000e-50  4.586130e-02  2.311708e-02  1.000000e-50  3.281133e-02  1.000000e-50  3.691275e-02 
3.403141e-02  4.759638e-03  3.100904e-01  2.712994e-02  1.000000e-50  3.641123e-02  5.473584e-03  5.164208e-02  1.000000e-50  7.615421e-03  1.551642e-01  5.830557e-02  1.000000e-50  1.000000e-50  1.000000e-50  6.187530e-03  1.404093e-02  1.000000e-50  1.000000e-50  1.000000e-50  4.997620e-03  9.519277e-03  1.223227e-01  1.618277e-02  1.028082e-01  1.000000e-50  1.000000e-50  1.237506e-02  2.094241e-02  1.000000e-50 
4.505387e-02  1.958864e-02  6.219393e-02  1.000000e-50  1.028404e-02  8.521058e-02  7.492654e-02  3.819785e-02  3.770813e-02  1.000000e-50  2.213516e-01  1.665034e-02  1.000000e-50  1.958864e-03  1.000000e-50  1.000000e-50  4.897160e-03  1.000000e-50  1.000000e-50  1.000000e-50  1.000000e-50  1.000000e-50  3.379040e-02  1.000000e-50  1.738492e-01  1.000000e-50  4.407444e-03  1.307542e-01  1.000000e-50  3.917728e-02 
7.893669e-02  1.000000e-50  1.000000e-50  1.000000e-50  1.000000e-50  1.000406e-01  1.000000e-50  3.693182e-02  5.478896e-03  1.603084e-02  1.396104e-01  6.148539e-02  1.000000e-50  1.000000e-50  1.000000e-50  9.740260e-03  1.000000e-50  1.000000e-50  1.000000e-50  4.809253e-02  1.136364e-02  2.617695e-02  8.116883e-02  1.000000e-50  1.276380e-01  2.213880e-01  1.000000e-50  3.591721e-02  1.000000e-50  1.000000e-50 
1.000000e-50  3.375133e-04  1.000000e-50  1.000000e-50  1.000000e-50  2.596256e-04  1.000000e-50  1.000000e-50  1.000000e-50  1.000000e-50  1.000000e-50  1.000000e-50  1.385103e-01  1.000000e-50  1.000000e-50  1.000000e-50  1.000000e-50  1.015136e-02  1.000000e-50  1.000000e-50  1.000000e-50  1.000000e-50  1.000000e-50  8.330348e-01  1.000000e-50  1.000000e-50  1.770647e-02  1.000000e-50  1.000000e-50  1.000000e-50 
2.875597e-02  2.070430e-02  3.317997e-02  6.901433e-03  2.388958e-02  1.262608e-01  4.123164e-02  8.768360e-02  1.000000e-50  2.459742e-02  1.279420e-01  7.609273e-03  5.839674e-03  1.000000e-50  3.264909e-02  3.256061e-02  3.981596e-03  1.000000e-50  4.954875e-03  6.282074e-03  2.132366e-02  2.265086e-02  2.309326e-02  1.000000e-50  1.195364e-01  5.662715e-03  1.185631e-02  8.998407e-02  5.476907e-02  3.609981e-02 
4.679324e-02  5.979967e-03  7.430109e-02  1.000000e-50  5.740768e-02  3.752429e-02  6.996562e-02  5.187621e-02  2.272388e-02  2.152788e-02  8.700852e-02  2.377037e-02  1.000000e-50  1.644491e-03  2.092988e-02  2.167738e-02  1.000000e-50  1.000000e-50  1.000000e-50  5.785618e-02  8.222455e-03  2.122888e-02  6.847062e-02  1.000000e-50  9.552997e-02  8.940051e-02  5.979967e-04  2.930184e-02  6.727463e-03  7.953356e-02 
1.000000e-50  1.000000e-50  1.000000e-50  1.000000e-50  1.000000e-50  4.972376e-03  3.947514e-01  1.000000e-50  1.243094e-03  1.000000e-50  1.000000e-50  1.000000e-50  2.889503e-01  1.000000e-50  1.000000e-50  1.000000e-50  1.000000e-50  1.314917e-01  1.000000e-50  1.000000e-50  1.000000e-50  1.000000e-50  1.000000e-50  1.250000e-01  3.176796e-03  1.000000e-50  5.041436e-02  1.000000e-50  1.000000e-50  1.000000e-50 
1.327932e-02  3.398605e-02  7.337385e-02  4.321404e-02  2.070673e-02  3.038488e-02  1.575512e-01  2.520819e-02  1.000000e-50  1.080351e-02  8.822867e-02  8.327707e-03  1.000000e-50  1.000000e-50  6.729687e-02  1.890614e-02  7.292370e-02  1.000000e-50  1.000000e-50  1.935629e-02  1.035336e-02  1.530497e-02  1.530497e-02  1.000000e-50  6.774702e-02  2.340761e-02  2.700878e-03  3.848751e-02  7.494936e-02  6.819716e-02 
8.371519e-02  2.326401e-02  1.090941e-01  1.850546e-02  2.485019e-02  6.644343e-02  6.750088e-02  3.771590e-02  5.992245e-02  5.428269e-02  8.036658e-02  1.022207e-02  1.000000e-50  1.000000e-50  1.000000e-50  2.573141e-02  3.013747e-02  1.000000e-50  1.000000e-50  2.890377e-02  4.547057e-02  1.000000e-50  3.665844e-02  1.000000e-50  5.516391e-02  1.000000e-50  1.000000e-50  5.234403e-02  2.537892e-02  6.432852e-02 
1.000000e-50  1.000000e-50  1.000000e-50  1.014142e-01  1.000000e-50  4.465947e-02  1.190919e-02  1.000000e-50  1.000000e-50  1.000000e-50  8.559732e-03  1.000000e-50  4.838109e-03  1.000000e-50  5.173055e-02  1.000000e-50  3.894678e-01  1.000000e-50  1.520283e-01  1.000000e-50  1.000000e-50  1.000000e-50  1.000000e-50  1.000000e-50  3.777447e-02  1.000000e-50  1.000000e-50  1.000000e-50  1.092296e-01  8.838854e-02 


#DOUBLE_1x30_DISCRETE_HIDDEN_DOMINANT-EIGENVECTOR
2.509747e-02  9.364979e-03  2.619789e-02  2.163177e-02  6.704608e-02  3.709458e-02  5.239836e-02  7.535974e-02  1.079357e-02  1.689239e-02  4.533784e-02  5.615165e-02  4.501518e-02  6.700883e-03  1.379709e-02  1.229583e-02  2.519902e-02  2.830934e-02  1.156772e-02  1.192873e-02  1.898552e-02  9.268707e-03  2.204153e-02  1.702908e-01  5.066022e-02  2.970874e-02  3.217656e-02  1.964109e-02  2.513429e-02  2.391245e-02  

#DOUBLE_30x20_DISCRETE_AA_EMISSION
2.479916e-02  1.973454e-02  1.234719e-01  2.427524e-02  1.000000e-50  2.176039e-01  1.955990e-02  1.000000e-50  3.021306e-02  2.165561e-02  1.000000e-50  6.671324e-02  1.973454e-02  1.519385e-02  2.357667e-02  2.176039e-01  1.652113e-01  1.000000e-50  3.492840e-03  7.160321e-03 
2.254580e-02  3.757633e-03  3.240958e-02  1.550023e-02  1.174260e-02  7.566933e-01  6.106153e-03  4.697041e-03  2.536402e-02  1.456083e-02  2.818225e-03  1.878816e-02  1.878816e-03  9.863786e-03  1.690935e-02  3.381869e-02  1.174260e-02  4.227337e-03  1.409112e-03  5.166745e-03 
1.691468e-01  2.513228e-02  5.439815e-02  6.200397e-02  5.059524e-02  3.191138e-02  2.447090e-02  1.372354e-02  4.976852e-02  1.509590e-01  3.687169e-02  3.158069e-02  1.000000e-50  4.993386e-02  4.960317e-02  7.242063e-02  4.166667e-02  2.314815e-02  2.017196e-02  4.249339e-02 
7.056410e-02  8.205128e-03  1.314872e-01  8.841026e-02  4.020513e-02  4.471795e-02  2.769231e-02  1.353846e-02  7.117949e-02  9.702564e-02  1.579487e-02  5.907692e-02  1.000000e-50  6.523077e-02  4.800000e-02  1.087179e-01  5.907692e-02  5.333333e-03  1.476923e-02  3.097436e-02 
2.699289e-02  1.150189e-02  6.648494e-03  3.736454e-02  4.747025e-02  5.119340e-03  1.834984e-02  1.856924e-01  3.749751e-02  1.405492e-01  1.808390e-02  1.110299e-02  1.000000e-50  2.167409e-02  3.929260e-02  1.702014e-02  7.898411e-02  2.368858e-01  1.263214e-02  4.713782e-02 
4.633159e-02  3.525488e-02  2.223678e-01  4.811815e-02  3.704145e-02  1.429252e-02  4.383040e-02  3.132444e-02  4.311577e-02  4.478323e-02  1.500715e-02  1.610291e-01  1.000000e-50  2.822773e-02  4.692711e-02  6.383992e-02  2.894235e-02  3.227727e-02  1.345879e-02  4.383040e-02 
9.366019e-02  8.537616e-03  5.300085e-02  9.078614e-02  3.355875e-02  3.922232e-02  1.851226e-02  5.215554e-02  5.824176e-02  9.687236e-02  1.656805e-02  2.180896e-02  1.267117e-01  3.786982e-02  4.615385e-02  4.868977e-02  3.837701e-02  6.179205e-02  2.180896e-02  3.567202e-02 
1.053621e-01  2.877782e-02  2.272861e-02  4.992071e-02  7.981441e-02  4.363658e-02  2.948259e-02  4.357785e-02  5.074294e-02  4.980325e-02  2.402067e-02  2.167146e-02  1.000000e-50  3.664768e-02  5.820168e-02  9.062078e-02  8.674458e-02  8.345569e-02  2.325718e-02  7.153345e-02 
4.009921e-02  1.198842e-02  5.208764e-02  4.381976e-02  1.364200e-02  5.357586e-01  2.480364e-02  1.364200e-02  3.596527e-02  3.968582e-02  8.681273e-03  4.630012e-02  2.066970e-03  1.612236e-02  2.728400e-02  3.059115e-02  2.232327e-02  1.322861e-02  6.614303e-03  1.529558e-02 
5.231494e-02  1.438661e-02  1.292179e-01  5.440753e-02  2.668062e-02  8.422705e-02  3.662046e-02  1.307873e-03  9.181271e-02  2.746534e-02  1.595606e-02  2.503270e-01  1.000000e-50  5.362281e-02  6.199320e-02  5.257651e-02  4.708344e-03  3.400471e-03  1.255558e-02  2.641904e-02 
5.529149e-02  2.153458e-02  3.880105e-03  7.003589e-02  7.119992e-02  7.760210e-03  3.511495e-02  7.711708e-02  9.166748e-02  9.923368e-02  2.861577e-02  1.726647e-02  1.000000e-50  5.674653e-02  7.498302e-02  2.211660e-02  5.839558e-02  1.300805e-01  1.872151e-02  6.023863e-02 
5.752074e-02  2.684301e-02  6.573799e-02  5.110346e-02  5.298169e-02  2.081703e-02  2.253874e-02  7.685084e-02  5.775552e-02  1.230239e-01  2.058225e-02  4.758178e-02  6.049460e-02  3.122554e-02  4.836438e-02  3.850368e-02  3.568634e-02  1.008765e-01  2.113007e-02  4.038191e-02 
1.428712e-01  1.238086e-02  5.866169e-02  1.109364e-01  1.984868e-02  3.183649e-02  1.336347e-02  3.694605e-02  9.177557e-02  1.162425e-01  3.124693e-02  4.451214e-02  2.161737e-03  5.699125e-02  7.998428e-02  6.092169e-02  2.446694e-02  3.232780e-02  1.021912e-02  2.230520e-02 
6.287227e-02  9.927201e-03  5.625414e-02  4.831238e-02  2.448709e-02  2.250165e-02  2.448709e-02  9.463931e-02  5.559232e-02  1.396426e-01  2.183984e-02  3.507611e-02  2.647253e-02  3.044341e-02  4.632694e-02  6.022502e-02  6.882859e-02  1.422899e-01  9.927201e-03  1.985440e-02 
9.845061e-02  2.194964e-02  8.198838e-02  6.391220e-02  2.130407e-02  4.583602e-02  1.904454e-02  2.420917e-02  5.842479e-02  6.520336e-02  1.613944e-02  3.486120e-02  2.127179e-01  1.549387e-02  4.002582e-02  8.037444e-02  4.777276e-02  3.647515e-02  1.000000e-50  1.581666e-02 
2.262118e-02  1.000000e-50  1.759425e-02  5.745063e-03  1.000000e-50  9.041293e-01  6.463196e-03  1.000000e-50  4.667864e-03  1.000000e-50  3.949731e-03  3.590664e-03  1.000000e-50  1.000000e-50  1.000000e-50  2.800718e-02  1.000000e-50  1.000000e-50  1.000000e-50  3.231598e-03 
9.670601e-02  1.127356e-02  7.169280e-02  1.007574e-01  1.937643e-02  4.879338e-02  2.994539e-02  1.972873e-02  7.292584e-02  4.756033e-02  1.233046e-02  3.646292e-02  1.252422e-01  4.280430e-02  4.949797e-02  1.174916e-01  3.980976e-02  2.272327e-02  1.497270e-02  1.990488e-02 
8.037265e-02  2.005369e-02  3.363335e-02  7.326701e-02  6.063477e-02  1.942207e-02  3.205432e-02  4.437076e-02  7.689878e-02  1.367440e-01  2.858045e-02  5.100268e-02  1.000000e-50  4.137060e-02  6.189799e-02  6.000316e-02  7.026686e-02  5.210801e-02  1.247434e-02  4.484447e-02 
1.245688e-01  1.188195e-02  1.054044e-01  6.362591e-02  2.721349e-02  4.216175e-02  2.568034e-02  2.069759e-02  5.557685e-02  1.130701e-01  3.257953e-02  1.069375e-01  1.000000e-50  4.599463e-02  6.094289e-02  6.899195e-02  3.334611e-02  1.954772e-02  9.582215e-03  3.219624e-02 
1.106195e-01  1.438053e-02  6.194690e-02  9.476401e-02  3.281711e-02  1.364307e-02  2.949853e-02  2.286136e-02  7.853982e-02  3.982301e-02  1.216814e-02  3.171091e-02  1.747788e-01  3.171091e-02  5.825959e-02  7.042773e-02  3.207965e-02  5.125369e-02  6.268437e-03  3.244838e-02 
1.418440e-03  1.891253e-03  7.092199e-03  3.546099e-03  8.037825e-03  9.442080e-01  3.782506e-03  1.000000e-50  6.382979e-03  1.000000e-50  2.836879e-03  1.371158e-02  1.000000e-50  1.000000e-50  1.000000e-50  3.073286e-03  4.018913e-03  1.000000e-50  1.000000e-50  1.000000e-50 
7.194245e-02  1.007194e-02  1.160671e-01  5.131894e-02  3.741007e-02  5.323741e-02  2.637890e-02  1.630695e-02  5.227818e-02  7.434053e-02  2.014388e-02  9.064748e-02  2.000000e-01  3.213429e-02  4.748201e-02  4.604317e-02  1.678657e-02  1.390887e-02  8.153477e-03  1.534772e-02 
2.536449e-02  6.590773e-03  1.000000e-50  6.031556e-02  4.413821e-02  1.000000e-50  1.000000e-50  2.105053e-01  7.329738e-02  1.204314e-01  1.737567e-02  1.000000e-50  1.000000e-50  3.734771e-02  3.395247e-02  1.338127e-02  9.446775e-02  2.148991e-01  1.577791e-02  3.215498e-02 
1.333040e-01  1.261299e-02  4.705913e-02  9.054415e-02  3.874544e-02  3.260729e-02  1.976121e-02  6.480019e-02  6.609515e-02  1.231514e-01  3.061304e-02  3.040584e-02  1.000000e-50  5.078864e-02  6.332392e-02  3.796845e-02  4.076558e-02  6.953977e-02  1.465903e-02  3.325477e-02 
5.752946e-02  1.737233e-02  7.603667e-02  8.005238e-02  3.186381e-02  3.640332e-02  2.400698e-02  5.220428e-02  9.384548e-02  7.367962e-02  1.379310e-02  3.797468e-02  3.771279e-02  3.884766e-02  5.840244e-02  7.516368e-02  9.428197e-02  5.683108e-02  1.405500e-02  2.994326e-02 
7.531010e-02  5.759008e-03  2.392203e-02  4.046072e-02  1.137035e-02  7.383343e-04  5.759008e-03  2.953337e-03  4.178972e-02  2.761370e-02  1.077968e-02  6.202008e-03  6.597755e-01  1.388069e-02  3.101004e-02  2.480803e-02  1.000000e-50  6.792676e-03  4.282339e-03  6.792676e-03 
7.833470e-02  1.013421e-02  4.176938e-02  9.572720e-02  5.162969e-02  3.382635e-02  2.355519e-02  9.244043e-02  6.956998e-02  1.277732e-01  2.369214e-02  2.437688e-02  1.095590e-03  5.176664e-02  5.258833e-02  3.026568e-02  4.149548e-02  9.380992e-02  1.465352e-02  4.149548e-02 
6.040117e-02  2.411539e-02  1.115619e-01  2.636917e-02  2.141086e-02  4.011720e-02  3.763804e-02  2.253775e-03  1.487492e-02  1.352265e-03  4.732928e-03  9.736308e-02  1.000000e-50  2.208700e-02  2.343926e-02  2.591841e-01  2.217715e-01  3.155285e-03  6.310570e-03  2.186162e-02 
3.529617e-02  2.586056e-02  1.177704e-01  3.337410e-02  5.766207e-02  4.822645e-02  4.490652e-02  1.000000e-50  4.543072e-02  7.583435e-02  2.254063e-02  1.345448e-01  1.000000e-50  3.704351e-02  5.032326e-02  5.084746e-02  1.071117e-01  3.931504e-02  1.834702e-02  5.556526e-02 
1.259930e-01  9.237022e-03  4.600037e-02  8.553482e-02  2.512470e-02  3.140587e-02  1.385553e-02  4.101238e-02  6.946241e-02  7.925365e-02  1.828930e-02  1.514872e-02  1.860336e-01  3.140587e-02  4.932570e-02  5.265103e-02  2.678736e-02  4.951044e-02  1.884352e-02  2.512470e-02 


#DOUBLE_30x3_DISCRETE_SS_EMISSION
1.000000e-50  4.675009e-02  9.532499e-01 
3.981265e-02  4.215457e-03  9.559719e-01 
1.000000e-50  1.000000e-50  1.000000e+00 
1.000000e-50  1.000000e-50  1.000000e+00 
1.000000e-50  1.000000e+00  1.000000e-50 
3.453614e-03  8.455401e-03  9.880910e-01 
1.000000e+00  1.000000e-50  1.000000e-50 
1.000000e-50  1.000000e+00  1.000000e-50 
6.190673e-03  2.888981e-02  9.649195e-01 
2.351712e-03  3.475307e-02  9.628952e-01 
1.000000e-50  1.000000e-50  1.000000e+00 
1.000000e-50  1.000000e+00  1.000000e-50 
1.000000e+00  1.000000e-50  1.000000e-50 
1.000000e-50  9.650165e-01  3.498350e-02 
1.000000e-50  1.000000e-50  1.000000e+00 
1.000000e-50  4.179050e-01  5.820950e-01 
1.000000e-50  1.000000e-50  1.000000e+00 
1.000000e+00  1.000000e-50  1.000000e-50 
1.586687e-02  1.000000e-50  9.841331e-01 
1.000000e-50  1.000000e-50  1.000000e+00 
1.000000e-50  1.000000e-50  1.000000e+00 
1.000000e-50  7.681229e-03  9.923188e-01 
1.000000e-50  1.000000e-50  1.000000e+00 
1.000000e+00  1.000000e-50  1.000000e-50 
7.600909e-03  1.000000e-50  9.923991e-01 
2.950723e-04  2.744172e-02  9.722632e-01 
1.000000e+00  1.000000e-50  1.000000e-50 
1.000000e-50  1.000000e-50  1.000000e+00 
1.000000e-50  1.000000e-50  1.000000e+00 
2.797985e-03  1.000000e-50  9.972020e-01 


#DOUBLE_30x2_DISCRETE_CIS_EMISSION
9.979138e-01  2.086231e-03 
9.985909e-01  1.409112e-03 
1.000000e+00  1.000000e-50 
1.000000e+00  1.000000e-50 
1.000000e+00  1.000000e-50 
1.000000e+00  1.000000e-50 
1.000000e+00  1.000000e-50 
1.000000e+00  1.000000e-50 
1.000000e+00  1.000000e-50 
1.000000e+00  1.000000e-50 
1.000000e+00  1.000000e-50 
1.000000e+00  1.000000e-50 
1.000000e+00  1.000000e-50 
9.940594e-01  5.940594e-03 
1.000000e+00  1.000000e-50 
9.967462e-01  3.253796e-03 
1.000000e+00  1.000000e-50 
1.000000e+00  1.000000e-50 
1.000000e+00  1.000000e-50 
1.000000e+00  1.000000e-50 
1.000000e+00  1.000000e-50 
1.000000e+00  1.000000e-50 
1.000000e+00  1.000000e-50 
1.000000e+00  1.000000e-50 
9.860146e-01  1.398541e-02 
9.514991e-01  4.850088e-02 
1.000000e+00  1.000000e-50 
1.000000e+00  1.000000e-50 
1.000000e+00  1.000000e-50 
1.000000e+00  1.000000e-50 


#DOUBLE_30x3_TORUS_TORUS_KAPPA
2.523544e+01  1.878847e+01  6.363139e+00 
2.308226e+01  1.206791e+01  6.216888e+00 
3.520242e+01  3.942250e+01  1.050101e+01 
9.465612e+01  9.272505e+01  3.809383e+01 
2.262189e+01  3.065204e+01  1.645809e+00 
1.967572e+00  4.140603e+00  -4.783125e+00 
1.167681e+02  8.958562e+01  3.698588e+01 
1.387834e+01  1.784320e+01  1.968178e+00 
8.499958e+00  5.323301e+00  2.061574e+00 
1.279218e+02  6.488515e+01  3.468598e+01 
7.149112e+00  9.938890e+00  -4.683259e-02 
6.529034e+00  7.202314e+00  -5.455692e+00 
1.300057e+02  9.451836e+01  3.588705e+01 
1.280646e+01  1.144302e+01  2.636788e+00 
4.982776e+01  2.849763e+01  1.228534e+01 
1.909838e+00  4.288633e+00  -7.940625e-01 
1.959547e+02  1.244446e+02  5.817485e+01 
1.740772e+01  1.847842e+01  4.951489e+00 
8.764621e+01  8.940554e+01  3.376464e+01 
9.059295e+01  7.417769e+01  1.859323e+01 
4.801434e+01  3.769430e+01  1.579149e+01 
3.271541e+01  4.602500e+00  -3.266380e+00 
7.265133e+00  1.924397e+01  -5.635917e+00 
3.231540e+02  2.644323e+02  9.766743e+01 
6.874259e+00  6.568200e+00  9.699898e-01 
5.034764e+01  3.220769e+01  1.083735e+01 
1.204964e+02  1.087501e+02  4.449074e+01 
9.861483e+00  9.384816e+00  -2.180678e-01 
2.388648e+01  2.062147e+01  5.744123e+00 
1.146581e+02  8.186071e+01  3.272583e+01 


#DOUBLE_30x2_TORUS_TORUS_MU
-1.421791e+00  2.891368e+00 
1.274969e+00  -2.793482e+00 
-1.272851e+00  2.571681e+00 
-1.528532e+00  -1.179311e-01 
-2.051949e+00  2.242399e+00 
-1.799560e+00  1.778199e+00 
-1.000929e+00  -7.067720e-01 
-2.385048e+00  2.635585e+00 
1.385597e+00  2.659453e-01 
9.811093e-01  6.838803e-01 
-2.167808e+00  2.582313e+00 
-1.605644e+00  2.192708e+00 
-1.112132e+00  -5.491812e-01 
-1.654976e+00  -4.990267e-01 
-1.228901e+00  -4.590832e-01 
2.858815e+00  -2.996531e+00 
-1.140255e+00  -3.049662e-01 
-1.511267e+00  -4.355955e-01 
-1.534302e+00  6.635825e-02 
-9.946554e-01  2.315268e+00 
1.482000e+00  8.265601e-02 
-1.428560e+00  1.223957e+00 
-1.467991e+00  2.213238e+00 
-1.106998e+00  -7.370156e-01 
-1.625215e+00  -4.942713e-01 
-1.163725e+00  2.596606e+00 
-1.227050e+00  -8.203533e-01 
-2.507345e+00  2.837157e+00 
-1.919631e+00  2.488633e-01 
-9.869235e-01  -5.922259e-01 


