#DOUBLE_1x40_DISCRETE_HIDDEN_START
1.000000e-50  1.000000e-50  2.140884e-02  1.864641e-02  8.287293e-03  1.000000e-50  6.215470e-03  1.000000e-50  6.767956e-02  3.798343e-02  1.000000e-50  1.000000e-50  1.000000e-50  1.726519e-02  1.346685e-01  1.174033e-02  2.417127e-02  7.113260e-02  2.486188e-02  2.348066e-02  6.353591e-02  1.000000e-50  5.317680e-02  1.000000e-50  1.000000e-50  1.174033e-02  1.000000e-50  1.000000e-50  9.668508e-03  2.762431e-03  1.443370e-01  3.314917e-02  1.000000e-50  5.524862e-03  5.455801e-02  1.000000e-50  1.000000e-50  1.132597e-01  2.348066e-02  1.726519e-02  

#DOUBLE_40x40_DISCRETE_HIDDEN_TRANSITION
1.000000e-50  1.000000e-50  5.820534e-02  1.000000e-50  3.233630e-03  1.000000e-50  1.000000e-50  1.000000e-50  1.000000e-50  2.021019e-02  1.000000e-50  1.374293e-02  4.850445e-03  3.476152e-02  4.890865e-02  6.871463e-03  1.212611e-03  1.333872e-02  1.000000e-50  1.000000e-50  1.050930e-02  1.000000e-50  2.869846e-02  1.000000e-50  1.000000e-50  1.099434e-01  1.000000e-50  4.446241e-03  2.465643e-02  2.004850e-01  4.042037e-03  5.092967e-02  1.000000e-50  3.172999e-01  1.000000e-50  1.000000e-50  1.000000e-50  2.869846e-02  1.495554e-02  1.000000e-50 
1.000000e-50  1.097486e-01  3.862661e-02  1.655426e-02  2.145923e-02  1.000000e-50  1.000000e-50  1.000000e-50  2.513795e-02  2.513795e-02  1.000000e-50  1.000000e-50  6.744329e-03  1.000000e-50  1.477621e-01  1.655426e-02  3.188228e-02  1.919068e-01  1.000000e-50  1.000000e-50  1.000000e-50  1.000000e-50  1.000000e-50  1.000000e-50  1.000000e-50  1.900674e-02  1.000000e-50  1.000000e-50  1.000000e-50  1.000000e-50  1.937462e-01  2.575107e-02  1.103617e-02  9.196812e-03  5.088903e-02  1.839362e-02  1.000000e-50  4.046597e-02  1.000000e-50  1.000000e-50 
2.950364e-03  1.700798e-02  3.089205e-02  1.000000e-50  1.000000e-50  1.000000e-50  2.221451e-02  1.000000e-50  1.000000e-50  7.844498e-02  1.000000e-50  1.000000e-50  4.061090e-02  1.000000e-50  8.000694e-02  2.134675e-02  1.509892e-02  2.204096e-02  8.330441e-03  2.342936e-02  5.883374e-02  1.266921e-02  3.835474e-02  1.000000e-50  1.000000e-50  3.384242e-02  1.000000e-50  5.258591e-02  6.629642e-02  2.846234e-02  1.141965e-01  6.004859e-02  2.776814e-03  3.835474e-02  4.217286e-02  1.000000e-50  1.000000e-50  8.122180e-02  7.809788e-03  1.000000e-50 
6.127451e-02  1.000000e-50  1.234681e-01  1.000000e-50  1.000000e-50  1.000000e-50  1.000000e-50  1.000000e-50  1.000000e-50  1.000000e-50  5.208333e-03  1.000000e-50  1.920956e-01  1.000000e-50  5.085784e-02  2.928922e-01  3.768382e-02  3.707108e-02  1.000000e-50  1.409314e-02  2.022059e-02  1.000000e-50  6.740196e-03  1.000000e-50  3.676471e-03  6.740196e-03  1.000000e-50  1.000000e-50  1.623775e-02  1.000000e-50  5.821078e-02  1.000000e-50  5.882353e-02  1.000000e-50  5.208333e-03  1.000000e-50  1.000000e-50  1.000000e-50  9.497549e-03  1.000000e-50 
1.000000e-50  1.000000e-50  1.000000e-50  1.000000e-50  8.930670e-03  1.645123e-03  1.000000e-50  1.614571e-01  1.000000e-50  1.000000e-50  1.000000e-50  3.353702e-01  1.000000e-50  1.000000e-50  1.000000e-50  1.000000e-50  1.000000e-50  1.000000e-50  1.000000e-50  4.700353e-04  2.314924e-02  2.685076e-01  1.000000e-50  5.757932e-03  1.000000e-50  1.000000e-50  1.000000e-50  1.000000e-50  1.000000e-50  1.000000e-50  1.000000e-50  1.000000e-50  1.000000e-50  1.175088e-03  1.000000e-50  1.209166e-01  6.110458e-03  1.000000e-50  5.875441e-03  6.063455e-02 
3.709199e-03  1.000000e-50  1.409496e-02  1.000000e-50  1.384768e-02  1.535608e-01  5.192878e-03  4.549951e-02  1.000000e-50  2.250247e-02  1.000000e-50  6.923838e-03  1.483680e-02  4.624135e-02  5.464886e-02  1.000000e-50  1.000000e-50  5.687438e-02  4.698318e-03  5.885262e-02  2.250247e-02  1.000000e-50  2.472799e-03  1.000000e-50  1.000000e-50  3.115727e-02  1.000000e-50  4.327399e-02  4.673591e-02  4.871414e-02  2.917903e-02  4.920870e-02  2.769535e-02  5.044510e-02  4.945598e-03  1.000000e-50  1.000000e-50  1.000000e-50  7.220574e-02  6.998022e-02 
1.000000e-50  1.195219e-02  2.833112e-02  2.744577e-02  1.000000e-50  1.000000e-50  2.567508e-02  1.000000e-50  5.356352e-02  3.054449e-02  5.312085e-03  1.000000e-50  1.460823e-02  1.372289e-02  8.587871e-02  1.000000e-50  4.249668e-02  1.000000e-50  1.150952e-01  1.239486e-02  1.593625e-02  1.000000e-50  1.159805e-01  1.000000e-50  1.549358e-02  6.197432e-03  1.000000e-50  1.000000e-50  2.080567e-02  1.000000e-50  7.436919e-02  1.000000e-50  1.000000e-50  1.000000e-50  2.257636e-01  1.000000e-50  1.000000e-50  5.002213e-02  8.410801e-03  1.000000e-50 
3.112339e-01  1.000000e-50  3.519542e-02  1.000000e-50  1.000000e-50  1.037446e-01  1.000000e-50  5.995498e-02  1.000000e-50  1.000000e-50  1.000000e-50  1.000000e-50  1.076325e-01  1.000000e-50  1.000000e-50  5.749949e-02  1.000000e-50  1.000000e-50  1.000000e-50  1.000000e-50  1.000000e-50  1.000000e-50  1.000000e-50  1.397585e-01  1.000000e-50  1.636996e-03  1.000000e-50  1.000000e-50  1.000000e-50  1.000000e-50  1.000000e-50  1.000000e-50  1.000000e-50  4.910988e-03  1.000000e-50  1.000000e-50  1.483528e-01  1.000000e-50  1.000000e-50  3.007980e-02 
1.000000e-50  1.112170e-02  7.467429e-03  2.049571e-02  1.000000e-50  1.000000e-50  1.525262e-02  1.000000e-50  7.991738e-02  3.654274e-02  1.000000e-50  1.000000e-50  1.652367e-02  1.000000e-50  5.719733e-02  1.000000e-50  6.720686e-02  2.017795e-02  1.652367e-02  7.149666e-03  5.926279e-02  1.000000e-50  6.323483e-02  1.000000e-50  1.000000e-50  9.532888e-03  1.779473e-02  7.086114e-02  6.784239e-02  4.432793e-02  6.959009e-02  7.864633e-02  1.000000e-50  7.038449e-02  3.892596e-02  1.000000e-50  1.000000e-50  3.829044e-02  6.037496e-03  9.691770e-03 
1.000000e-50  1.157964e-02  3.845314e-02  5.527638e-02  4.588158e-03  1.000000e-50  1.267206e-02  1.000000e-50  8.433472e-02  2.578108e-02  1.000000e-50  7.057024e-02  8.433472e-02  5.899061e-03  3.211711e-02  2.818440e-02  2.709198e-02  3.299104e-02  1.000000e-50  9.176316e-03  1.951060e-01  6.336028e-03  5.899061e-03  1.000000e-50  2.840288e-03  5.025126e-03  8.957833e-03  2.010050e-02  7.690627e-02  1.136115e-02  5.483941e-02  1.000000e-50  1.000000e-50  1.000000e-50  3.277256e-02  1.000000e-50  1.000000e-50  4.806642e-02  8.739349e-03  1.000000e-50 
1.000000e-50  1.000000e-50  1.000000e-50  1.000000e-50  1.000000e-50  1.000000e-50  1.432507e-01  1.000000e-50  1.000000e-50  1.000000e-50  3.443526e-02  1.000000e-50  1.000000e-50  1.000000e-50  1.000000e-50  1.000000e-50  1.000000e-50  1.000000e-50  2.754821e-02  6.198347e-03  1.000000e-50  1.000000e-50  2.066116e-02  1.000000e-50  1.000000e-50  6.887052e-03  1.000000e-50  1.000000e-50  1.000000e-50  1.000000e-50  2.754821e-03  1.000000e-50  1.000000e-50  5.509642e-03  7.417355e-01  1.000000e-50  1.000000e-50  1.000000e-50  1.101928e-02  1.000000e-50 
1.000000e-50  1.000000e-50  1.000000e-50  1.000000e-50  6.174264e-02  2.452395e-03  1.000000e-50  9.391229e-02  1.000000e-50  1.000000e-50  1.000000e-50  1.152626e-01  3.390075e-03  1.000000e-50  1.000000e-50  1.000000e-50  1.000000e-50  1.000000e-50  1.000000e-50  1.000000e-50  1.000000e-50  5.733555e-01  1.000000e-50  1.291114e-02  1.000000e-50  1.000000e-50  1.000000e-50  1.000000e-50  1.000000e-50  1.000000e-50  1.000000e-50  1.000000e-50  1.000000e-50  1.000000e-50  1.000000e-50  1.199510e-01  1.702250e-02  1.000000e-50  1.000000e-50  1.000000e-50 
6.143817e-02  4.938759e-03  2.570130e-01  1.000000e-50  1.000000e-50  1.000000e-50  1.000000e-50  3.951008e-03  1.000000e-50  1.000000e-50  1.000000e-50  1.000000e-50  1.084552e-01  3.852232e-02  1.000000e-50  4.379692e-01  4.523904e-02  9.679968e-03  1.000000e-50  1.000000e-50  1.718688e-02  1.000000e-50  1.000000e-50  1.000000e-50  1.000000e-50  1.000000e-50  1.000000e-50  1.000000e-50  1.560648e-02  1.000000e-50  1.000000e-50  1.000000e-50  1.000000e-50  1.000000e-50  1.000000e-50  1.000000e-50  1.000000e-50  1.000000e-50  1.000000e-50  1.000000e-50 
1.000000e-50  1.014851e-01  1.000000e-50  1.000000e-50  1.000000e-50  1.000000e-50  1.000000e-50  1.000000e-50  9.193777e-03  1.131542e-02  1.000000e-50  1.000000e-50  9.193777e-03  1.014851e-01  6.152758e-02  1.000000e-50  1.000000e-50  6.506365e-02  1.000000e-50  2.369165e-02  3.323904e-02  1.000000e-50  1.000000e-50  1.000000e-50  1.000000e-50  3.571429e-02  1.000000e-50  9.229137e-02  6.930693e-02  8.486563e-02  5.056577e-02  7.001414e-02  1.000000e-50  7.637907e-02  1.000000e-50  1.000000e-50  1.000000e-50  1.000000e-50  3.111740e-02  7.355021e-02 
1.482894e-03  3.919076e-02  6.016312e-02  1.285881e-01  1.271052e-03  1.000000e-50  1.112170e-02  1.000000e-50  2.870459e-02  2.001907e-02  1.000000e-50  1.000000e-50  2.976380e-02  2.711577e-02  5.317233e-02  1.387565e-02  1.324012e-02  6.673022e-02  9.532888e-03  1.218091e-02  1.287999e-01  4.236839e-03  1.504078e-02  1.000000e-50  1.906578e-03  1.398157e-02  2.849274e-02  1.000000e-50  3.696642e-02  1.000000e-50  1.269993e-01  2.499735e-02  1.000000e-50  1.196907e-02  2.309077e-02  1.906578e-03  1.000000e-50  3.304735e-02  1.557038e-02  1.684144e-02 
1.000000e-50  1.000000e-50  5.194541e-02  1.000000e-50  1.000000e-50  1.000000e-50  2.750051e-02  1.000000e-50  1.000000e-50  1.711143e-02  1.000000e-50  1.000000e-50  1.000000e-50  7.089020e-02  1.499287e-01  1.000000e-50  5.520473e-02  2.261153e-02  3.198207e-02  2.892646e-02  1.405582e-02  1.000000e-50  1.000000e-50  1.000000e-50  1.000000e-50  1.975963e-02  1.000000e-50  1.075575e-01  2.851905e-02  1.425952e-02  1.000000e-50  6.600122e-02  1.000000e-50  6.477898e-02  1.000000e-50  1.000000e-50  1.000000e-50  1.544103e-01  4.318598e-02  3.137095e-02 
1.000000e-50  1.592607e-02  2.182462e-02  1.000000e-50  1.000000e-50  1.000000e-50  3.303185e-02  1.000000e-50  1.000000e-50  2.025167e-02  1.000000e-50  1.000000e-50  1.000000e-50  7.471490e-03  8.592214e-02  1.000000e-50  1.612269e-02  1.238694e-02  6.291781e-03  1.258356e-02  2.752654e-03  1.000000e-50  4.974440e-02  1.000000e-50  3.342509e-03  4.718836e-03  1.000000e-50  6.134487e-02  7.274872e-03  1.000000e-50  3.501770e-01  2.300433e-02  1.000000e-50  3.539127e-03  1.799056e-01  1.000000e-50  1.000000e-50  3.971687e-02  4.266614e-02  1.000000e-50 
1.000000e-50  1.000000e-50  3.517270e-02  1.000000e-50  1.000000e-50  1.000000e-50  2.211457e-02  1.000000e-50  1.000000e-50  3.348778e-02  1.000000e-50  1.000000e-50  8.003370e-03  1.090986e-01  1.564869e-01  2.316765e-03  1.790227e-02  2.264111e-01  1.000000e-50  4.823083e-02  1.537489e-02  1.000000e-50  1.305813e-02  1.000000e-50  1.263690e-02  1.368997e-02  1.916596e-02  1.000000e-50  2.527380e-02  2.316765e-03  1.455350e-01  1.000000e-50  1.000000e-50  1.000000e-50  1.000000e-50  1.000000e-50  1.000000e-50  1.000000e-50  3.222409e-02  6.149958e-02 
1.000000e-50  2.511161e-03  1.297433e-02  1.000000e-50  1.000000e-50  1.000000e-50  1.060268e-02  1.000000e-50  3.766741e-03  2.985491e-02  1.143973e-01  1.000000e-50  2.176339e-02  1.000000e-50  4.827009e-02  1.000000e-50  3.710938e-02  1.464844e-02  3.222656e-02  3.487723e-03  2.022879e-02  1.000000e-50  1.623884e-01  1.000000e-50  7.463728e-02  9.347098e-03  2.650670e-03  4.282924e-02  3.138951e-02  1.000000e-50  3.417969e-02  2.720424e-02  1.000000e-50  3.766741e-03  2.518136e-01  1.000000e-50  1.000000e-50  1.000000e-50  7.952009e-03  1.000000e-50 
2.059597e-02  2.103418e-02  1.314636e-01  2.191060e-02  1.000000e-50  1.000000e-50  1.358457e-02  1.000000e-50  4.382121e-02  1.402279e-02  1.000000e-50  1.000000e-50  5.784400e-02  1.000000e-50  6.266433e-02  6.660824e-02  2.892200e-02  5.127082e-02  1.270815e-02  3.330412e-02  7.405784e-02  7.011394e-03  2.191060e-02  1.000000e-50  1.314636e-03  1.358457e-02  2.278703e-02  3.593339e-02  2.760736e-02  1.000000e-50  8.676599e-02  2.191060e-02  1.000000e-50  7.011394e-03  2.892200e-02  4.820333e-03  1.000000e-50  3.418054e-02  1.752848e-02  1.489921e-02 
1.000000e-50  8.479367e-04  1.000000e-50  1.000000e-50  1.636518e-01  1.000000e-50  1.000000e-50  1.000000e-50  1.000000e-50  1.000000e-50  1.000000e-50  1.413228e-02  1.000000e-50  1.000000e-50  1.000000e-50  1.000000e-50  1.000000e-50  1.000000e-50  1.000000e-50  1.000000e-50  9.949124e-02  2.215941e-01  1.000000e-50  1.000000e-50  1.000000e-50  1.000000e-50  1.000000e-50  1.000000e-50  1.000000e-50  1.000000e-50  1.000000e-50  1.000000e-50  1.000000e-50  1.000000e-50  1.000000e-50  4.287733e-01  2.275297e-02  1.000000e-50  1.000000e-50  4.875636e-02 
1.000000e-50  1.000000e-50  1.000000e-50  1.000000e-50  1.000000e-50  3.886603e-03  1.000000e-50  8.007545e-02  1.000000e-50  1.000000e-50  1.000000e-50  5.013717e-01  1.000000e-50  1.000000e-50  1.000000e-50  1.000000e-50  1.000000e-50  1.000000e-50  1.000000e-50  1.000000e-50  1.000000e-50  3.119570e-01  1.000000e-50  1.017375e-02  1.000000e-50  1.000000e-50  1.000000e-50  1.000000e-50  1.000000e-50  1.000000e-50  1.000000e-50  1.000000e-50  1.000000e-50  1.000000e-50  1.000000e-50  8.910608e-02  3.429355e-03  1.000000e-50  1.000000e-50  1.000000e-50 
1.000000e-50  1.039321e-03  1.000000e-50  1.000000e-50  1.000000e-50  1.000000e-50  8.141348e-03  1.000000e-50  4.215024e-03  1.922744e-02  2.887003e-03  1.000000e-50  1.000000e-50  1.000000e-50  1.091287e-02  1.000000e-50  1.000000e-50  2.194122e-03  9.538657e-02  1.847682e-03  1.000000e-50  1.000000e-50  5.006063e-01  1.000000e-50  1.381142e-01  1.154801e-02  1.000000e-50  1.189445e-02  1.000000e-50  1.000000e-50  1.073965e-02  2.251862e-03  1.000000e-50  1.039321e-03  1.743750e-01  1.000000e-50  1.000000e-50  1.000000e-50  3.579883e-03  1.000000e-50 
1.000000e-50  7.230256e-03  1.000000e-50  1.000000e-50  1.000000e-50  9.510567e-01  1.000000e-50  1.000000e-50  1.000000e-50  1.000000e-50  1.000000e-50  1.000000e-50  1.000000e-50  1.000000e-50  1.000000e-50  1.000000e-50  1.000000e-50  2.614016e-02  1.000000e-50  1.000000e-50  1.000000e-50  1.000000e-50  1.000000e-50  1.000000e-50  1.000000e-50  1.000000e-50  1.000000e-50  1.000000e-50  1.000000e-50  1.000000e-50  1.000000e-50  1.000000e-50  1.000000e-50  1.000000e-50  1.000000e-50  1.000000e-50  1.557286e-02  1.000000e-50  1.000000e-50  1.000000e-50 
1.000000e-50  1.000000e-50  5.471578e-02  2.448371e-02  1.000000e-50  1.000000e-50  1.724505e-02  1.000000e-50  2.320630e-02  1.426442e-02  7.792208e-02  1.000000e-50  1.000000e-50  1.000000e-50  3.087077e-02  1.341282e-02  2.469661e-02  2.576112e-02  2.716628e-01  4.939323e-02  4.896743e-03  1.000000e-50  2.554822e-02  1.000000e-50  1.560571e-01  2.405791e-02  1.234831e-02  1.000000e-50  4.449649e-02  5.748350e-03  2.682563e-02  7.025761e-03  1.277411e-03  1.000000e-50  2.469661e-02  1.000000e-50  1.000000e-50  3.129657e-02  8.090270e-03  1.000000e-50 
1.000000e-50  1.547470e-02  1.965705e-02  1.171058e-02  2.927645e-03  1.000000e-50  7.528231e-03  1.000000e-50  4.684233e-02  1.129235e-02  2.927645e-03  1.000000e-50  1.965705e-02  4.558762e-02  4.182350e-02  8.364701e-04  2.593057e-02  1.045588e-02  6.064408e-02  3.345880e-03  2.927645e-02  1.000000e-50  2.132999e-02  1.000000e-50  9.619406e-03  2.049352e-02  1.000000e-50  6.649937e-02  2.593057e-02  1.116688e-01  8.030113e-02  3.345880e-02  1.000000e-50  1.484734e-01  6.398996e-02  1.000000e-50  1.000000e-50  4.893350e-02  1.338352e-02  1.000000e-50 
1.000000e-50  5.788068e-02  3.027605e-02  1.000000e-50  1.000000e-50  1.000000e-50  8.014248e-03  1.000000e-50  1.000000e-50  1.602850e-02  1.000000e-50  1.000000e-50  1.000000e-50  1.068566e-01  9.349955e-02  1.000000e-50  1.000000e-50  1.000000e-50  1.000000e-50  1.157614e-02  1.000000e-50  1.000000e-50  2.048085e-02  1.000000e-50  1.000000e-50  1.000000e-50  1.000000e-50  1.000000e-50  6.500445e-02  7.123776e-03  3.455031e-01  3.829029e-02  1.000000e-50  1.000000e-50  2.938557e-02  6.233304e-03  1.000000e-50  1.273375e-01  1.602850e-02  2.048085e-02 
1.000000e-50  1.000000e-50  1.000000e-50  1.000000e-50  1.000000e-50  1.000000e-50  9.267060e-03  1.000000e-50  2.272957e-01  8.357203e-02  1.000000e-50  1.000000e-50  1.000000e-50  1.000000e-50  1.568660e-01  1.000000e-50  9.890480e-02  1.000000e-50  3.959562e-02  8.593092e-03  1.000000e-50  1.000000e-50  1.000000e-50  1.000000e-50  1.314238e-02  1.701769e-02  3.588880e-02  1.167650e-01  4.886268e-03  1.000000e-50  7.396799e-02  4.094356e-02  1.000000e-50  1.000000e-50  3.184499e-02  1.000000e-50  1.000000e-50  3.167650e-02  9.772536e-03  1.000000e-50 
8.739046e-02  1.144109e-02  1.146543e-01  6.085686e-02  1.000000e-50  1.000000e-50  7.302824e-04  1.000000e-50  1.000000e-50  1.000000e-50  1.000000e-50  1.000000e-50  3.084226e-01  4.138267e-03  2.896787e-02  8.422590e-02  1.000000e-50  4.819864e-02  1.000000e-50  1.947420e-03  1.000000e-50  1.000000e-50  3.164557e-03  1.000000e-50  1.000000e-50  6.572541e-03  7.302824e-03  2.750730e-02  8.812074e-02  1.000000e-50  4.333009e-02  1.000000e-50  5.063291e-02  4.138267e-03  2.434275e-04  1.000000e-50  1.000000e-50  1.947420e-03  1.606621e-02  1.000000e-50 
1.000000e-50  1.000000e-50  4.722793e-02  1.000000e-50  1.000000e-50  1.000000e-50  7.392197e-03  1.000000e-50  1.000000e-50  4.312115e-02  1.000000e-50  1.000000e-50  9.445585e-03  1.000000e-50  8.254620e-02  3.860370e-02  7.351129e-02  1.971253e-02  1.273101e-02  4.928131e-03  1.806982e-02  4.517454e-03  4.599589e-02  1.000000e-50  1.000000e-50  9.034908e-03  1.000000e-50  1.687885e-01  5.749487e-03  1.355236e-02  1.026694e-01  2.094456e-02  1.000000e-50  2.422998e-02  5.420945e-02  1.000000e-50  1.000000e-50  1.794661e-01  1.355236e-02  1.000000e-50 
1.000000e-50  1.170749e-02  3.485231e-02  3.701369e-02  1.000000e-50  1.000000e-50  1.413905e-02  1.000000e-50  9.582133e-02  4.547911e-02  1.000000e-50  9.906340e-03  2.863833e-02  7.294669e-03  9.402017e-02  2.044308e-02  5.007205e-02  4.340778e-02  1.458934e-02  3.404179e-02  4.935159e-02  3.692363e-03  4.097622e-02  1.000000e-50  3.242075e-03  1.476945e-02  1.000000e-50  5.880764e-02  3.881484e-02  2.341499e-03  1.028458e-01  4.349784e-02  1.000000e-50  5.133285e-03  3.341138e-02  1.530980e-03  1.000000e-50  3.476225e-02  1.314841e-02  1.224784e-02 
1.000000e-50  1.000000e-50  1.000000e-50  1.000000e-50  1.000000e-50  1.000000e-50  1.954887e-02  1.000000e-50  1.619048e-01  3.233083e-02  1.000000e-50  1.000000e-50  1.000000e-50  1.000000e-50  8.771930e-02  1.000000e-50  1.203008e-01  1.000000e-50  1.000000e-50  1.000000e-50  1.000000e-50  1.000000e-50  9.774436e-03  1.000000e-50  3.508772e-03  1.353383e-02  3.759398e-02  6.641604e-02  1.000000e-50  9.749373e-02  1.050125e-01  1.453634e-02  1.000000e-50  1.877193e-01  3.283208e-02  1.000000e-50  1.000000e-50  1.000000e-50  9.774436e-03  1.000000e-50 
2.956522e-02  1.000000e-50  1.000000e-50  4.173913e-02  3.304348e-02  1.000000e-50  1.000000e-50  1.000000e-50  1.000000e-50  1.000000e-50  1.000000e-50  1.000000e-50  1.000000e-50  5.547826e-01  3.652174e-02  8.347826e-02  1.000000e-50  1.000000e-50  1.000000e-50  1.000000e-50  1.913043e-02  1.000000e-50  1.000000e-50  8.695652e-03  1.000000e-50  1.000000e-50  1.000000e-50  1.000000e-50  1.547826e-01  1.000000e-50  1.000000e-50  1.000000e-50  1.000000e-50  1.000000e-50  1.000000e-50  1.000000e-50  1.000000e-50  1.000000e-50  3.826087e-02  1.000000e-50 
1.000000e-50  1.000000e-50  2.394904e-02  1.000000e-50  5.859873e-03  1.000000e-50  9.171975e-03  1.000000e-50  1.000000e-50  3.745223e-02  5.095541e-04  1.000000e-50  1.248408e-02  2.038217e-02  3.592357e-02  1.324841e-02  6.292994e-02  1.630573e-02  3.515924e-02  9.426752e-03  1.146497e-02  1.146497e-02  3.592357e-02  1.000000e-50  1.350318e-02  6.114650e-03  1.000000e-50  1.360510e-01  1.197452e-02  2.547771e-03  5.222930e-02  2.140127e-02  1.000000e-50  5.095541e-03  3.261146e-02  1.000000e-50  1.000000e-50  3.694268e-01  7.388535e-03  1.000000e-50 
1.000000e-50  2.136618e-03  9.677622e-03  2.262301e-03  1.000000e-50  1.000000e-50  2.884434e-02  1.000000e-50  7.603846e-03  1.684158e-02  7.666688e-03  1.000000e-50  5.467228e-03  1.000000e-50  1.539622e-02  2.199460e-03  1.759568e-02  4.650286e-03  1.282599e-01  8.420788e-03  5.027336e-04  1.000000e-50  2.616728e-01  1.000000e-50  4.386351e-02  1.847546e-02  3.016402e-03  1.000000e-50  2.890718e-03  1.000000e-50  2.884434e-02  6.661220e-03  1.000000e-50  2.262301e-03  3.687551e-01  1.000000e-50  1.000000e-50  1.000000e-50  6.032803e-03  1.000000e-50 
1.344415e-03  1.000000e-50  1.000000e-50  1.000000e-50  7.628942e-01  2.676607e-02  1.000000e-50  1.000000e-50  1.000000e-50  1.000000e-50  1.000000e-50  1.000000e-50  1.000000e-50  1.000000e-50  1.000000e-50  1.000000e-50  1.000000e-50  1.000000e-50  1.000000e-50  1.466634e-03  1.000000e-50  1.000000e-50  1.000000e-50  8.445368e-02  1.000000e-50  1.000000e-50  1.000000e-50  1.000000e-50  1.000000e-50  1.000000e-50  1.000000e-50  1.000000e-50  1.000000e-50  1.000000e-50  1.000000e-50  1.093865e-01  1.368858e-02  1.000000e-50  1.000000e-50  1.000000e-50 
1.000000e-50  1.000000e-50  5.747973e-02  1.000000e-50  9.579956e-03  4.119381e-01  1.000000e-50  1.000000e-50  1.000000e-50  4.568902e-02  1.000000e-50  1.000000e-50  1.000000e-50  1.000000e-50  7.811349e-02  1.000000e-50  1.000000e-50  1.000000e-50  1.000000e-50  1.000000e-50  1.000000e-50  1.000000e-50  1.000000e-50  1.000000e-50  1.000000e-50  1.000000e-50  1.000000e-50  1.000000e-50  1.000000e-50  1.245394e-01  1.000000e-50  8.843036e-02  1.000000e-50  1.495947e-01  1.000000e-50  1.000000e-50  1.000000e-50  1.000000e-50  3.463522e-02  1.000000e-50 
1.000000e-50  1.000000e-50  1.000000e-50  1.000000e-50  1.000000e-50  1.000000e-50  5.339304e-03  1.000000e-50  1.369273e-01  9.025146e-02  1.033414e-03  1.000000e-50  1.000000e-50  1.000000e-50  8.680675e-02  1.000000e-50  1.038581e-01  8.611781e-03  7.940062e-02  8.784017e-03  1.000000e-50  1.000000e-50  1.259042e-01  1.000000e-50  9.472959e-03  1.636238e-02  1.067861e-02  6.958319e-02  1.171202e-02  1.000000e-50  8.852911e-02  4.236996e-02  1.000000e-50  1.000000e-50  5.494316e-02  1.000000e-50  1.000000e-50  4.254220e-02  6.889425e-03  1.000000e-50 
1.000000e-50  2.659331e-02  1.283815e-02  2.952774e-01  1.000000e-50  1.000000e-50  1.000000e-50  1.000000e-50  2.352132e-01  1.000000e-50  1.000000e-50  1.000000e-50  1.000000e-50  1.000000e-50  5.914718e-02  1.192114e-02  1.000000e-50  6.785878e-02  2.934434e-02  1.788171e-02  1.095828e-01  1.000000e-50  1.192114e-02  1.000000e-50  1.000000e-50  1.000000e-50  1.000000e-50  4.080697e-02  1.000000e-50  1.000000e-50  4.264099e-02  3.622192e-02  1.000000e-50  2.751032e-03  1.000000e-50  1.000000e-50  1.000000e-50  1.000000e-50  1.000000e-50  1.000000e-50 
1.000000e-50  1.000000e-50  1.000000e-50  1.000000e-50  1.000000e-50  5.348133e-02  1.000000e-50  5.290471e-02  1.000000e-50  1.009082e-03  1.000000e-50  1.000000e-50  6.198645e-03  1.628946e-02  1.052328e-02  1.000000e-50  1.000000e-50  1.000000e-50  1.000000e-50  1.153236e-03  1.931671e-01  1.000000e-50  1.000000e-50  1.000000e-50  1.000000e-50  1.000000e-50  1.000000e-50  1.000000e-50  1.000000e-50  1.000000e-50  5.766181e-04  1.000000e-50  2.883091e-03  1.000000e-50  1.000000e-50  1.000000e-50  1.000000e-50  1.000000e-50  1.000000e-50  6.618135e-01 


#DOUBLE_1x40_DISCRETE_HIDDEN_DOMINANT-EIGENVECTOR
1.123815e-02  7.449911e-03  2.578571e-02  1.450984e-02  3.767957e-02  1.825507e-02  1.014040e-02  2.184265e-02  2.798167e-02  2.030353e-02  6.493555e-03  6.092134e-02  2.261015e-02  1.259179e-02  4.205512e-02  2.204851e-02  2.295930e-02  2.115079e-02  3.205028e-02  1.018827e-02  3.078463e-02  7.704108e-02  7.622174e-02  7.925409e-03  2.116631e-02  1.081844e-02  5.122597e-03  2.706995e-02  1.854984e-02  1.095415e-02  4.924555e-02  1.785778e-02  2.568518e-03  1.768794e-02  7.014480e-02  3.626911e-02  6.092228e-03  2.535598e-02  9.885313e-03  3.098304e-02  

#DOUBLE_40x20_DISCRETE_AA_EMISSION
1.145129e-01  9.145129e-03  1.093439e-01  6.322068e-02  3.061630e-02  3.697813e-02  2.862823e-02  1.351889e-02  6.163022e-02  1.212724e-01  3.260437e-02  1.149105e-01  1.000000e-50  4.930417e-02  5.844930e-02  6.123260e-02  3.300199e-02  1.789264e-02  9.145129e-03  3.459245e-02 
4.658019e-02  1.768868e-02  6.780660e-02  4.893868e-02  1.533019e-02  4.404481e-01  2.771226e-02  1.650943e-02  4.304245e-02  4.952830e-02  1.474057e-02  5.306604e-02  1.000000e-50  1.827830e-02  3.419811e-02  4.775943e-02  3.832547e-02  1.415094e-02  5.896226e-03  1.000000e-50 
3.698023e-02  1.414451e-02  1.238923e-01  3.578732e-02  5.589639e-02  4.430811e-02  4.447853e-02  2.760736e-02  4.379686e-02  7.021132e-02  1.908657e-02  1.407635e-01  1.000000e-50  3.953647e-02  5.010225e-02  4.959100e-02  1.025903e-01  3.237900e-02  1.874574e-02  5.010225e-02 
2.991058e-02  2.466852e-03  1.510947e-02  3.761949e-02  1.048412e-02  1.480111e-02  1.541782e-03  1.880974e-02  3.761949e-02  1.942646e-02  1.000000e-50  1.048412e-02  6.543324e-01  5.858773e-03  1.634289e-02  3.761949e-02  2.189331e-02  4.532840e-02  6.783842e-03  1.356768e-02 
8.149625e-02  1.254690e-02  5.347092e-02  9.591932e-02  4.432458e-02  3.166041e-02  2.263133e-02  8.454503e-02  4.749062e-02  1.276970e-01  3.142589e-02  2.509381e-02  1.000000e-50  5.100844e-02  4.608349e-02  3.353659e-02  5.065666e-02  1.053002e-01  1.500938e-02  4.010319e-02 
4.952427e-02  2.903147e-02  3.195901e-02  6.416199e-02  7.855575e-02  2.220054e-02  3.903391e-02  5.757502e-02  6.172237e-02  1.166138e-01  2.659185e-02  4.854843e-02  1.000000e-50  3.513052e-02  5.050012e-02  5.318370e-02  8.807026e-02  7.001708e-02  1.536960e-02  6.221030e-02 
6.980803e-03  1.000000e-50  1.003490e-02  1.000000e-50  1.000000e-50  9.650960e-01  3.054101e-03  1.000000e-50  2.181501e-03  1.000000e-50  1.000000e-50  4.363002e-03  1.000000e-50  1.000000e-50  1.308901e-03  6.980803e-03  1.000000e-50  1.000000e-50  1.000000e-50  1.000000e-50 
1.663294e-01  9.510320e-03  5.018211e-02  8.862809e-02  2.205585e-02  3.055443e-02  1.173614e-02  4.188588e-02  9.611493e-02  1.276811e-01  3.237556e-02  4.229057e-02  1.000000e-50  5.645488e-02  7.891542e-02  6.070417e-02  2.326993e-02  3.581546e-02  7.284500e-03  1.821125e-02 
5.263158e-02  1.260637e-03  3.907974e-02  3.435235e-02  5.830444e-03  1.150331e-02  4.412228e-03  5.042546e-03  3.624330e-02  3.624330e-03  4.884967e-03  1.150331e-02  7.347936e-01  7.248661e-03  1.922471e-02  2.663095e-02  1.000000e-50  1.733375e-03  1.000000e-50  1.000000e-50 
2.887139e-02  1.640420e-02  9.995626e-02  1.815398e-02  1.000000e-50  2.430009e-01  1.815398e-02  1.000000e-50  2.252843e-02  2.734033e-02  6.780402e-03  5.708661e-02  8.748906e-03  1.574803e-02  2.996500e-02  2.309711e-01  1.625109e-01  1.000000e-50  3.499563e-03  1.027997e-02 
6.515775e-02  1.097394e-02  5.829904e-02  5.281207e-02  2.469136e-02  2.400549e-02  2.606310e-02  9.602195e-02  5.829904e-02  1.433471e-01  2.400549e-02  3.360768e-02  1.000000e-50  3.017833e-02  4.526749e-02  5.967078e-02  7.270233e-02  1.447188e-01  1.097394e-02  1.920439e-02 
1.659190e-01  1.447178e-02  4.573082e-02  8.133140e-02  2.149059e-02  3.314038e-02  1.316932e-02  5.303907e-02  6.924747e-02  1.608538e-01  3.350217e-02  3.068017e-02  1.000000e-50  5.094067e-02  7.033285e-02  2.995658e-02  2.590449e-02  6.353111e-02  1.360347e-02  2.315485e-02 
1.268159e-01  1.354535e-02  8.303887e-02  1.118963e-01  2.080879e-02  5.261091e-02  3.180212e-02  2.414605e-02  8.029054e-02  5.653710e-02  1.864939e-02  4.102866e-02  4.515116e-03  4.848842e-02  5.771496e-02  1.276011e-01  4.358068e-02  2.021987e-02  1.590106e-02  2.080879e-02 
3.399433e-02  7.259207e-02  5.382436e-02  5.630312e-02  4.603399e-02  1.876771e-02  1.664306e-02  4.815864e-02  5.134561e-02  1.150850e-01  3.434844e-02  3.576487e-02  1.000000e-50  2.443343e-02  2.691218e-02  6.905099e-02  1.827195e-01  4.001416e-02  2.868272e-02  4.532578e-02 
4.860823e-02  4.040299e-02  1.976527e-01  5.400914e-02  3.323639e-02  1.381388e-02  3.406730e-02  3.354799e-02  4.995845e-02  6.044869e-02  1.931865e-02  1.259867e-01  3.157457e-02  4.133776e-02  4.185708e-02  7.083506e-02  2.368093e-02  3.344412e-02  1.412547e-02  3.209389e-02 
7.814732e-02  1.081412e-02  1.269129e-01  9.691900e-02  3.244236e-02  4.917364e-02  2.448480e-02  7.753520e-03  6.427260e-02  9.120588e-02  1.713936e-02  4.284840e-02  4.284840e-03  6.039584e-02  5.427464e-02  1.256886e-01  6.019180e-02  1.061008e-02  1.632320e-02  2.611712e-02 
6.336249e-02  4.664723e-03  1.078717e-01  7.444121e-02  2.293489e-02  1.846453e-02  2.623907e-02  3.343052e-02  1.162293e-01  6.375121e-02  9.718173e-03  3.809524e-02  3.945578e-02  5.014577e-02  6.822157e-02  7.716229e-02  1.111759e-01  4.878523e-02  3.692906e-03  2.215743e-02 
7.329627e-02  1.811818e-02  6.835495e-02  8.070826e-02  3.829524e-02  1.192094e-01  3.355981e-02  3.458925e-02  8.070826e-02  6.876673e-02  1.338275e-02  5.106033e-02  3.397159e-02  3.108915e-02  6.588429e-02  8.729669e-02  1.000000e-50  6.217830e-02  9.059090e-03  3.047148e-02 
6.551298e-02  2.499657e-02  4.161516e-02  5.067985e-02  4.532344e-02  3.845626e-02  1.799203e-02  4.958110e-02  6.331548e-02  1.146820e-01  1.909078e-02  2.925422e-02  1.225106e-01  3.090235e-02  5.177860e-02  4.958110e-02  4.779563e-02  6.867189e-02  2.678204e-02  4.147782e-02 
2.300347e-02  2.604167e-03  2.821181e-02  1.605903e-02  1.041667e-02  7.725694e-01  6.510417e-03  4.340278e-03  2.170139e-02  1.215278e-02  3.038194e-03  1.909722e-02  8.680556e-04  9.548611e-03  1.432292e-02  3.342014e-02  8.246528e-03  3.472222e-03  2.170139e-03  8.246528e-03 
8.894231e-02  5.797511e-03  5.175339e-02  8.484163e-02  2.997738e-02  4.114819e-02  1.880656e-02  4.638009e-02  4.977376e-02  7.763009e-02  1.484729e-02  2.050339e-02  1.923077e-01  3.195701e-02  3.987557e-02  5.231900e-02  3.789593e-02  5.740950e-02  2.276584e-02  3.506787e-02 
1.219192e-01  1.044044e-02  3.588544e-02  8.455043e-02  5.596759e-02  2.801232e-02  2.373346e-02  8.226837e-02  7.353948e-02  1.076563e-01  2.578731e-02  2.384756e-02  1.000000e-50  4.604062e-02  5.921953e-02  3.771109e-02  4.775217e-02  7.513692e-02  1.654496e-02  4.398676e-02 
3.302105e-02  1.364793e-02  9.079343e-03  4.059681e-02  5.025445e-02  6.303493e-03  1.862133e-02  1.667823e-01  4.244737e-02  1.416262e-01  1.983576e-02  1.538284e-02  1.000000e-50  2.469350e-02  4.291002e-02  1.821652e-02  7.506361e-02  2.190608e-01  1.486236e-02  4.759426e-02 
9.421488e-02  1.000000e-50  4.683196e-02  1.316804e-01  2.148760e-02  1.763085e-02  1.818182e-02  4.352617e-02  1.515152e-01  9.972452e-02  2.699725e-02  3.911846e-02  1.000000e-50  7.382920e-02  8.154270e-02  3.250689e-02  4.738292e-02  4.462810e-02  1.000000e-50  2.920110e-02 
4.289319e-02  2.838520e-02  1.116484e-01  4.142136e-02  5.592935e-02  8.200168e-03  3.469302e-02  1.227923e-01  4.142136e-02  1.131203e-01  1.871320e-02  7.548360e-02  1.000000e-50  3.006728e-02  3.238015e-02  3.532380e-02  2.186712e-02  1.349874e-01  1.219512e-02  3.847771e-02 
5.958875e-02  1.846412e-02  1.389005e-01  5.958875e-02  2.140159e-02  5.077633e-02  3.608896e-02  3.357113e-03  6.924045e-02  2.391943e-02  1.762484e-02  2.719261e-01  1.000000e-50  6.168695e-02  5.287453e-02  6.126731e-02  6.714226e-03  7.553504e-03  9.651700e-03  2.937474e-02 
5.363322e-02  1.000000e-50  8.737024e-02  3.892734e-02  1.000000e-50  6.660900e-02  9.515571e-03  1.000000e-50  4.325260e-02  2.162630e-02  1.000000e-50  7.006920e-02  5.233564e-01  1.000000e-50  1.903114e-02  4.584775e-02  2.076125e-02  1.000000e-50  1.000000e-50  1.000000e-50 
1.212423e-02  1.361900e-02  1.000000e-50  5.696728e-02  6.444112e-02  1.000000e-50  1.561202e-02  2.124232e-01  8.935393e-02  1.438299e-01  1.000000e-50  1.000000e-50  1.000000e-50  1.000000e-50  4.218568e-02  1.000000e-50  6.842717e-02  2.283674e-01  8.138183e-03  4.451088e-02 
1.556524e-01  1.282982e-02  6.293876e-02  9.005084e-02  3.316388e-02  3.679496e-02  1.960784e-02  4.575163e-02  7.891552e-02  1.082062e-01  2.227064e-02  1.839748e-02  1.452433e-02  3.873154e-02  6.342290e-02  5.640281e-02  3.703704e-02  5.156137e-02  2.299685e-02  3.074316e-02 
3.378922e-02  9.654063e-03  8.648431e-02  3.861625e-02  3.580048e-02  3.326629e-01  3.338697e-02  1.000000e-50  9.090909e-02  2.493966e-02  1.206758e-02  1.564763e-01  1.000000e-50  2.614642e-02  4.987932e-02  2.695093e-02  6.436042e-03  1.000000e-50  1.166533e-02  2.413516e-02 
6.664885e-02  2.405774e-02  5.568921e-02  5.337254e-02  4.651163e-02  3.403724e-02  3.760135e-02  2.878018e-02  5.257061e-02  3.501738e-02  2.111735e-02  5.640203e-02  1.000000e-50  4.980843e-02  5.613472e-02  1.298227e-01  1.349906e-01  5.729306e-02  1.523657e-02  4.490778e-02 
1.662152e-01  8.864812e-03  1.000000e-50  8.372322e-02  4.974144e-02  1.000000e-50  1.846836e-02  7.436592e-02  6.673233e-02  1.127801e-01  2.708692e-02  1.000000e-50  1.000000e-50  3.792169e-02  6.697858e-02  6.451613e-02  6.697858e-02  9.258803e-02  1.748338e-02  4.555528e-02 
5.584642e-02  1.000000e-50  1.000000e-50  2.006981e-01  3.490401e-02  8.726003e-03  1.745201e-02  1.099476e-01  1.623037e-01  5.410122e-02  1.000000e-50  1.000000e-50  1.000000e-50  5.061082e-02  1.000000e-50  5.235602e-02  8.027923e-02  1.169284e-01  1.000000e-50  5.584642e-02 
1.000000e-50  1.000000e-50  1.000000e-50  1.000000e-50  1.000000e-50  1.000000e+00  1.000000e-50  1.000000e-50  1.000000e-50  1.000000e-50  1.000000e-50  1.000000e-50  1.000000e-50  1.000000e-50  1.000000e-50  1.000000e-50  1.000000e-50  1.000000e-50  1.000000e-50  1.000000e-50 
1.069589e-01  2.876523e-02  2.449441e-02  5.068459e-02  8.083155e-02  4.126366e-02  2.876523e-02  4.314785e-02  4.961688e-02  4.509484e-02  2.374074e-02  2.047481e-02  1.000000e-50  3.517146e-02  5.828414e-02  9.471172e-02  9.006406e-02  8.441151e-02  2.204497e-02  7.147343e-02 
1.099222e-01  1.191634e-02  8.329280e-02  1.371595e-01  2.954767e-02  4.158560e-02  2.091440e-02  1.969844e-02  6.991732e-02  7.696984e-02  2.735895e-02  5.593385e-02  8.633268e-03  6.116245e-02  7.064689e-02  6.906615e-02  3.660019e-02  3.076362e-02  1.483463e-02  2.407588e-02 
1.814842e-01  1.102131e-02  4.996326e-02  9.331374e-02  2.204262e-02  1.000000e-50  1.469508e-02  1.000000e-50  8.082292e-02  2.145481e-01  3.232917e-02  5.437179e-02  1.000000e-50  4.702425e-02  8.229243e-02  1.028655e-01  1.000000e-50  1.000000e-50  1.322557e-02  1.000000e-50 
1.388509e-01  2.496580e-02  4.463064e-02  7.387141e-02  4.890561e-02  2.496580e-02  2.171683e-02  1.000000e-50  7.318741e-02  1.489398e-01  4.343365e-02  3.402873e-02  1.000000e-50  6.942544e-02  5.300958e-02  4.463064e-02  4.805062e-02  4.257866e-02  2.188782e-02  4.292066e-02 
7.455942e-02  1.000000e-50  1.590601e-01  4.247628e-02  6.100316e-02  1.000000e-50  6.326254e-02  2.078626e-02  4.970628e-02  4.789878e-02  1.852689e-02  1.577045e-01  1.000000e-50  3.389065e-02  6.687754e-02  5.512878e-02  4.338003e-02  2.892002e-02  1.536376e-02  6.145504e-02 
1.010378e-01  1.513404e-02  3.790718e-02  9.411934e-02  3.574517e-02  4.136639e-02  1.859325e-02  7.869703e-02  6.904007e-02  1.340444e-01  2.536754e-02  2.522341e-02  1.455751e-02  4.799654e-02  6.630153e-02  3.603344e-02  4.006918e-02  6.716633e-02  1.585471e-02  3.574517e-02 


#DOUBLE_40x3_DISCRETE_SS_EMISSION
3.951008e-03  1.000000e-50  9.960490e-01 
6.567164e-03  1.000000e-50  9.934328e-01 
1.000000e-50  1.000000e-50  1.000000e+00 
1.000000e-50  7.725587e-03  9.922744e-01 
1.000000e+00  1.000000e-50  1.000000e-50 
1.000000e+00  1.000000e-50  1.000000e-50 
1.000000e-50  5.077126e-01  4.922874e-01 
1.000000e+00  1.000000e-50  1.000000e-50 
1.000000e-50  7.055503e-03  9.929445e-01 
1.000000e-50  1.000000e-50  1.000000e+00 
1.000000e-50  9.814305e-01  1.856946e-02 
1.000000e+00  1.000000e-50  1.000000e-50 
1.000000e-50  1.000000e-50  1.000000e+00 
1.000000e-50  1.000000e-50  1.000000e+00 
2.190923e-03  4.173187e-04  9.973918e-01 
1.000000e-50  1.000000e-50  1.000000e+00 
1.000000e-50  3.894081e-03  9.961059e-01 
1.138481e-02  1.000000e-50  9.886152e-01 
1.000000e-50  1.000000e+00  1.000000e-50 
3.611350e-02  1.633706e-02  9.475494e-01 
1.000000e+00  1.000000e-50  1.000000e-50 
1.000000e+00  1.000000e-50  1.000000e-50 
1.000000e-50  1.000000e+00  1.000000e-50 
1.000000e+00  1.000000e-50  1.000000e-50 
1.000000e-50  1.000000e+00  1.000000e-50 
4.118616e-03  6.589786e-02  9.299835e-01 
1.000000e-50  1.000000e-50  1.000000e+00 
1.000000e-50  1.000000e-50  1.000000e+00 
1.000000e-50  1.000000e-50  1.000000e+00 
1.000000e-50  1.000000e-50  1.000000e+00 
1.000000e-50  1.000000e-50  1.000000e+00 
1.000000e-50  1.000000e-50  1.000000e+00 
1.554404e-02  1.000000e-50  9.844560e-01 
1.000000e-50  7.854066e-03  9.921459e-01 
1.000000e-50  1.000000e+00  1.000000e-50 
1.000000e+00  1.000000e-50  1.000000e-50 
1.000000e+00  1.000000e-50  1.000000e-50 
1.000000e-50  1.000000e-50  1.000000e+00 
4.950495e-03  2.970297e-02  9.653465e-01 
1.000000e+00  1.000000e-50  1.000000e-50 


#DOUBLE_40x2_DISCRETE_CIS_EMISSION
1.000000e+00  1.000000e-50 
1.000000e+00  1.000000e-50 
1.000000e+00  1.000000e-50 
9.938443e-01  6.155740e-03 
1.000000e+00  1.000000e-50 
1.000000e+00  1.000000e-50 
1.000000e+00  1.000000e-50 
1.000000e+00  1.000000e-50 
9.522916e-01  4.770843e-02 
1.000000e+00  1.000000e-50 
1.000000e+00  1.000000e-50 
1.000000e+00  1.000000e-50 
1.000000e+00  1.000000e-50 
1.000000e+00  1.000000e-50 
9.986383e-01  1.361684e-03 
1.000000e+00  1.000000e-50 
9.955025e-01  4.497458e-03 
1.000000e+00  1.000000e-50 
1.000000e+00  1.000000e-50 
9.974227e-01  2.577320e-03 
1.000000e+00  1.000000e-50 
1.000000e+00  1.000000e-50 
9.998843e-01  1.157273e-04 
1.000000e+00  1.000000e-50 
1.000000e+00  1.000000e-50 
1.000000e+00  1.000000e-50 
8.791304e-01  1.208696e-01 
1.000000e+00  1.000000e-50 
1.000000e+00  1.000000e-50 
1.000000e+00  1.000000e-50 
9.986618e-01  1.338210e-03 
1.000000e+00  1.000000e-50 
9.982639e-01  1.736111e-03 
1.000000e+00  1.000000e-50 
1.000000e+00  1.000000e-50 
1.000000e+00  1.000000e-50 
1.000000e+00  1.000000e-50 
1.000000e+00  1.000000e-50 
1.000000e+00  1.000000e-50 
1.000000e+00  1.000000e-50 


#DOUBLE_40x3_TORUS_TORUS_KAPPA
8.785126e+01  9.824074e+01  3.462617e+01 
6.135357e+00  3.708992e+00  1.231443e+00 
2.454526e+01  2.570073e+01  6.684553e+00 
1.142649e+02  8.437137e+01  3.939328e+01 
2.713819e+02  1.951318e+02  7.657384e+01 
1.843387e+01  1.890377e+01  5.502132e+00 
2.449710e+00  6.375079e+00  -4.868834e-01 
1.978883e+02  1.232779e+02  5.462138e+01 
6.829392e+01  4.541910e+01  1.919970e+01 
3.921451e+01  3.030922e+01  1.213459e+01 
1.352268e+01  1.151980e+01  2.843837e+00 
5.874699e+02  5.723737e+02  2.336501e+02 
2.209638e+02  1.360275e+02  6.763961e+01 
7.280334e+00  5.624960e+00  4.764297e-01 
7.174723e+00  3.371411e+00  -2.526396e+00 
9.198603e+01  9.509791e+01  3.719329e+01 
2.068797e+01  2.479405e+01  7.528161e+00 
4.021804e+00  3.281485e+00  3.474940e-01 
1.970777e+01  1.685690e+01  1.456983e+00 
1.965391e+01  1.047432e+01  5.222520e+00 
1.645997e+02  1.160867e+02  5.252265e+01 
6.011925e+02  4.824749e+02  2.100312e+02 
2.229338e+01  3.078163e+01  2.971499e+00 
4.394776e+01  3.726692e+01  5.372770e+00 
7.014404e+00  1.377341e+01  -2.698995e+00 
8.980131e+01  4.437466e+01  1.891048e+01 
3.739550e+01  8.742197e-01  -2.386930e+00 
9.771926e+00  1.160931e+01  1.354268e+00 
8.350195e+01  7.201365e+01  2.459969e+01 
1.226007e+02  5.971833e+01  3.251195e+01 
8.406472e+00  8.711630e+00  1.741304e-01 
5.630726e+01  5.062796e+01  1.285831e+01 
3.956805e+00  2.741917e+01  -4.387576e+00 
3.699291e+01  2.839710e+01  1.053450e+01 
1.494687e+01  1.694803e+01  1.841701e+00 
2.088984e+02  1.990937e+02  7.085330e+01 
9.594692e+01  9.738265e+01  3.623574e+01 
2.274037e+01  2.864142e+01  5.605766e+00 
1.595318e+01  1.034415e+01  1.671580e-01 
2.771726e+01  2.431383e+01  4.961343e+00 


#DOUBLE_40x2_TORUS_TORUS_MU
-1.555885e+00  8.243589e-02 
1.359498e+00  3.586103e-01 
-1.906276e+00  2.613248e-01 
-1.060401e+00  -4.230888e-01 
-1.208830e+00  -7.571784e-01 
-1.607977e+00  -4.146099e-01 
2.880270e+00  -2.994844e+00 
-1.098777e+00  -5.298456e-01 
-1.132863e+00  2.575940e+00 
-1.396359e+00  2.923295e+00 
-1.671105e+00  -5.025521e-01 
-1.074457e+00  -7.091210e-01 
-1.131106e+00  -3.244789e-01 
-1.721884e+00  -3.330368e-01 
-1.441379e+00  2.040347e+00 
-1.471857e+00  -1.608770e-01 
-1.545251e+00  -4.488007e-01 
-1.688223e+00  -5.704143e-01 
-1.415808e+00  2.410386e+00 
1.319276e+00  -2.830862e+00 
-1.002366e+00  -6.743121e-01 
-1.098204e+00  -7.824165e-01 
-2.023890e+00  2.253978e+00 
-1.350623e+00  -6.575772e-01 
-1.847011e+00  1.922570e+00 
9.285489e-01  7.881335e-01 
-1.437310e+00  7.532696e-01 
-1.833400e+00  2.289035e+00 
-1.010130e+00  -6.404463e-01 
1.130334e+00  4.479368e-01 
-2.389940e+00  2.708793e+00 
-1.092664e+00  2.380284e+00 
-1.374502e+00  -8.122218e-01 
1.545724e+00  3.794922e-02 
-2.410052e+00  2.640595e+00 
-1.130211e+00  -6.175713e-01 
-1.368563e+00  -2.933320e-01 
-1.378127e+00  2.572839e+00 
-2.378609e+00  1.373552e+00 
-1.064306e+00  -7.872660e-01 


