#DOUBLE_1x55_DISCRETE_HIDDEN_START
1.000000e-50  1.000000e-50  1.000000e-50  1.000000e-50  1.381215e-02  1.000000e-50  1.000000e-50  1.000000e-50  2.209945e-02  6.353591e-02  1.000000e-50  1.381215e-03  2.417127e-02  1.000000e-50  9.875691e-02  1.000000e-50  1.000000e-50  1.000000e-50  3.936464e-02  4.143646e-03  1.000000e-50  1.000000e-50  8.287293e-03  1.000000e-50  2.002762e-02  1.000000e-50  3.107735e-02  1.000000e-50  1.000000e-50  1.000000e-50  1.864641e-02  2.279006e-02  1.174033e-02  1.000000e-50  8.425414e-02  1.000000e-50  1.000000e-50  1.512431e-01  3.107735e-02  6.698895e-02  6.698895e-02  1.104972e-02  6.215470e-03  1.000000e-50  1.795580e-02  1.008287e-01  1.000000e-50  2.693370e-02  3.176796e-02  1.000000e-50  1.000000e-50  1.000000e-50  1.000000e-50  2.486188e-02  1.000000e-50  

#DOUBLE_55x55_DISCRETE_HIDDEN_TRANSITION
1.000000e-50  1.000000e-50  1.000000e-50  1.000000e-50  1.000000e-50  1.000000e-50  1.000000e-50  4.132762e-01  3.426124e-02  3.372591e-01  1.000000e-50  1.000000e-50  1.000000e-50  1.000000e-50  1.000000e-50  1.000000e-50  1.000000e-50  1.000000e-50  1.000000e-50  1.000000e-50  1.000000e-50  1.000000e-50  1.000000e-50  1.316916e-01  1.000000e-50  1.000000e-50  1.000000e-50  1.000000e-50  1.000000e-50  1.000000e-50  1.000000e-50  1.000000e-50  1.000000e-50  1.000000e-50  1.000000e-50  1.000000e-50  1.000000e-50  1.000000e-50  1.000000e-50  1.000000e-50  1.000000e-50  1.000000e-50  1.000000e-50  1.000000e-50  8.351178e-02  1.000000e-50  1.000000e-50  1.000000e-50  1.000000e-50  1.000000e-50  1.000000e-50  1.000000e-50  1.000000e-50  1.000000e-50  1.000000e-50 
4.151445e-02  2.862836e-01  1.000000e-50  1.000000e-50  1.727001e-02  1.162405e-01  1.000000e-50  1.959482e-02  2.324809e-03  1.000000e-50  1.560943e-02  1.000000e-50  1.000000e-50  1.000000e-50  1.112587e-01  6.642312e-04  1.000000e-50  1.000000e-50  1.000000e-50  1.262039e-02  1.000000e-50  1.000000e-50  1.000000e-50  1.000000e-50  1.000000e-50  5.313849e-03  8.070409e-02  1.000000e-50  1.000000e-50  1.262039e-02  1.000000e-50  1.000000e-50  1.594155e-02  1.000000e-50  1.000000e-50  1.000000e-50  1.000000e-50  1.361674e-02  1.560943e-02  4.549983e-02  1.000000e-50  1.000000e-50  1.000000e-50  1.000000e-50  1.000000e-50  3.055463e-02  1.000000e-50  1.000000e-50  1.567586e-01  1.000000e-50  1.000000e-50  1.000000e-50  1.000000e-50  1.000000e-50  1.000000e-50 
1.000000e-50  1.000000e-50  3.676471e-03  2.022059e-02  1.000000e-50  1.470588e-02  1.102941e-02  1.000000e-50  1.000000e-50  1.000000e-50  1.000000e-50  7.352941e-03  1.000000e-50  1.000000e-50  1.000000e-50  1.000000e-50  1.000000e-50  1.000000e-50  1.000000e-50  1.000000e-50  1.000000e-50  1.000000e-50  1.000000e-50  1.000000e-50  1.000000e-50  1.000000e-50  1.000000e-50  1.000000e-50  1.000000e-50  1.000000e-50  1.000000e-50  3.860294e-02  1.000000e-50  1.000000e-50  2.022059e-02  1.000000e-50  1.000000e-50  1.746324e-01  1.000000e-50  1.000000e-50  1.158088e-01  1.000000e-50  1.000000e-50  1.000000e-50  1.000000e-50  5.275735e-01  7.352941e-03  1.000000e-50  5.882353e-02  1.000000e-50  1.000000e-50  1.000000e-50  1.000000e-50  1.000000e-50  1.000000e-50 
1.953712e-02  3.787196e-02  1.112113e-02  6.612564e-03  1.000000e-50  2.924557e-01  1.000000e-50  1.000000e-50  1.000000e-50  1.000000e-50  1.292456e-02  1.000000e-50  1.000000e-50  1.000000e-50  2.134055e-02  1.000000e-50  1.000000e-50  1.000000e-50  1.000000e-50  3.606853e-03  1.000000e-50  1.000000e-50  1.000000e-50  1.893598e-02  1.000000e-50  1.000000e-50  2.028855e-01  1.000000e-50  1.000000e-50  1.000000e-50  1.000000e-50  1.562970e-02  1.000000e-50  5.109708e-03  1.000000e-50  1.000000e-50  1.000000e-50  1.743312e-02  8.716561e-03  1.000000e-50  1.000000e-50  1.713255e-02  1.000000e-50  1.000000e-50  3.606853e-03  1.112113e-02  1.000000e-50  1.000000e-50  2.837391e-01  1.000000e-50  1.000000e-50  7.514277e-03  2.705140e-03  1.000000e-50  1.000000e-50 
1.000000e-50  1.134044e-02  1.000000e-50  1.000000e-50  5.622590e-01  1.000000e-50  1.000000e-50  1.000000e-50  1.000000e-50  1.000000e-50  2.041279e-03  1.000000e-50  1.000000e-50  1.000000e-50  2.313450e-02  1.383534e-02  1.000000e-50  1.000000e-50  1.000000e-50  1.000000e-50  1.000000e-50  1.000000e-50  1.000000e-50  1.388070e-01  1.000000e-50  1.000000e-50  1.000000e-50  1.000000e-50  1.000000e-50  1.000000e-50  2.268088e-04  1.000000e-50  1.000000e-50  2.925834e-02  1.000000e-50  1.000000e-50  1.000000e-50  1.000000e-50  2.721706e-03  2.109322e-02  1.000000e-50  1.000000e-50  1.000000e-50  1.000000e-50  1.000000e-50  1.000000e-50  1.000000e-50  1.848492e-01  1.000000e-50  1.000000e-50  1.000000e-50  1.000000e-50  1.000000e-50  9.072352e-03  1.360853e-03 
1.000000e-50  1.000000e-50  1.000000e-50  1.000000e-50  1.400862e-02  1.000000e-50  1.000616e-02  1.000000e-50  2.247537e-02  1.000000e-50  1.631773e-02  1.000000e-50  1.000000e-50  1.000000e-50  2.201355e-02  1.000000e-50  1.000000e-50  1.000000e-50  1.647167e-02  7.543103e-03  1.000000e-50  2.693966e-02  1.000000e-50  1.416256e-02  1.000000e-50  9.544335e-03  2.847906e-02  1.154557e-02  1.000000e-50  8.620690e-03  1.662562e-02  4.695197e-02  2.324507e-02  1.000000e-50  8.158867e-03  1.000000e-50  1.000000e-50  2.012007e-01  1.077586e-02  2.309113e-02  1.000000e-50  5.387931e-03  1.721059e-01  3.848522e-03  3.863916e-02  7.435345e-02  1.000000e-50  1.000000e-50  4.587438e-02  1.000000e-50  1.000000e-50  1.000000e-50  1.032943e-01  1.831897e-02  1.000000e-50 
1.000000e-50  1.000000e-50  1.000000e-50  1.000000e-50  1.000000e-50  1.000000e-50  2.223987e-02  1.000000e-50  1.667990e-01  7.942812e-03  1.000000e-50  7.942812e-03  1.000000e-50  1.000000e-50  3.812550e-02  1.000000e-50  1.000000e-50  1.000000e-50  3.256553e-02  1.000000e-50  1.000000e-50  1.000000e-50  8.419380e-02  1.000000e-50  2.223987e-02  6.354249e-03  1.000000e-50  1.000000e-50  1.000000e-50  1.000000e-50  4.209690e-02  2.621128e-02  1.000000e-50  1.000000e-50  3.582208e-01  1.000000e-50  1.000000e-50  2.144559e-02  8.737093e-03  1.350278e-02  2.938840e-02  9.531374e-03  1.000000e-50  7.148531e-03  2.144559e-02  1.985703e-02  1.000000e-50  3.177125e-03  1.191422e-02  1.000000e-50  3.891978e-02  1.000000e-50  1.000000e-50  1.000000e-50  1.000000e-50 
2.657807e-03  1.471761e-01  1.000000e-50  1.770764e-01  1.000000e-50  3.541528e-01  1.328904e-03  1.000000e-50  1.000000e-50  1.000000e-50  1.000000e-50  1.661130e-03  1.000000e-50  1.000000e-50  1.860465e-02  1.000000e-50  1.000000e-50  1.000000e-50  1.000000e-50  3.654485e-03  1.000000e-50  1.000000e-50  1.000000e-50  1.000000e-50  1.000000e-50  3.322259e-03  1.000000e-50  1.000000e-50  8.637874e-03  8.970100e-03  6.312292e-03  1.000000e-50  1.000000e-50  1.000000e-50  1.000000e-50  1.000000e-50  1.000000e-50  1.000000e-50  9.966777e-04  1.000000e-50  5.647841e-03  1.528239e-01  1.000000e-50  1.000000e-50  1.000000e-50  8.305648e-03  1.000000e-50  1.000000e-50  9.867110e-02  1.000000e-50  1.000000e-50  1.000000e-50  1.000000e-50  1.000000e-50  1.000000e-50 
1.955475e-03  1.000000e-50  1.000000e-50  1.000000e-50  1.000000e-50  1.000000e-50  5.866426e-03  9.025271e-04  5.039110e-02  1.000000e-50  1.000000e-50  1.379362e-01  1.000000e-50  1.158243e-02  2.827918e-02  1.000000e-50  1.000000e-50  1.000000e-50  2.572202e-02  6.016847e-04  1.000000e-50  2.827918e-02  4.422383e-02  1.549338e-02  1.000000e-50  7.370638e-03  3.730445e-02  6.919374e-03  1.000000e-50  1.000000e-50  6.302647e-02  1.429001e-02  1.000000e-50  1.000000e-50  2.882070e-01  7.521059e-04  2.707581e-03  3.715403e-02  4.813478e-03  1.820096e-02  2.000602e-02  1.519254e-02  1.504212e-03  5.294826e-02  1.624549e-02  4.963899e-02  1.000000e-50  1.000000e-50  9.326113e-03  1.000000e-50  1.000000e-50  3.158845e-03  1.000000e-50  1.000000e-50  1.000000e-50 
3.160182e-03  1.000000e-50  1.000000e-50  1.000000e-50  1.165317e-02  1.000000e-50  8.690500e-03  1.896109e-02  1.975114e-02  6.162354e-02  1.046810e-02  7.900454e-04  1.000000e-50  1.000000e-50  3.199684e-02  1.000000e-50  1.000000e-50  9.678056e-03  4.404503e-02  4.542761e-03  1.000000e-50  5.352558e-02  1.362828e-02  5.826585e-02  1.757851e-02  1.000000e-50  7.564685e-02  1.046810e-02  1.975114e-04  1.000000e-50  4.325499e-02  1.422082e-02  1.560340e-02  1.000000e-50  5.846336e-02  1.000000e-50  1.000000e-50  1.192969e-01  1.106064e-02  2.192376e-02  4.206992e-02  2.903417e-02  6.320363e-03  1.000000e-50  7.070907e-02  9.757061e-02  1.000000e-50  1.000000e-50  3.357693e-03  1.000000e-50  1.000000e-50  1.185068e-03  1.125815e-02  1.000000e-50  1.000000e-50 
1.000000e-50  3.306613e-02  1.000000e-50  1.000000e-50  1.000000e-50  1.202405e-02  1.000000e-50  1.000000e-50  4.308617e-02  1.000000e-50  1.000000e-50  1.000000e-50  1.000000e-50  1.000000e-50  1.022044e-01  1.000000e-50  1.000000e-50  1.000000e-50  3.907816e-02  1.302605e-02  1.000000e-50  4.308617e-02  1.000000e-50  3.306613e-02  1.000000e-50  1.000000e-50  7.915832e-02  1.000000e-50  1.000000e-50  1.000000e-50  1.000000e-50  1.000000e-50  1.703407e-02  1.000000e-50  3.306613e-02  1.202405e-02  1.000000e-50  3.126253e-01  3.406814e-02  1.000000e-50  9.919840e-02  1.000000e-50  1.000000e-50  9.018036e-03  1.000000e-50  5.911824e-02  1.000000e-50  1.000000e-50  2.605210e-02  1.000000e-50  1.000000e-50  1.000000e-50  1.000000e-50  1.000000e-50  1.000000e-50 
1.540832e-03  1.000000e-50  1.000000e-50  1.000000e-50  1.000000e-50  1.000000e-50  1.340524e-01  1.000000e-50  1.926040e-02  1.000000e-50  1.540832e-03  2.542373e-02  1.000000e-50  2.311248e-02  1.000000e-50  1.000000e-50  1.000000e-50  1.000000e-50  1.000000e-50  6.933744e-03  1.000000e-50  5.392912e-03  6.486903e-01  1.000000e-50  1.000000e-50  6.933744e-03  1.000000e-50  1.000000e-50  1.540832e-03  1.000000e-50  1.000000e-50  1.000000e-50  1.000000e-50  1.000000e-50  6.163328e-02  1.000000e-50  1.000000e-50  3.081664e-03  3.081664e-03  1.000000e-50  1.000000e-50  1.540832e-03  1.000000e-50  4.622496e-02  1.000000e-50  3.081664e-03  1.000000e-50  1.000000e-50  2.311248e-03  1.000000e-50  1.000000e-50  4.622496e-03  1.000000e-50  1.000000e-50  1.000000e-50 
1.000000e-50  1.000000e-50  1.000000e-50  1.000000e-50  1.000000e-50  1.000000e-50  1.000000e-50  1.000000e-50  1.000000e-50  1.000000e-50  1.000000e-50  1.000000e-50  3.675116e-01  1.000000e-50  1.000000e-50  1.000000e-50  1.110795e-02  1.000000e-50  1.000000e-50  1.000000e-50  1.560809e-01  1.000000e-50  1.000000e-50  1.000000e-50  1.000000e-50  1.000000e-50  1.000000e-50  1.000000e-50  1.000000e-50  1.000000e-50  1.000000e-50  1.000000e-50  1.000000e-50  1.000000e-50  1.000000e-50  8.639514e-03  1.000000e-50  1.000000e-50  1.000000e-50  1.000000e-50  1.000000e-50  1.000000e-50  1.000000e-50  1.000000e-50  1.000000e-50  1.000000e-50  4.566600e-01  1.000000e-50  1.000000e-50  1.000000e-50  1.000000e-50  1.000000e-50  1.000000e-50  1.000000e-50  1.000000e-50 
1.000000e-50  1.000000e-50  1.000000e-50  1.000000e-50  1.000000e-50  1.000000e-50  1.000000e-50  1.000000e-50  1.000000e-50  1.000000e-50  1.000000e-50  1.000000e-50  1.000000e-50  1.000000e-50  1.000000e-50  1.226994e-02  1.000000e-50  1.000000e-50  1.000000e-50  1.000000e-50  1.000000e-50  1.000000e-50  1.000000e-50  1.000000e-50  1.000000e-50  1.000000e-50  1.000000e-50  1.000000e-50  1.000000e-50  1.000000e-50  1.000000e-50  1.000000e-50  1.000000e-50  1.000000e-50  9.877301e-01  1.000000e-50  1.000000e-50  1.000000e-50  1.000000e-50  1.000000e-50  1.000000e-50  1.000000e-50  1.000000e-50  1.000000e-50  1.000000e-50  1.000000e-50  1.000000e-50  1.000000e-50  1.000000e-50  1.000000e-50  1.000000e-50  1.000000e-50  1.000000e-50  1.000000e-50  1.000000e-50 
1.000000e-50  5.888267e-03  1.000000e-50  8.186127e-03  1.924458e-02  1.000000e-50  1.867011e-03  2.714347e-02  1.000000e-50  4.093063e-02  1.967543e-02  1.000000e-50  1.436163e-04  1.000000e-50  1.980468e-01  1.000000e-50  1.000000e-50  3.518598e-02  2.412753e-02  8.186127e-03  1.000000e-50  9.765906e-03  8.329743e-03  4.509550e-02  3.762746e-02  1.000000e-50  2.398391e-02  1.000000e-50  1.000000e-50  1.000000e-50  1.000000e-50  1.000000e-50  9.765906e-03  1.000000e-50  4.480827e-02  1.000000e-50  1.000000e-50  5.328163e-02  3.030303e-02  1.341376e-01  1.092920e-01  3.734023e-03  1.000000e-50  1.000000e-50  1.651587e-02  6.721241e-02  1.000000e-50  1.000000e-50  1.752118e-02  1.000000e-50  1.000000e-50  1.000000e-50  1.000000e-50  1.000000e-50  1.000000e-50 
1.000000e-50  1.000000e-50  1.000000e-50  9.671465e-02  1.000000e-50  4.503507e-01  1.000000e-50  1.000000e-50  1.000000e-50  1.000000e-50  5.537099e-03  1.000000e-50  1.000000e-50  1.000000e-50  1.000000e-50  1.000000e-50  1.000000e-50  1.000000e-50  1.000000e-50  1.000000e-50  1.000000e-50  1.000000e-50  1.000000e-50  1.000000e-50  1.000000e-50  1.000000e-50  1.000000e-50  1.000000e-50  9.597638e-03  1.000000e-50  1.000000e-50  1.000000e-50  1.000000e-50  1.000000e-50  1.000000e-50  1.000000e-50  1.000000e-50  1.845700e-03  1.000000e-50  3.691399e-03  1.000000e-50  6.275378e-02  1.000000e-50  1.000000e-50  1.000000e-50  1.000000e-50  1.000000e-50  1.000000e-50  7.641196e-02  1.919528e-01  1.000000e-50  1.000000e-50  1.000000e-50  1.000000e-50  1.011443e-01 
5.191595e-02  1.000000e-50  4.202719e-02  1.452410e-02  1.000000e-50  1.854141e-02  1.000000e-50  1.000000e-50  1.000000e-50  1.000000e-50  3.677379e-02  1.000000e-50  1.000000e-50  1.000000e-50  3.090235e-02  1.000000e-50  1.270087e-01  1.112485e-02  1.000000e-50  5.871446e-03  7.138443e-02  8.652658e-03  1.000000e-50  1.000000e-50  1.000000e-50  1.000000e-50  1.000000e-50  1.000000e-50  1.000000e-50  5.562423e-03  1.000000e-50  1.761434e-02  1.000000e-50  7.725587e-03  1.000000e-50  1.000000e-50  1.000000e-50  4.048208e-02  6.180470e-03  1.081582e-02  1.000000e-50  1.000000e-50  1.000000e-50  1.000000e-50  1.452410e-02  1.000000e-50  1.000000e-50  1.000000e-50  1.977750e-02  1.254635e-01  1.000000e-50  1.000000e-50  1.761434e-02  1.000000e-50  3.155130e-01 
1.000000e-50  3.703704e-02  1.000000e-50  1.000000e-50  3.472222e-02  1.000000e-50  1.000000e-50  1.000000e-50  1.000000e-50  1.000000e-50  1.000000e-50  1.000000e-50  1.000000e-50  1.000000e-50  2.986111e-01  1.000000e-50  1.000000e-50  1.000000e-50  1.000000e-50  1.000000e-50  1.000000e-50  1.000000e-50  1.000000e-50  1.000000e-50  1.000000e-50  1.000000e-50  4.976852e-02  1.000000e-50  1.000000e-50  1.000000e-50  1.000000e-50  1.000000e-50  5.092593e-02  1.000000e-50  6.250000e-02  1.000000e-50  1.000000e-50  2.893519e-02  3.703704e-02  2.245370e-01  9.837963e-02  1.000000e-50  1.000000e-50  1.000000e-50  1.000000e-50  6.365741e-02  1.000000e-50  1.388889e-02  1.000000e-50  1.000000e-50  1.000000e-50  1.000000e-50  1.000000e-50  1.000000e-50  1.000000e-50 
1.000000e-50  4.922280e-02  1.000000e-50  3.320772e-02  1.000000e-50  2.260951e-02  1.648610e-03  5.605276e-02  1.000000e-50  3.250118e-02  1.000000e-50  1.000000e-50  3.438530e-02  1.000000e-50  3.155911e-02  4.710316e-04  1.000000e-50  8.949600e-03  1.530853e-02  2.590674e-03  1.000000e-50  3.226566e-02  1.154027e-02  2.195007e-01  1.271785e-02  4.239284e-03  1.601507e-02  1.000000e-50  1.000000e-50  1.000000e-50  1.000000e-50  1.000000e-50  2.826189e-03  1.000000e-50  3.697598e-02  1.000000e-50  1.000000e-50  5.723033e-02  1.271785e-02  1.483749e-02  3.509185e-02  7.277438e-02  1.000000e-50  1.000000e-50  4.851625e-02  2.920396e-02  1.000000e-50  2.143194e-02  3.014602e-02  1.000000e-50  1.000000e-50  5.181347e-03  5.887894e-03  4.239284e-02  1.000000e-50 
1.141352e-02  1.492537e-02  1.000000e-50  5.794557e-02  1.000000e-50  1.791045e-01  5.267779e-03  1.000000e-50  1.000000e-50  1.000000e-50  1.000000e-50  1.000000e-50  1.843723e-02  1.000000e-50  5.882353e-02  1.000000e-50  1.000000e-50  1.000000e-50  1.000000e-50  1.492537e-02  1.000000e-50  2.107112e-02  7.901668e-03  7.901668e-02  3.863038e-02  4.389816e-03  3.248464e-02  1.000000e-50  1.000000e-50  1.000000e-50  1.000000e-50  1.668130e-02  1.000000e-50  5.267779e-03  2.985075e-02  1.000000e-50  1.000000e-50  2.458297e-02  1.755926e-02  1.000000e-50  5.004390e-02  7.199298e-02  1.316945e-02  1.000000e-50  1.000000e-50  1.755926e-02  1.000000e-50  1.668130e-02  1.852502e-01  1.000000e-50  1.000000e-50  1.000000e-50  7.023705e-03  1.000000e-50  1.000000e-50 
1.000000e-50  1.000000e-50  1.000000e-50  1.000000e-50  2.752761e-02  1.000000e-50  1.000000e-50  1.000000e-50  1.000000e-50  1.000000e-50  1.000000e-50  1.000000e-50  6.304163e-02  1.000000e-50  1.000000e-50  8.530161e-02  5.760408e-02  1.000000e-50  1.000000e-50  1.000000e-50  1.000000e-50  1.000000e-50  1.000000e-50  1.000000e-50  1.000000e-50  1.000000e-50  1.000000e-50  1.000000e-50  2.239592e-01  1.000000e-50  1.000000e-50  1.000000e-50  1.000000e-50  1.000000e-50  1.000000e-50  1.928632e-01  1.000000e-50  1.000000e-50  1.000000e-50  1.000000e-50  1.000000e-50  1.000000e-50  1.000000e-50  1.000000e-50  1.000000e-50  1.000000e-50  1.000000e-50  4.485981e-02  1.000000e-50  1.000000e-50  1.000000e-50  1.000000e-50  1.000000e-50  2.973662e-01  7.476636e-03 
1.000000e-50  9.442060e-02  1.000000e-50  3.819742e-01  1.000000e-50  6.390081e-02  1.000000e-50  1.320935e-01  1.000000e-50  1.000000e-50  1.000000e-50  1.000000e-50  1.000000e-50  1.000000e-50  4.911779e-02  1.000000e-50  1.000000e-50  1.000000e-50  1.000000e-50  1.000000e-50  1.000000e-50  2.765856e-02  1.000000e-50  6.199332e-03  1.000000e-50  1.000000e-50  1.000000e-50  1.000000e-50  1.000000e-50  1.000000e-50  1.000000e-50  1.000000e-50  1.000000e-50  1.000000e-50  1.573677e-02  1.000000e-50  1.000000e-50  1.000000e-50  1.000000e-50  1.000000e-50  4.482594e-02  1.000000e-50  1.000000e-50  1.000000e-50  1.000000e-50  4.053410e-02  1.000000e-50  1.000000e-50  1.435384e-01  1.000000e-50  1.000000e-50  1.000000e-50  1.000000e-50  1.000000e-50  1.000000e-50 
1.850329e-03  1.000000e-50  1.000000e-50  1.000000e-50  1.000000e-50  1.644737e-03  2.857730e-02  1.521382e-02  9.169408e-02  7.812500e-03  1.000000e-50  2.261513e-03  1.000000e-50  2.878289e-03  1.000000e-50  1.000000e-50  1.000000e-50  1.000000e-50  1.000000e-50  6.784539e-03  1.000000e-50  1.000000e-50  1.743421e-01  1.000000e-50  1.000000e-50  1.500822e-02  2.302632e-02  1.000000e-50  1.000000e-50  1.000000e-50  7.298520e-02  1.000000e-50  1.000000e-50  1.000000e-50  4.313322e-01  1.000000e-50  4.111842e-04  1.000000e-50  8.223684e-03  1.089638e-02  2.179276e-02  1.000000e-50  1.000000e-50  2.446546e-02  4.728618e-03  1.973684e-02  1.000000e-50  1.000000e-50  1.048520e-02  1.000000e-50  1.973684e-02  4.111842e-03  1.000000e-50  1.000000e-50  1.000000e-50 
1.000000e-50  1.000000e-50  1.000000e-50  1.000000e-50  1.451405e-02  1.000000e-50  1.000000e-50  1.000000e-50  1.000000e-50  1.000000e-50  1.000000e-50  1.000000e-50  4.837406e-01  1.000000e-50  1.000000e-50  1.000000e-50  1.000000e-50  1.000000e-50  1.000000e-50  1.000000e-50  4.097005e-02  1.000000e-50  1.000000e-50  6.375161e-02  1.000000e-50  1.000000e-50  1.000000e-50  1.000000e-50  1.000000e-50  1.000000e-50  1.000000e-50  1.000000e-50  1.000000e-50  1.286055e-03  1.000000e-50  1.000000e-50  1.000000e-50  1.000000e-50  1.000000e-50  1.000000e-50  1.000000e-50  1.000000e-50  1.000000e-50  1.000000e-50  1.000000e-50  1.000000e-50  7.863311e-02  2.590483e-01  1.000000e-50  1.000000e-50  1.000000e-50  1.000000e-50  1.000000e-50  5.805622e-02  1.000000e-50 
1.000000e-50  5.902539e-02  8.236102e-03  1.000000e-50  1.000000e-50  1.000000e-50  1.000000e-50  1.000000e-50  1.000000e-50  1.000000e-50  1.000000e-50  1.000000e-50  1.000000e-50  1.000000e-50  6.108442e-02  1.000000e-50  1.000000e-50  1.166781e-02  1.784489e-02  1.098147e-02  1.000000e-50  1.372684e-02  2.127660e-02  2.951270e-02  1.000000e-50  1.000000e-50  6.245710e-02  1.000000e-50  1.000000e-50  4.118051e-03  1.000000e-50  5.490734e-02  1.921757e-02  1.000000e-50  5.559369e-02  1.000000e-50  1.000000e-50  8.030199e-02  2.539465e-02  7.618394e-02  1.866850e-01  1.000000e-50  1.000000e-50  1.000000e-50  1.853123e-02  1.139327e-01  1.000000e-50  1.000000e-50  6.794784e-02  1.000000e-50  1.000000e-50  1.000000e-50  1.000000e-50  1.372684e-03  1.000000e-50 
1.000000e-50  2.485501e-03  1.000000e-50  1.000000e-50  1.000000e-50  1.000000e-50  1.000000e-50  2.734051e-02  1.325601e-01  5.219553e-02  1.822701e-02  9.113505e-03  1.000000e-50  1.000000e-50  1.000000e-50  1.000000e-50  1.000000e-50  1.822701e-02  8.285004e-03  1.000000e-50  1.000000e-50  1.491301e-02  9.113505e-03  1.574151e-02  1.905551e-02  4.142502e-03  1.000000e-50  1.000000e-50  1.000000e-50  1.000000e-50  1.000000e-50  1.000000e-50  1.698426e-01  1.000000e-50  6.130903e-02  1.000000e-50  1.000000e-50  3.811102e-02  1.000000e-50  1.000000e-50  5.385253e-02  1.000000e-50  1.000000e-50  1.000000e-50  1.988401e-02  3.148302e-02  1.000000e-50  1.000000e-50  1.822701e-02  1.000000e-50  1.000000e-50  2.758906e-01  1.000000e-50  1.000000e-50  1.000000e-50 
3.028702e-02  1.000000e-50  1.000000e-50  7.395668e-03  8.980454e-03  1.000000e-50  1.831308e-02  1.000000e-50  1.320655e-02  1.000000e-50  4.754358e-03  1.000000e-50  1.000000e-50  1.000000e-50  1.708047e-02  1.000000e-50  1.000000e-50  2.641310e-03  1.954569e-02  8.100018e-03  1.000000e-50  1.000000e-50  7.184363e-02  3.521747e-03  1.000000e-50  1.000000e-50  2.007396e-02  9.508716e-03  1.000000e-50  1.000000e-50  1.000000e-50  5.916535e-02  1.000000e-50  1.000000e-50  1.329459e-01  1.000000e-50  1.000000e-50  5.740447e-02  1.514351e-02  4.226096e-03  2.488114e-01  1.000000e-50  1.000000e-50  1.000000e-50  2.482831e-02  1.789047e-01  1.000000e-50  1.000000e-50  1.866526e-02  1.000000e-50  1.000000e-50  1.038915e-02  1.426307e-02  1.000000e-50  1.000000e-50 
4.477612e-03  5.522388e-02  1.000000e-50  1.000000e-50  1.000000e-50  1.000000e-50  1.044776e-02  1.000000e-50  2.686567e-02  1.000000e-50  1.000000e-50  2.985075e-03  1.000000e-50  1.000000e-50  1.000000e-50  1.000000e-50  1.000000e-50  1.000000e-50  1.000000e-50  1.000000e-50  1.000000e-50  4.179104e-02  3.283582e-02  1.000000e-50  1.000000e-50  1.000000e-50  1.000000e-50  1.000000e-50  1.000000e-50  1.000000e-50  1.044776e-02  2.238806e-02  1.000000e-50  1.000000e-50  1.000000e-50  1.000000e-50  1.000000e-50  1.253731e-01  1.000000e-50  1.000000e-50  2.776119e-01  1.000000e-50  1.000000e-50  1.000000e-50  1.343284e-02  2.014925e-01  1.000000e-50  1.000000e-50  8.656716e-02  1.000000e-50  1.000000e-50  1.000000e-50  1.000000e-50  8.805970e-02  1.000000e-50 
1.000000e-50  1.000000e-50  1.000000e-50  3.176150e-02  9.742790e-04  8.008574e-02  1.000000e-50  1.000000e-50  1.000000e-50  1.000000e-50  1.000000e-50  1.000000e-50  1.000000e-50  1.000000e-50  1.000000e-50  1.221746e-01  2.587685e-01  1.000000e-50  1.000000e-50  1.000000e-50  4.199143e-01  1.000000e-50  1.000000e-50  1.000000e-50  1.000000e-50  1.000000e-50  1.000000e-50  1.000000e-50  4.540140e-02  1.000000e-50  1.000000e-50  3.897116e-04  1.000000e-50  1.000000e-50  1.000000e-50  1.000000e-50  1.000000e-50  1.000000e-50  1.000000e-50  1.000000e-50  1.000000e-50  7.599376e-03  1.000000e-50  1.000000e-50  1.000000e-50  1.000000e-50  1.000000e-50  1.000000e-50  1.000000e-50  8.573655e-03  1.000000e-50  1.000000e-50  1.000000e-50  1.000000e-50  2.435698e-02 
1.000000e-50  1.000000e-50  1.000000e-50  1.000000e-50  2.608696e-01  2.292490e-01  1.000000e-50  1.000000e-50  1.000000e-50  1.000000e-50  1.000000e-50  7.905138e-03  1.000000e-50  1.000000e-50  1.000000e-50  7.905138e-03  1.000000e-50  1.000000e-50  1.000000e-50  1.000000e-50  1.000000e-50  1.000000e-50  1.000000e-50  9.881423e-02  1.000000e-50  1.000000e-50  1.000000e-50  1.000000e-50  1.000000e-50  1.000000e-50  1.000000e-50  1.000000e-50  1.000000e-50  1.976285e-02  1.000000e-50  1.000000e-50  1.000000e-50  1.304348e-01  1.000000e-50  1.000000e-50  1.000000e-50  9.881423e-02  1.000000e-50  1.000000e-50  1.000000e-50  1.462451e-01  1.000000e-50  1.000000e-50  1.000000e-50  1.000000e-50  1.000000e-50  1.000000e-50  1.000000e-50  1.000000e-50  1.000000e-50 
1.000000e-50  1.000000e-50  1.000000e-50  1.000000e-50  1.000000e-50  1.000000e-50  1.000000e-50  1.000000e-50  5.387205e-02  3.775125e-03  9.182736e-04  1.000000e-50  1.000000e-50  1.000000e-50  1.285583e-02  1.000000e-50  1.020304e-04  1.000000e-50  2.020202e-02  1.000000e-50  1.000000e-50  1.000000e-50  1.000000e-50  1.000000e-50  1.000000e-50  9.488828e-03  1.000000e-50  1.000000e-50  1.000000e-50  1.000000e-50  4.336292e-01  1.000000e-50  1.000000e-50  1.000000e-50  2.571166e-01  1.000000e-50  1.000000e-50  1.101928e-02  1.000000e-50  1.000000e-50  8.162432e-03  1.000000e-50  1.000000e-50  1.363126e-01  1.000000e-50  8.876645e-03  1.000000e-50  1.000000e-50  1.000000e-50  1.000000e-50  4.366901e-02  1.000000e-50  1.000000e-50  1.000000e-50  1.000000e-50 
7.137491e-03  2.178813e-02  1.000000e-50  9.579264e-02  1.000000e-50  3.944403e-02  1.000000e-50  2.685950e-01  4.883546e-03  1.000000e-50  1.000000e-50  1.000000e-50  2.253944e-02  1.000000e-50  1.000000e-50  1.000000e-50  1.000000e-50  1.000000e-50  1.000000e-50  1.000000e-50  1.000000e-50  1.000000e-50  1.000000e-50  2.595793e-01  4.057100e-02  6.761833e-03  1.000000e-50  1.000000e-50  1.000000e-50  1.000000e-50  1.000000e-50  1.000000e-50  1.000000e-50  1.000000e-50  1.000000e-50  1.000000e-50  1.000000e-50  1.000000e-50  1.000000e-50  1.000000e-50  1.000000e-50  2.854996e-02  1.000000e-50  1.000000e-50  1.000000e-50  3.155522e-02  1.000000e-50  4.357626e-02  1.164538e-01  1.000000e-50  1.000000e-50  1.000000e-50  1.000000e-50  1.277235e-02  1.000000e-50 
1.184834e-02  3.436019e-02  1.000000e-50  1.000000e-50  1.000000e-50  2.073460e-02  1.000000e-50  1.000000e-50  1.000000e-50  1.000000e-50  1.000000e-50  1.000000e-50  1.000000e-50  1.000000e-50  4.561611e-02  1.000000e-50  1.000000e-50  1.000000e-50  1.000000e-50  4.146919e-03  1.000000e-50  1.000000e-50  1.000000e-50  1.000000e-50  1.000000e-50  2.073460e-02  9.123223e-02  1.244076e-02  1.000000e-50  1.000000e-50  1.000000e-50  2.310427e-02  6.516588e-02  2.369668e-03  1.415877e-01  1.000000e-50  1.000000e-50  1.978673e-01  1.244076e-02  1.000000e-50  7.642180e-02  2.073460e-02  5.094787e-02  1.000000e-50  2.014218e-02  8.412322e-02  1.000000e-50  8.886256e-03  2.843602e-02  1.000000e-50  1.000000e-50  1.000000e-50  1.000000e-50  2.665877e-02  1.000000e-50 
1.000000e-50  1.000000e-50  1.000000e-50  1.000000e-50  1.940701e-01  1.000000e-50  1.000000e-50  2.560647e-02  1.000000e-50  1.000000e-50  2.830189e-02  1.000000e-50  1.000000e-50  1.000000e-50  1.091644e-01  1.000000e-50  1.000000e-50  1.000000e-50  1.000000e-50  1.000000e-50  1.000000e-50  1.000000e-50  1.000000e-50  1.000000e-50  1.000000e-50  1.000000e-50  1.000000e-50  1.000000e-50  1.000000e-50  1.000000e-50  1.000000e-50  1.000000e-50  1.000000e-50  4.474394e-01  1.000000e-50  1.000000e-50  1.000000e-50  1.000000e-50  1.000000e-50  1.000000e-50  1.000000e-50  1.000000e-50  2.291105e-02  1.000000e-50  1.000000e-50  1.000000e-50  1.000000e-50  1.000000e-50  4.986523e-02  1.000000e-50  1.000000e-50  1.000000e-50  1.000000e-50  5.795148e-02  6.469003e-02 
3.282994e-03  1.000000e-50  9.596444e-04  1.000000e-50  1.000000e-50  1.000000e-50  1.787969e-02  1.000000e-50  1.375827e-01  5.151775e-03  1.000000e-50  5.101268e-03  1.000000e-50  2.171827e-03  1.257639e-02  1.000000e-50  1.000000e-50  8.586292e-04  2.252639e-02  4.343654e-03  1.000000e-50  8.586292e-04  7.338754e-02  1.000000e-50  2.272842e-03  1.702106e-02  1.050558e-02  2.777918e-03  5.050760e-05  1.000000e-50  1.723824e-01  7.222587e-03  1.000000e-50  1.000000e-50  3.859286e-01  1.000000e-50  1.868781e-03  6.111420e-03  4.141623e-03  4.444669e-03  1.570786e-02  1.000000e-50  1.313198e-03  4.752765e-02  2.979948e-03  7.222587e-03  1.000000e-50  1.000000e-50  3.131471e-03  1.000000e-50  2.005152e-02  1.000000e-50  6.565988e-04  1.000000e-50  1.000000e-50 
1.000000e-50  1.000000e-50  1.000000e-50  1.000000e-50  1.000000e-50  1.000000e-50  1.000000e-50  1.000000e-50  1.000000e-50  1.000000e-50  1.000000e-50  1.000000e-50  1.187111e-01  1.000000e-50  1.000000e-50  5.734163e-02  3.808129e-02  1.000000e-50  1.000000e-50  1.000000e-50  1.098499e-03  1.000000e-50  1.000000e-50  1.000000e-50  5.858660e-04  1.000000e-50  1.000000e-50  1.000000e-50  8.897840e-02  1.000000e-50  1.000000e-50  1.000000e-50  1.000000e-50  1.000000e-50  1.000000e-50  4.631271e-01  1.000000e-50  1.000000e-50  2.929330e-04  1.000000e-50  1.000000e-50  1.000000e-50  1.000000e-50  1.000000e-50  1.000000e-50  1.000000e-50  2.175027e-01  1.000000e-50  1.000000e-50  5.785427e-03  1.000000e-50  1.000000e-50  1.000000e-50  1.000000e-50  8.495057e-03 
1.000000e-50  1.000000e-50  1.000000e-50  1.000000e-50  1.000000e-50  1.000000e-50  1.000000e-50  1.000000e-50  1.000000e-50  1.000000e-50  1.000000e-50  1.000000e-50  1.000000e-50  1.000000e-50  1.000000e-50  1.000000e-50  1.000000e-50  1.000000e-50  1.000000e-50  1.000000e-50  1.000000e-50  1.000000e-50  1.000000e-50  1.000000e-50  1.000000e-50  1.000000e-50  1.000000e-50  1.000000e-50  1.000000e-50  1.000000e-50  1.000000e-50  1.000000e-50  1.000000e-50  1.000000e-50  1.000000e+00  1.000000e-50  1.000000e-50  1.000000e-50  1.000000e-50  1.000000e-50  1.000000e-50  1.000000e-50  1.000000e-50  1.000000e-50  1.000000e-50  1.000000e-50  1.000000e-50  1.000000e-50  1.000000e-50  1.000000e-50  1.000000e-50  1.000000e-50  1.000000e-50  1.000000e-50  1.000000e-50 
5.913540e-03  1.000000e-50  1.000000e-50  1.000000e-50  1.000000e-50  1.000000e-50  6.423328e-03  1.835237e-02  4.802202e-02  1.464111e-01  1.000000e-50  1.121533e-03  1.000000e-50  1.000000e-50  3.242251e-02  1.000000e-50  1.000000e-50  1.000000e-50  7.728385e-02  2.548940e-03  1.000000e-50  1.366232e-02  9.889886e-03  1.000000e-50  1.712887e-02  5.505710e-03  1.113377e-01  2.355220e-02  1.000000e-50  1.000000e-50  4.394372e-02  3.915171e-02  7.748777e-03  1.000000e-50  7.402121e-02  1.000000e-50  1.000000e-50  5.770799e-02  7.442904e-03  1.192904e-02  6.148042e-02  1.000000e-50  1.000000e-50  1.000000e-50  4.373980e-02  1.089927e-01  1.000000e-50  1.000000e-50  1.345840e-02  1.000000e-50  1.000000e-50  1.000000e-50  1.080750e-02  1.000000e-50  1.000000e-50 
1.000000e-50  2.063983e-02  1.000000e-50  1.000000e-50  9.287926e-03  1.000000e-50  1.000000e-50  4.953560e-02  2.734778e-02  7.533540e-02  4.643963e-03  2.579979e-03  1.000000e-50  1.000000e-50  8.926729e-02  1.000000e-50  1.000000e-50  2.321981e-02  3.663571e-02  1.444788e-02  1.000000e-50  1.000000e-50  3.353973e-02  4.747162e-02  1.000000e-50  1.031992e-02  2.992776e-02  6.191950e-03  1.000000e-50  1.000000e-50  1.651187e-02  1.000000e-50  5.159959e-03  1.000000e-50  3.766770e-02  1.000000e-50  1.000000e-50  9.339525e-02  4.231166e-02  7.636739e-02  7.894737e-02  1.000000e-50  1.000000e-50  1.000000e-50  3.921569e-02  7.843137e-02  1.000000e-50  1.000000e-50  4.850361e-02  1.000000e-50  1.000000e-50  3.095975e-03  1.000000e-50  1.000000e-50  1.000000e-50 
1.537448e-03  1.000000e-50  1.000000e-50  1.000000e-50  5.161432e-02  2.415989e-02  1.000000e-50  1.000000e-50  1.000000e-50  6.149791e-03  1.779047e-02  1.000000e-50  1.000000e-50  1.000000e-50  2.257852e-01  1.000000e-50  1.000000e-50  6.918515e-02  1.000000e-50  6.149791e-03  1.000000e-50  2.833297e-02  1.000000e-50  1.229958e-02  7.687239e-03  5.710521e-03  2.218318e-02  1.000000e-50  1.000000e-50  2.196354e-03  1.000000e-50  1.000000e-50  7.687239e-03  1.000000e-50  1.000000e-50  1.000000e-50  1.000000e-50  5.139468e-02  3.536130e-02  2.659785e-01  9.246651e-02  7.467604e-03  1.000000e-50  1.000000e-50  5.710521e-03  1.000000e-50  1.000000e-50  1.427630e-02  3.887547e-02  1.000000e-50  1.000000e-50  1.000000e-50  1.000000e-50  1.000000e-50  1.000000e-50 
1.000000e-50  2.898158e-02  1.000000e-50  3.507584e-02  1.313651e-02  1.205309e-02  5.010834e-03  3.643012e-02  1.178223e-02  5.146262e-02  2.708559e-03  1.000000e-50  1.137595e-02  1.000000e-50  7.841278e-02  1.000000e-50  1.000000e-50  6.094258e-03  2.803359e-02  2.180390e-02  1.000000e-50  2.451246e-02  9.479957e-03  6.338028e-02  2.992958e-02  1.000000e-50  3.995125e-02  1.381365e-02  1.000000e-50  1.000000e-50  1.692849e-02  1.000000e-50  4.469122e-03  4.062839e-04  4.726436e-02  1.000000e-50  1.000000e-50  7.475623e-02  2.613759e-02  2.830444e-02  7.123510e-02  2.383532e-02  2.031419e-03  1.000000e-50  2.898158e-02  7.123510e-02  1.000000e-50  7.719393e-03  5.037920e-02  1.000000e-50  1.000000e-50  2.437703e-03  8.531961e-03  1.191766e-02  1.000000e-50 
1.000000e-50  1.000000e-50  1.000000e-50  1.559397e-01  1.000000e-50  5.211475e-01  1.000000e-50  1.000000e-50  1.000000e-50  1.000000e-50  1.000000e-50  1.000000e-50  1.000000e-50  1.000000e-50  1.000000e-50  1.000000e-50  1.000000e-50  1.000000e-50  1.000000e-50  1.000000e-50  1.000000e-50  1.838911e-02  1.000000e-50  1.287238e-02  1.000000e-50  1.000000e-50  1.000000e-50  1.000000e-50  1.000000e-50  1.000000e-50  1.000000e-50  1.000000e-50  1.000000e-50  1.000000e-50  1.000000e-50  1.000000e-50  1.000000e-50  1.000000e-50  1.000000e-50  1.000000e-50  1.000000e-50  1.820522e-01  1.000000e-50  1.000000e-50  1.000000e-50  1.000000e-50  1.000000e-50  9.930121e-03  9.966900e-02  1.000000e-50  1.000000e-50  1.000000e-50  1.000000e-50  1.000000e-50  1.000000e-50 
7.817590e-03  1.000000e-50  2.605863e-03  2.019544e-02  7.166124e-03  1.000000e-50  5.211726e-03  9.771987e-03  1.000000e-50  1.000000e-50  1.000000e-50  1.000000e-50  2.019544e-02  1.000000e-50  4.560261e-02  1.000000e-50  1.000000e-50  1.000000e-50  3.648208e-02  4.560261e-03  1.000000e-50  1.000000e-50  1.000000e-50  1.000000e-50  1.000000e-50  1.000000e-50  1.355049e-01  1.000000e-50  1.000000e-50  1.000000e-50  1.000000e-50  8.469055e-03  1.000000e-50  1.000000e-50  1.758958e-02  1.000000e-50  1.000000e-50  4.052117e-01  1.000000e-50  1.000000e-50  1.628664e-02  1.000000e-50  1.000000e-50  1.000000e-50  1.000000e-50  2.104235e-01  1.000000e-50  4.560261e-03  2.475570e-02  1.000000e-50  1.000000e-50  8.469055e-03  9.120521e-03  1.000000e-50  1.000000e-50 
1.000000e-50  9.236690e-02  4.490058e-03  3.207184e-03  1.000000e-50  7.055805e-03  1.347017e-02  2.790250e-02  2.459910e-01  3.110969e-02  1.000000e-50  5.580500e-02  1.000000e-50  1.000000e-50  1.000000e-50  1.000000e-50  1.000000e-50  4.169339e-03  1.000000e-50  6.093650e-02  1.000000e-50  1.000000e-50  1.000000e-50  1.000000e-50  2.501604e-02  3.399615e-02  1.000000e-50  1.000000e-50  1.000000e-50  1.000000e-50  1.026299e-02  1.000000e-50  1.000000e-50  1.000000e-50  2.052598e-02  1.000000e-50  1.000000e-50  3.399615e-02  2.116742e-02  3.784477e-02  2.501604e-02  1.000000e-50  1.000000e-50  9.942271e-02  1.635664e-02  3.014753e-02  1.282874e-03  5.772931e-03  9.268762e-02  1.000000e-50  1.000000e-50  1.000000e-50  1.000000e-50  1.000000e-50  1.000000e-50 
1.000000e-50  1.789442e-02  1.000000e-50  1.000000e-50  6.561288e-03  1.192962e-03  6.263048e-03  5.278855e-02  1.000000e-50  3.250820e-02  4.056069e-02  1.000000e-50  1.000000e-50  1.000000e-50  2.356099e-02  1.000000e-50  1.000000e-50  8.648971e-03  1.000000e-50  5.964808e-04  1.000000e-50  1.000000e-50  1.729794e-02  5.398151e-02  4.920966e-02  1.000000e-50  2.147331e-02  3.578885e-03  1.000000e-50  1.000000e-50  1.000000e-50  1.699970e-02  1.452431e-01  1.000000e-50  5.666567e-03  1.000000e-50  1.000000e-50  2.356099e-02  4.771846e-03  1.000000e-50  4.175365e-02  1.000000e-50  2.535043e-02  1.000000e-50  1.000000e-50  5.875336e-02  1.000000e-50  1.000000e-50  3.131524e-02  1.000000e-50  1.000000e-50  3.104682e-01  1.000000e-50  1.000000e-50  1.000000e-50 
1.000000e-50  1.000000e-50  3.069054e-03  1.000000e-50  1.000000e-50  1.000000e-50  3.580563e-03  7.672634e-03  3.386189e-02  1.554987e-01  3.375959e-03  1.000000e-50  1.000000e-50  1.000000e-50  5.595908e-02  1.000000e-50  1.000000e-50  1.000000e-50  8.603581e-02  8.900256e-03  1.000000e-50  1.289003e-02  4.501279e-03  4.705882e-03  1.329923e-02  1.411765e-02  7.734015e-02  1.000000e-50  1.000000e-50  1.000000e-50  2.219949e-02  5.636829e-02  1.329923e-03  1.000000e-50  5.166240e-02  1.000000e-50  1.000000e-50  8.685422e-02  1.248082e-02  1.156010e-02  4.900256e-02  1.000000e-50  1.000000e-50  1.000000e-50  6.557545e-02  1.494629e-01  1.000000e-50  1.000000e-50  1.000000e-50  1.000000e-50  1.000000e-50  2.250639e-03  6.445013e-03  1.000000e-50  1.000000e-50 
1.000000e-50  1.000000e-50  1.000000e-50  1.000000e-50  1.000000e-50  1.000000e-50  1.000000e-50  1.000000e-50  1.000000e-50  1.000000e-50  1.000000e-50  1.000000e-50  1.000000e-50  1.000000e-50  1.000000e-50  4.490836e-02  1.000000e-50  1.000000e-50  1.000000e-50  1.000000e-50  1.000000e-50  1.000000e-50  1.000000e-50  1.000000e-50  1.000000e-50  1.000000e-50  1.000000e-50  1.000000e-50  1.469839e-01  1.000000e-50  1.000000e-50  1.000000e-50  1.000000e-50  1.000000e-50  1.000000e-50  6.836995e-01  1.000000e-50  1.000000e-50  1.000000e-50  1.000000e-50  1.000000e-50  1.000000e-50  1.000000e-50  1.000000e-50  1.000000e-50  1.000000e-50  1.000000e-50  1.000000e-50  1.000000e-50  1.000000e-50  1.000000e-50  1.000000e-50  1.000000e-50  1.244083e-01  1.000000e-50 
1.000000e-50  1.000000e-50  1.000000e-50  1.000000e-50  1.000000e-50  1.000000e-50  1.000000e-50  1.000000e-50  1.000000e-50  1.000000e-50  1.000000e-50  1.000000e-50  7.790408e-02  1.000000e-50  1.000000e-50  1.000000e-50  8.428057e-02  1.000000e-50  1.000000e-50  1.000000e-50  4.543942e-01  1.000000e-50  1.000000e-50  1.000000e-50  2.772387e-04  1.000000e-50  1.000000e-50  1.000000e-50  1.000000e-50  1.000000e-50  1.000000e-50  1.000000e-50  1.000000e-50  4.463543e-02  1.000000e-50  1.000000e-50  1.000000e-50  1.000000e-50  1.000000e-50  1.000000e-50  1.000000e-50  1.000000e-50  1.000000e-50  1.000000e-50  1.000000e-50  1.000000e-50  1.000000e-50  1.802052e-02  1.000000e-50  3.154976e-01  1.000000e-50  1.000000e-50  1.000000e-50  1.000000e-50  4.990297e-03 
1.000000e-50  2.029275e-02  1.197605e-02  1.000000e-50  1.000000e-50  1.064538e-02  8.150366e-03  1.000000e-50  1.000000e-50  1.000000e-50  1.763140e-02  3.326680e-04  1.064538e-02  1.000000e-50  2.910845e-02  1.000000e-50  1.000000e-50  1.000000e-50  7.385230e-02  1.330672e-02  1.000000e-50  4.873586e-02  7.318696e-03  4.274784e-02  1.000000e-50  1.180971e-02  2.328676e-02  1.000000e-50  1.000000e-50  1.000000e-50  1.214238e-02  3.759148e-02  4.291417e-02  1.000000e-50  4.457751e-02  1.000000e-50  1.000000e-50  1.185961e-01  2.661344e-02  2.877578e-02  7.900865e-02  5.322688e-02  1.347305e-02  1.000000e-50  3.526281e-02  7.651364e-02  1.000000e-50  3.825682e-03  3.675981e-02  1.000000e-50  1.000000e-50  2.079175e-02  1.979375e-02  2.029275e-02  1.000000e-50 
1.841621e-03  4.604052e-04  1.000000e-50  1.000000e-50  2.209945e-01  1.000000e-50  1.000000e-50  1.000000e-50  1.000000e-50  1.000000e-50  1.000000e-50  1.000000e-50  2.578269e-02  1.000000e-50  1.000000e-50  1.648250e-01  5.662983e-02  1.000000e-50  1.000000e-50  1.000000e-50  1.000000e-50  1.000000e-50  1.000000e-50  1.000000e-50  1.000000e-50  1.000000e-50  1.000000e-50  1.000000e-50  5.801105e-02  1.000000e-50  1.000000e-50  1.000000e-50  1.000000e-50  3.268877e-02  1.000000e-50  1.000000e-50  1.000000e-50  1.000000e-50  1.000000e-50  1.703499e-02  1.000000e-50  1.000000e-50  1.000000e-50  1.000000e-50  1.000000e-50  1.000000e-50  1.000000e-50  1.243094e-02  1.000000e-50  1.000000e-50  1.000000e-50  1.000000e-50  1.000000e-50  4.788214e-02  3.614180e-01 
1.000000e-50  1.000000e-50  1.000000e-50  8.178054e-02  1.000000e-50  1.000000e-50  1.000000e-50  1.000000e-50  1.000000e-50  1.000000e-50  1.000000e-50  1.000000e-50  1.000000e-50  1.000000e-50  1.000000e-50  1.000000e-50  1.000000e-50  1.000000e-50  1.000000e-50  1.242236e-02  1.000000e-50  1.000000e-50  2.660455e-01  2.795031e-02  1.000000e-50  1.000000e-50  1.000000e-50  1.000000e-50  1.000000e-50  1.000000e-50  1.000000e-50  1.000000e-50  1.000000e-50  1.000000e-50  2.515528e-01  1.000000e-50  1.000000e-50  5.072464e-02  1.000000e-50  1.000000e-50  1.000000e-50  6.521739e-02  1.000000e-50  1.000000e-50  3.105590e-02  9.937888e-02  1.000000e-50  1.000000e-50  8.902692e-02  1.000000e-50  1.000000e-50  1.000000e-50  2.484472e-02  1.000000e-50  1.000000e-50 
1.000000e-50  1.000000e-50  1.000000e-50  1.456583e-02  6.722689e-03  2.072829e-02  1.000000e-50  1.000000e-50  5.994398e-02  1.000000e-50  1.000000e-50  1.000000e-50  1.120448e-02  1.000000e-50  1.000000e-50  1.000000e-50  1.000000e-50  1.000000e-50  5.658263e-02  1.000000e-50  1.000000e-50  1.000000e-50  1.000000e-50  1.000000e-50  1.000000e-50  6.722689e-03  5.322129e-02  1.000000e-50  1.000000e-50  1.000000e-50  1.000000e-50  1.232493e-02  1.000000e-50  1.000000e-50  1.546218e-01  1.000000e-50  1.000000e-50  3.450980e-01  4.481793e-03  4.257703e-02  3.025210e-02  1.000000e-50  1.000000e-50  1.000000e-50  7.282913e-03  1.288515e-01  6.722689e-03  1.000000e-50  2.801120e-02  1.000000e-50  1.000000e-50  1.008403e-02  1.000000e-50  1.000000e-50  1.000000e-50 
1.000000e-50  1.000000e-50  1.000000e-50  1.000000e-50  1.000000e-50  2.192691e-02  1.328904e-02  1.000000e-50  1.000000e-50  2.657807e-02  1.000000e-50  1.000000e-50  1.000000e-50  1.000000e-50  6.046512e-02  1.000000e-50  1.000000e-50  1.000000e-50  3.588040e-02  1.000000e-50  1.000000e-50  1.000000e-50  1.794020e-02  3.122924e-02  1.000000e-50  1.000000e-50  8.239203e-02  8.637874e-03  1.000000e-50  1.000000e-50  1.000000e-50  3.455150e-02  1.000000e-50  1.000000e-50  7.242525e-02  1.000000e-50  1.000000e-50  1.428571e-01  1.000000e-50  1.000000e-50  3.455150e-02  3.056478e-02  1.000000e-50  1.000000e-50  1.395349e-02  2.803987e-01  1.000000e-50  1.000000e-50  6.843854e-02  1.000000e-50  1.000000e-50  7.973422e-03  1.063123e-02  5.315615e-03  1.000000e-50 
1.000000e-50  1.000000e-50  1.000000e-50  1.647446e-02  2.438221e-02  1.000000e-50  1.000000e-50  1.000000e-50  1.000000e-50  1.000000e-50  1.000000e-50  1.000000e-50  2.148270e-01  1.000000e-50  1.000000e-50  1.000000e-50  1.103789e-02  1.000000e-50  1.000000e-50  1.000000e-50  1.000000e-50  1.000000e-50  1.000000e-50  6.013180e-02  1.000000e-50  1.000000e-50  6.589786e-04  1.000000e-50  1.782537e-01  1.000000e-50  1.000000e-50  1.000000e-50  1.000000e-50  1.000000e-50  1.000000e-50  7.034596e-02  1.000000e-50  1.000000e-50  1.000000e-50  1.000000e-50  1.000000e-50  1.000000e-50  1.000000e-50  1.000000e-50  1.000000e-50  1.000000e-50  1.000000e-50  8.649094e-02  1.976936e-03  1.000000e-50  1.000000e-50  1.000000e-50  1.000000e-50  3.354201e-01  1.000000e-50 
5.723766e-02  2.032352e-02  9.498134e-02  1.000000e-50  1.000000e-50  2.073828e-03  1.000000e-50  1.000000e-50  7.465782e-03  1.000000e-50  6.636251e-03  1.000000e-50  1.000000e-50  1.000000e-50  1.534633e-02  1.000000e-50  1.000000e-50  1.000000e-50  2.654500e-02  3.525508e-02  1.000000e-50  5.267524e-02  1.000000e-50  2.115305e-02  1.000000e-50  7.051016e-03  1.000000e-50  6.636251e-03  1.000000e-50  4.147657e-02  1.000000e-50  3.525508e-02  8.295313e-03  6.221485e-03  1.202820e-02  1.000000e-50  1.000000e-50  1.111572e-01  5.516383e-02  6.594774e-02  3.152219e-02  1.078391e-02  1.866445e-02  1.000000e-50  3.732891e-02  5.723766e-02  1.000000e-50  1.000000e-50  2.447117e-02  1.000000e-50  1.000000e-50  1.036914e-02  9.415180e-02  1.119867e-02  1.534633e-02 


#DOUBLE_1x55_DISCRETE_HIDDEN_DOMINANT-EIGENVECTOR
4.106705e-03  1.353580e-02  2.491839e-03  1.487960e-02  1.937266e-02  2.913246e-02  5.637688e-03  1.331473e-02  2.973134e-02  2.243571e-02  4.513679e-03  5.774204e-03  4.671730e-02  7.305491e-04  3.161362e-02  1.204347e-02  1.430193e-02  3.948612e-03  1.868899e-02  5.170795e-03  2.624650e-02  9.470090e-03  2.163993e-02  2.414907e-02  6.505088e-03  5.253668e-03  2.563633e-02  3.073206e-03  2.317012e-02  1.147332e-03  4.311704e-02  1.187293e-02  7.521431e-03  3.529753e-03  8.768919e-02  6.016387e-02  2.532699e-04  4.338320e-02  8.581335e-03  2.012042e-02  3.290335e-02  1.219858e-02  6.856222e-03  1.400074e-02  1.478836e-02  4.339291e-02  3.640751e-02  1.573291e-02  2.685716e-02  9.616569e-03  4.287701e-03  7.821046e-03  6.961238e-03  2.653068e-02  1.097957e-02  

#DOUBLE_55x20_DISCRETE_AA_EMISSION
7.028754e-02  3.194888e-02  9.052183e-02  4.898829e-02  8.732694e-02  1.000000e-50  8.093717e-02  2.875399e-02  5.857295e-02  3.833866e-02  2.236422e-02  1.363152e-01  1.000000e-50  2.768903e-02  6.070288e-02  3.620873e-02  3.940362e-02  3.407881e-02  1.810437e-02  8.945687e-02 
9.667872e-02  1.019402e-02  9.569221e-02  1.325222e-01  3.025321e-02  3.781651e-02  2.170339e-02  4.801052e-02  9.404801e-02  8.418283e-02  2.104571e-02  2.795133e-02  1.000000e-50  3.255508e-02  4.998356e-02  7.333114e-02  5.590266e-02  4.143374e-02  1.709964e-02  2.959553e-02 
1.000000e-50  1.000000e-50  1.000000e-50  1.000000e-50  1.000000e-50  9.640934e-01  1.000000e-50  1.000000e-50  3.590664e-02  1.000000e-50  1.000000e-50  1.000000e-50  1.000000e-50  1.000000e-50  1.000000e-50  1.000000e-50  1.000000e-50  1.000000e-50  1.000000e-50  1.000000e-50 
1.010962e-01  8.526188e-03  1.001827e-01  1.020097e-01  2.253350e-02  4.933009e-02  3.410475e-02  1.522533e-02  6.577345e-02  6.242387e-02  1.644336e-02  4.902558e-02  3.806334e-02  4.811206e-02  5.024361e-02  1.336784e-01  4.933009e-02  1.827040e-02  1.431181e-02  2.131547e-02 
9.678145e-02  1.507990e-02  3.578663e-02  9.002926e-02  3.286068e-02  4.276390e-02  1.868107e-02  8.507765e-02  6.752194e-02  1.451722e-01  2.588341e-02  2.363268e-02  1.372946e-02  4.253883e-02  7.224848e-02  3.781229e-02  3.983795e-02  6.954760e-02  1.282917e-02  3.218546e-02 
8.663102e-02  1.313980e-02  1.245225e-01  7.288006e-02  3.666921e-02  4.614209e-02  2.673797e-02  1.054240e-02  6.279603e-02  1.060351e-01  2.352941e-02  8.265852e-02  1.000000e-50  5.744843e-02  5.546218e-02  8.647823e-02  5.194805e-02  1.252865e-02  1.558442e-02  2.826585e-02 
1.000000e-50  1.000000e-50  1.000000e-50  1.000000e-50  1.000000e-50  1.000000e+00  1.000000e-50  1.000000e-50  1.000000e-50  1.000000e-50  1.000000e-50  1.000000e-50  1.000000e-50  1.000000e-50  1.000000e-50  1.000000e-50  1.000000e-50  1.000000e-50  1.000000e-50  1.000000e-50 
5.366015e-02  4.968533e-03  2.881749e-02  3.676714e-02  1.888042e-02  2.550513e-02  7.287181e-03  2.418019e-02  5.034780e-02  2.351772e-02  6.624710e-03  1.358066e-02  5.187148e-01  1.391189e-02  2.815502e-02  4.471679e-02  1.788672e-02  4.272938e-02  2.186154e-02  1.788672e-02 
6.864205e-02  2.278142e-02  3.871352e-02  5.226325e-02  4.005360e-02  2.635497e-02  1.503871e-02  6.015485e-02  6.700417e-02  1.136093e-01  2.233472e-02  2.769506e-02  1.369863e-01  3.201310e-02  5.151876e-02  4.526504e-02  3.201310e-02  8.636093e-02  2.441930e-02  3.677784e-02 
5.248727e-02  1.000000e-50  1.958480e-02  2.918136e-02  2.546024e-03  1.000000e-50  1.000000e-50  1.000000e-50  2.859381e-02  2.741872e-03  2.350176e-03  1.000000e-50  8.323541e-01  5.287897e-03  1.566784e-02  9.204857e-03  1.000000e-50  1.000000e-50  1.000000e-50  1.000000e-50 
1.000000e-50  1.000000e-50  1.000000e-50  1.000000e-50  1.000000e-50  9.814634e-01  1.000000e-50  1.000000e-50  1.000000e-50  1.000000e-50  1.000000e-50  1.000000e-50  1.000000e-50  1.000000e-50  1.853659e-02  1.000000e-50  1.000000e-50  1.000000e-50  1.000000e-50  1.000000e-50 
6.163328e-02  1.155624e-02  4.160247e-02  3.852080e-02  2.927581e-02  1.386749e-02  2.388290e-02  1.063174e-01  5.546995e-02  1.571649e-01  2.311248e-02  2.311248e-02  2.311248e-02  3.158706e-02  4.083205e-02  6.317411e-02  7.858243e-02  1.502311e-01  8.474576e-03  1.848998e-02 
1.253661e-01  9.541804e-03  9.692962e-02  1.521020e-01  1.794993e-02  5.980161e-02  2.220123e-02  1.369863e-02  6.376949e-02  6.348607e-02  2.909778e-02  5.044875e-02  2.645253e-03  6.632026e-02  5.895135e-02  6.802078e-02  4.062352e-02  3.448276e-02  1.171469e-02  1.284837e-02 
6.832298e-02  1.000000e-50  1.118012e-01  7.453416e-02  1.000000e-50  4.968944e-02  5.590062e-02  3.105590e-02  8.695652e-02  6.832298e-02  3.105590e-02  1.055901e-01  1.000000e-50  3.105590e-02  9.937888e-02  3.105590e-02  1.000000e-50  9.937888e-02  3.105590e-02  2.484472e-02 
5.958875e-02  2.335991e-02  9.595748e-02  6.168695e-02  4.294307e-02  4.238355e-02  3.706812e-02  3.496993e-02  5.944887e-02  7.903203e-02  1.972304e-02  9.176109e-02  5.553224e-02  3.720800e-02  5.385369e-02  7.357672e-02  4.154427e-02  3.804728e-02  1.706532e-02  3.524969e-02 
1.914894e-01  8.804109e-03  6.162876e-02  8.694057e-02  1.063830e-02  4.181952e-02  1.000000e-50  3.008070e-02  9.134263e-02  1.129861e-01  3.118122e-02  4.365371e-02  1.000000e-50  6.016141e-02  7.079971e-02  8.363903e-02  2.384446e-02  2.824652e-02  6.236244e-03  1.650770e-02 
1.427256e-01  7.980356e-03  4.573358e-02  1.169429e-01  2.516882e-02  1.995089e-02  1.166360e-02  3.130755e-02  9.422959e-02  1.372007e-01  3.836710e-02  4.481277e-02  1.000000e-50  5.616943e-02  9.330878e-02  6.292204e-02  2.179251e-02  2.793125e-02  9.821977e-03  1.197053e-02 
8.896396e-02  1.000000e-50  1.092342e-01  8.220721e-02  2.815315e-02  2.027027e-01  1.000000e-50  2.815315e-02  7.770270e-02  6.981982e-02  1.000000e-50  9.009009e-02  1.000000e-50  4.279279e-02  1.000000e-50  7.545045e-02  4.166667e-02  2.702703e-02  1.000000e-50  3.603604e-02 
1.121495e-02  1.448598e-02  1.250000e-01  2.266355e-02  1.000000e-50  2.366822e-01  1.588785e-02  1.000000e-50  2.803738e-02  1.635514e-02  3.504673e-03  6.285047e-02  1.000000e-50  1.518692e-02  2.757009e-02  2.471963e-01  1.642523e-01  1.000000e-50  1.000000e-50  9.112150e-03 
2.362205e-02  3.499563e-03  3.762030e-02  1.399825e-02  6.124234e-03  7.690289e-01  3.499563e-03  1.000000e-50  2.274716e-02  1.224847e-02  2.624672e-03  2.449694e-02  1.000000e-50  1.049869e-02  1.137358e-02  4.636920e-02  1.000000e-50  1.749781e-03  3.499563e-03  6.999125e-03 
8.154289e-02  7.782101e-03  4.550837e-02  7.815936e-02  4.398579e-02  3.298934e-02  2.520724e-02  8.526476e-02  5.295212e-02  1.201150e-01  4.026391e-02  3.248181e-02  1.000000e-50  5.261377e-02  4.500085e-02  4.550837e-02  4.973778e-02  9.981391e-02  1.471832e-02  4.635425e-02 
1.717412e-01  1.712655e-02  5.518554e-02  9.705043e-02  3.377735e-02  3.092293e-02  1.665081e-02  3.425309e-02  8.658421e-02  1.270219e-01  2.664129e-02  1.855376e-02  1.000000e-50  3.901047e-02  6.374881e-02  4.138915e-02  3.996194e-02  6.565176e-02  1.000000e-50  3.472883e-02 
1.883289e-01  2.550500e-02  3.835952e-02  5.264232e-02  1.003877e-01  6.937360e-02  3.550296e-02  4.284840e-03  3.713528e-02  2.530096e-02  2.264844e-02  2.366864e-02  1.000000e-50  3.040196e-02  5.101000e-02  1.405836e-01  4.998980e-02  6.121200e-03  2.632116e-02  7.243420e-02 
9.500924e-02  8.133087e-03  5.064695e-02  8.890943e-02  2.735675e-02  3.992606e-02  1.330869e-02  4.214418e-02  5.249538e-02  7.393715e-02  1.460259e-02  2.310536e-02  2.072089e-01  2.902033e-02  3.974122e-02  5.027726e-02  3.456562e-02  5.415896e-02  2.329020e-02  3.216266e-02 
6.743869e-02  1.000000e-50  2.316076e-02  3.678474e-02  1.000000e-50  2.997275e-02  1.000000e-50  1.000000e-50  1.362398e-02  2.043597e-02  1.000000e-50  2.861035e-02  6.641689e-01  1.000000e-50  1.362398e-02  8.106267e-02  2.111717e-02  1.000000e-50  1.000000e-50  1.000000e-50 
5.625525e-02  2.015113e-02  1.469353e-01  6.381192e-02  1.679261e-02  8.396306e-02  3.442485e-02  5.037783e-03  5.205709e-02  2.350966e-02  1.175483e-02  2.837951e-01  1.000000e-50  4.785894e-02  4.450042e-02  6.381192e-02  1.007557e-02  1.000000e-50  3.358522e-03  3.190596e-02 
5.479689e-02  7.433016e-03  1.066551e-01  8.055315e-02  3.111495e-02  1.711322e-02  2.610199e-02  3.526361e-02  1.197926e-01  7.312014e-02  1.348315e-02  3.647364e-02  1.000000e-50  5.151253e-02  6.828003e-02  7.692308e-02  1.123596e-01  5.185825e-02  9.161625e-03  2.800346e-02 
1.136691e-01  1.000000e-50  2.115108e-01  3.453237e-02  4.172662e-02  5.035971e-02  1.000000e-50  1.294964e-02  4.460432e-02  5.179856e-02  2.877698e-02  1.136691e-01  2.201439e-01  2.877698e-02  4.748201e-02  1.000000e-50  1.000000e-50  1.000000e-50  1.000000e-50  1.000000e-50 
1.512393e-01  1.704105e-02  2.730442e-02  7.881487e-02  2.769171e-02  1.374903e-02  2.110767e-02  4.589466e-02  9.140201e-02  1.688613e-01  3.098373e-02  3.853602e-02  1.000000e-50  5.441518e-02  8.055771e-02  3.311387e-02  3.156468e-02  4.976762e-02  1.084431e-02  2.711077e-02 
1.000000e-50  7.905138e-02  1.000000e-50  1.264822e-01  1.000000e-50  1.000000e-50  3.557312e-02  1.660079e-01  4.743083e-02  9.090909e-02  7.905138e-03  7.509881e-02  1.000000e-50  3.952569e-02  1.000000e-50  1.000000e-50  1.000000e-50  2.134387e-01  1.000000e-50  1.185771e-01 
2.816901e-02  8.573178e-03  1.296183e-02  3.735456e-02  5.011227e-02  8.266993e-03  1.765666e-02  1.905491e-01  3.265973e-02  1.716677e-01  2.112676e-02  1.735048e-02  1.000000e-50  1.806491e-02  3.225148e-02  9.695856e-03  7.185140e-02  2.196367e-01  1.245152e-02  3.959992e-02 
6.666667e-03  4.444444e-02  4.633333e-01  2.888889e-02  9.629630e-03  1.000000e-50  2.407407e-02  1.222222e-02  1.074074e-02  1.444444e-02  2.592593e-03  2.481481e-01  1.000000e-50  1.037037e-02  2.259259e-02  7.666667e-02  1.000000e-50  7.407407e-03  1.000000e-50  1.777778e-02 
5.026300e-02  2.454705e-02  9.701929e-02  4.383402e-02  5.786090e-02  2.296902e-01  4.324956e-02  1.753361e-03  5.435418e-02  2.805377e-02  3.214494e-02  1.741672e-01  1.000000e-50  2.805377e-02  4.967855e-02  4.266511e-02  1.285798e-02  7.597896e-03  2.220923e-02  1.000000e-50 
7.446809e-02  1.000000e-50  5.585106e-02  1.130319e-01  6.781915e-02  3.723404e-02  3.324468e-02  4.920213e-02  8.244681e-02  1.023936e-01  3.058511e-02  5.186170e-02  1.000000e-50  3.324468e-02  5.984043e-02  5.319149e-02  6.781915e-02  3.723404e-02  2.792553e-02  2.260638e-02 
5.719613e-02  2.459182e-02  1.199355e-02  4.782302e-02  6.450312e-02  1.632735e-02  2.454142e-02  9.509172e-02  5.674259e-02  8.098166e-02  2.428946e-02  1.713364e-02  1.000000e-50  3.673655e-02  5.996775e-02  5.613788e-02  8.269502e-02  1.592421e-01  1.960290e-02  6.440234e-02 
1.643805e-01  1.305655e-02  3.102765e-02  6.990391e-02  2.758014e-02  2.486613e-02  1.386342e-02  6.880364e-02  7.569867e-02  1.440622e-01  4.540453e-02  3.454852e-02  1.000000e-50  4.650480e-02  7.005061e-02  4.093010e-02  2.523289e-02  6.491601e-02  1.210299e-02  2.706668e-02 
1.578947e-01  1.000000e-50  2.456140e-01  1.754386e-01  1.000000e-50  1.929825e-01  1.000000e-50  1.000000e-50  1.000000e-50  8.771930e-02  1.000000e-50  3.508772e-02  1.052632e-01  1.000000e-50  1.000000e-50  1.000000e-50  1.000000e-50  1.000000e-50  1.000000e-50  1.000000e-50 
1.365474e-01  2.334748e-02  4.164140e-02  6.316960e-02  5.023246e-02  2.597534e-02  1.960784e-02  4.780675e-02  6.135031e-02  1.481706e-01  3.466748e-02  2.819891e-02  7.074995e-04  4.507782e-02  4.740247e-02  5.558925e-02  4.962604e-02  5.953103e-02  2.021427e-02  4.113604e-02 
1.721519e-02  5.569620e-03  1.772152e-02  1.215190e-02  7.088608e-03  8.167089e-01  1.620253e-02  7.088608e-03  1.367089e-02  9.113924e-03  7.594937e-03  1.012658e-02  1.000000e-50  5.569620e-03  1.924051e-02  1.569620e-02  1.265823e-02  3.544304e-03  1.000000e-50  3.037975e-03 
7.189685e-02  3.212413e-02  5.026224e-02  6.883741e-02  3.343531e-02  1.059878e-01  3.190559e-02  3.583916e-02  7.386364e-02  7.102273e-02  1.464161e-02  3.955420e-02  3.256119e-02  3.343531e-02  4.807692e-02  8.719406e-02  6.796329e-02  6.118881e-02  1.442308e-02  2.578671e-02 
7.807088e-02  2.424727e-02  7.340794e-02  4.476419e-02  3.756994e-02  8.060218e-02  3.903544e-02  4.396483e-03  3.703704e-02  1.438849e-02  1.159073e-02  7.007727e-02  1.000000e-50  3.104183e-02  4.316547e-02  1.729283e-01  1.644018e-01  1.865175e-02  1.278977e-02  4.183320e-02 
1.415094e-01  2.068215e-02  5.841800e-02  1.110305e-01  2.068215e-02  4.608128e-02  2.721335e-02  4.208999e-02  7.148041e-02  6.422351e-02  1.487663e-02  2.902758e-02  9.796807e-03  4.680697e-02  6.567489e-02  1.240929e-01  3.447025e-02  3.011611e-02  1.923077e-02  2.249637e-02 
1.000000e-50  1.000000e-50  1.000000e-50  1.000000e-50  1.000000e-50  9.928385e-01  1.000000e-50  1.000000e-50  1.000000e-50  1.000000e-50  1.000000e-50  1.000000e-50  1.000000e-50  1.000000e-50  1.000000e-50  1.000000e-50  1.000000e-50  1.000000e-50  1.000000e-50  7.161458e-03 
4.178628e-02  3.189793e-02  1.588517e-01  4.146730e-02  5.614035e-02  1.000000e-50  4.019139e-02  1.087719e-01  3.476874e-02  1.059011e-01  1.000000e-50  9.665072e-02  1.000000e-50  2.328549e-02  3.317384e-02  4.433812e-02  1.722488e-02  1.129187e-01  1.307815e-02  3.955343e-02 
1.163819e-01  1.532115e-02  5.421332e-02  8.632882e-02  3.241014e-02  1.266942e-02  3.417796e-02  2.975840e-02  7.837360e-02  4.095463e-02  1.532115e-02  2.916912e-02  1.461402e-01  2.916912e-02  5.657042e-02  8.073070e-02  4.124926e-02  5.715969e-02  8.839128e-03  3.506187e-02 
2.558635e-02  1.817443e-02  2.639862e-03  6.142756e-02  5.848309e-02  1.000000e-50  2.497716e-02  1.405219e-01  8.853691e-02  1.028531e-01  2.071276e-02  1.208244e-02  1.000000e-50  5.462484e-02  6.244289e-02  1.340238e-02  6.883948e-02  1.838765e-01  1.512844e-02  4.568992e-02 
1.089385e-01  1.469517e-02  3.109060e-02  8.282730e-02  6.801069e-02  2.562546e-02  2.052465e-02  1.090600e-01  6.303133e-02  1.361428e-01  1.000000e-50  1.000000e-50  1.000000e-50  4.517853e-02  6.096672e-02  1.000000e-50  6.108817e-02  1.023804e-01  1.773136e-02  5.270828e-02 
7.685905e-02  9.433962e-03  8.129856e-02  1.340178e-01  2.746948e-02  3.912320e-02  2.524972e-02  3.385128e-02  6.603774e-02  5.854606e-02  2.330744e-02  3.829079e-02  8.906770e-02  4.883463e-02  5.049945e-02  7.547170e-02  3.718091e-02  2.968923e-02  1.886792e-02  3.690344e-02 
3.301035e-02  2.315651e-02  1.147972e-01  3.875842e-02  5.386763e-02  4.187880e-02  4.286418e-02  3.120381e-02  4.352110e-02  7.488914e-02  2.102151e-02  1.267860e-01  1.000000e-50  3.251765e-02  5.041879e-02  5.238955e-02  1.101987e-01  3.481688e-02  1.773690e-02  5.616686e-02 
7.235023e-02  2.304147e-02  3.963134e-02  9.032258e-02  5.299539e-02  1.152074e-02  2.903226e-02  7.235023e-02  1.050691e-01  1.207373e-01  1.935484e-02  2.442396e-02  1.000000e-50  5.714286e-02  5.714286e-02  3.732719e-02  5.483871e-02  7.972350e-02  1.152074e-02  4.147465e-02 
4.239917e-02  6.204757e-02  8.790072e-02  2.378490e-02  4.860393e-02  2.099276e-01  1.964840e-02  1.000000e-50  1.000000e-50  2.998966e-02  1.000000e-50  6.101344e-02  1.000000e-50  1.240951e-02  1.000000e-50  1.000000e-50  3.267839e-01  1.000000e-50  1.758014e-02  5.791107e-02 
1.000000e-50  1.000000e-50  5.087620e-03  1.695873e-03  3.957038e-03  9.536461e-01  3.957038e-03  1.000000e-50  1.000000e-50  6.218202e-03  1.000000e-50  1.300170e-02  1.000000e-50  1.000000e-50  1.000000e-50  5.652911e-03  5.652911e-03  1.000000e-50  1.130582e-03  1.000000e-50 
4.282933e-02  8.436080e-03  1.252433e-01  5.515899e-02  1.038287e-02  6.294614e-02  4.153147e-02  1.000000e-50  1.414666e-01  2.920182e-02  9.085010e-03  2.459442e-01  1.000000e-50  6.359507e-02  8.111616e-02  3.569111e-02  1.000000e-50  1.000000e-50  9.733939e-03  3.763790e-02 
9.150866e-02  1.203627e-02  3.577906e-02  6.117065e-02  7.650453e-02  2.489695e-02  2.473207e-02  8.656224e-02  5.787304e-02  1.444353e-01  1.945589e-02  1.945589e-02  1.000000e-50  3.775763e-02  5.358615e-02  2.720528e-02  4.270404e-02  9.925804e-02  2.720528e-02  5.787304e-02 
4.376013e-02  2.431118e-02  2.471637e-02  5.307942e-02  8.265802e-02  1.661264e-02  4.943274e-02  4.335494e-02  6.077796e-02  1.381686e-01  2.350081e-02  6.320908e-02  1.000000e-50  3.363047e-02  4.821718e-02  5.024311e-02  9.927066e-02  5.915721e-02  1.175041e-02  7.414911e-02 


#DOUBLE_55x3_DISCRETE_SS_EMISSION
5.330490e-03  1.812367e-02  9.765458e-01 
1.000000e-50  1.000000e-50  1.000000e+00 
1.000000e-50  1.000000e-50  1.000000e+00 
1.000000e-50  1.000000e-50  1.000000e+00 
1.000000e+00  1.000000e-50  1.000000e-50 
1.000000e-50  1.000000e-50  1.000000e+00 
1.000000e-50  8.230159e-01  1.769841e-01 
1.000000e-50  1.667779e-03  9.983322e-01 
1.000000e-50  1.000000e+00  1.000000e-50 
1.000000e-50  1.360544e-03  9.986395e-01 
1.000000e-50  6.882989e-03  9.931170e-01 
1.000000e-50  9.645609e-01  3.543914e-02 
1.000000e+00  1.000000e-50  1.000000e-50 
1.000000e-50  9.687500e-01  3.125000e-02 
1.000000e-50  1.000000e-50  1.000000e+00 
9.974103e-01  1.000000e-50  2.589715e-03 
1.000000e+00  1.000000e-50  1.000000e-50 
3.393665e-03  1.000000e-50  9.966063e-01 
1.000000e-50  1.691332e-02  9.830867e-01 
7.049608e-02  2.262837e-02  9.068755e-01 
1.000000e+00  1.000000e-50  1.000000e-50 
1.000000e-50  1.000000e-50  1.000000e+00 
1.000000e-50  9.960897e-01  3.910270e-03 
9.996309e-01  1.000000e-50  3.691399e-04 
3.457815e-03  1.000000e-50  9.965422e-01 
1.000000e-50  1.384487e-01  8.615513e-01 
1.000000e-50  1.000000e-50  1.000000e+00 
1.000000e-50  1.152738e-02  9.884726e-01 
1.000000e+00  1.000000e-50  1.000000e-50 
1.162791e-02  1.000000e-50  9.883721e-01 
1.000000e-50  1.000000e+00  1.000000e-50 
7.415647e-04  1.000000e-50  9.992584e-01 
1.069519e-02  1.000000e-50  9.893048e-01 
9.208443e-01  1.000000e-50  7.915567e-02 
1.000000e-50  1.000000e+00  1.000000e-50 
1.000000e+00  1.000000e-50  1.000000e-50 
1.000000e-50  1.000000e+00  1.000000e-50 
1.000000e-50  1.000000e-50  1.000000e+00 
1.000000e-50  1.369168e-02  9.863083e-01 
1.674277e-02  1.000000e-50  9.832572e-01 
1.000000e-50  5.366246e-04  9.994634e-01 
1.000000e-50  1.000000e-50  1.000000e+00 
1.000000e-50  1.000000e-50  1.000000e+00 
1.000000e-50  9.948503e-01  5.149662e-03 
1.186592e-03  1.000000e-50  9.988134e-01 
1.000000e-50  1.000000e-50  1.000000e+00 
1.000000e+00  1.000000e-50  1.000000e-50 
1.000000e+00  1.000000e-50  1.000000e-50 
6.598482e-04  3.959089e-03  9.953811e-01 
1.000000e+00  1.000000e-50  1.000000e-50 
1.000000e-50  1.000000e+00  1.000000e-50 
1.000000e-50  1.353638e-02  9.864636e-01 
1.000000e-50  1.000000e-50  1.000000e+00 
1.000000e+00  1.000000e-50  1.000000e-50 
9.939516e-01  1.000000e-50  6.048387e-03 


#DOUBLE_55x2_DISCRETE_CIS_EMISSION
1.000000e+00  1.000000e-50 
1.000000e+00  1.000000e-50 
1.000000e+00  1.000000e-50 
1.000000e+00  1.000000e-50 
1.000000e+00  1.000000e-50 
1.000000e+00  1.000000e-50 
9.968102e-01  3.189793e-03 
1.000000e+00  1.000000e-50 
9.980652e-01  1.934812e-03 
9.392115e-01  6.078850e-02 
1.000000e+00  1.000000e-50 
9.838088e-01  1.619121e-02 
1.000000e+00  1.000000e-50 
1.000000e+00  1.000000e-50 
1.000000e+00  1.000000e-50 
1.000000e+00  1.000000e-50 
1.000000e+00  1.000000e-50 
1.000000e+00  1.000000e-50 
1.000000e+00  1.000000e-50 
9.973753e-01  2.624672e-03 
1.000000e+00  1.000000e-50 
1.000000e+00  1.000000e-50 
1.000000e+00  1.000000e-50 
1.000000e+00  1.000000e-50 
9.000689e-01  9.993108e-02 
1.000000e+00  1.000000e-50 
1.000000e+00  1.000000e-50 
1.000000e+00  1.000000e-50 
1.000000e+00  1.000000e-50 
1.000000e+00  1.000000e-50 
1.000000e+00  1.000000e-50 
1.000000e+00  1.000000e-50 
1.000000e+00  1.000000e-50 
1.000000e+00  1.000000e-50 
1.000000e+00  1.000000e-50 
1.000000e+00  1.000000e-50 
1.000000e+00  1.000000e-50 
9.990919e-01  9.080819e-04 
1.000000e+00  1.000000e-50 
1.000000e+00  1.000000e-50 
1.000000e+00  1.000000e-50 
1.000000e+00  1.000000e-50 
1.000000e+00  1.000000e-50 
1.000000e+00  1.000000e-50 
1.000000e+00  1.000000e-50 
9.983753e-01  1.624695e-03 
1.000000e+00  1.000000e-50 
1.000000e+00  1.000000e-50 
1.000000e+00  1.000000e-50 
1.000000e+00  1.000000e-50 
1.000000e+00  1.000000e-50 
1.000000e+00  1.000000e-50 
1.000000e+00  1.000000e-50 
1.000000e+00  1.000000e-50 
1.000000e+00  1.000000e-50 


#DOUBLE_55x3_TORUS_TORUS_KAPPA
3.153581e+01  2.121392e+01  1.738642e+00 
2.152474e+01  1.711105e+01  3.119916e+00 
6.159605e+01  4.304625e+01  1.817575e+01 
1.352785e+02  8.599966e+01  3.852511e+01 
3.111158e+01  2.753112e+01  4.556871e+00 
8.791093e+01  7.503766e+01  3.133261e+01 
4.755857e+00  1.246044e+01  1.274443e+00 
1.624190e+02  1.029806e+02  5.021870e+01 
1.915985e+01  1.245604e+01  -2.749986e+00 
5.776054e+01  3.759597e+01  1.408932e+01 
9.096257e+00  5.908186e+00  8.041018e-01 
1.586919e+01  1.489532e+01  4.068903e+00 
3.957698e+02  3.760971e+02  1.489270e+02 
6.729154e+00  2.485367e+00  -7.495035e-01 
2.997799e+00  2.485237e+00  -1.427990e+00 
2.209340e+02  1.383861e+02  6.547692e+01 
1.163161e+02  6.070158e+01  2.750412e+01 
1.772684e+01  4.565901e+00  2.158562e+00 
3.821602e+01  2.926923e+01  1.121365e+01 
3.960884e+01  2.123233e+01  1.081724e+01 
3.156989e+02  2.116455e+02  9.319556e+01 
1.169159e+02  1.108128e+02  4.076063e+01 
3.187877e+01  2.369979e+01  4.199282e+00 
1.591606e+02  1.224218e+02  5.219996e+01 
5.782098e+01  3.271118e+01  1.693118e+01 
8.067348e+01  4.328553e+01  1.899497e+01 
1.601297e+01  1.938508e+01  4.988977e+00 
1.062760e+02  2.646832e+01  9.799612e+00 
3.270580e+02  2.771246e+02  1.146332e+02 
2.286940e+01  1.954946e+01  2.014248e+00 
2.463033e+01  4.120600e+01  2.717910e+00 
3.130128e+00  1.286535e+01  -4.800051e+00 
9.241869e+01  5.134250e+01  2.664055e+01 
6.600412e+00  7.018032e+00  1.348524e-01 
1.673410e+01  1.439480e+01  1.704543e+00 
6.120407e+02  4.882665e+02  2.002644e+02 
4.184618e+01  2.534404e+01  9.406186e+00 
2.716122e+01  2.476753e+01  4.961977e+00 
3.590793e+00  3.398025e+00  -1.749717e-01 
3.587864e+00  3.287852e+00  -3.192898e-02 
6.925454e+00  8.342244e+00  -1.047582e+00 
3.152869e+02  1.997247e+02  9.986338e+01 
6.242380e+01  6.194741e+01  2.452398e+01 
6.588043e+00  1.197001e+01  -2.735333e+00 
7.788938e+01  6.104707e+01  1.190524e+01 
1.115114e+01  1.291493e+01  2.807285e+00 
7.654405e+02  6.049660e+02  2.702434e+02 
1.053615e+02  8.664522e+01  3.204765e+01 
2.156693e+01  1.898551e+01  4.647296e+00 
4.367009e+01  3.569172e+01  1.054711e+01 
1.378412e+01  2.315145e+01  5.157099e+00 
9.234098e+01  8.043628e+01  3.444951e+01 
1.391383e+02  7.805000e+01  3.825560e+01 
2.225492e+02  1.489733e+02  4.842540e+01 
2.468383e+01  2.726635e+01  8.155461e+00 


#DOUBLE_55x2_TORUS_TORUS_MU
-2.345272e+00  1.301241e+00 
-1.221933e+00  -5.523585e-01 
1.324022e+00  4.236746e-01 
-1.207034e+00  -2.343691e-01 
-1.007820e+00  -8.422066e-01 
-1.547940e+00  -2.752779e-02 
2.831360e+00  -2.952723e+00 
-1.017030e+00  -4.715629e-01 
-1.381643e+00  2.342075e+00 
-1.161842e+00  2.615165e+00 
1.816032e+00  -1.323956e-01 
-1.660194e+00  -4.848272e-01 
-1.128789e+00  -6.849752e-01 
-1.799859e+00  -6.167059e-01 
-1.705036e+00  1.741885e+00 
-1.098622e+00  -4.809085e-01 
-1.307243e+00  -5.034470e-01 
1.131028e+00  4.778725e-01 
-1.400910e+00  2.927373e+00 
1.140953e+00  -2.489733e+00 
-1.222495e+00  -7.742211e-01 
-9.792763e-01  -6.800111e-01 
-2.672333e+00  2.730539e+00 
-9.968023e-01  -6.844168e-01 
-1.301185e+00  -2.753284e-01 
9.215612e-01  7.890053e-01 
-1.603972e+00  -4.170427e-01 
-1.449570e+00  1.198817e+00 
-1.088632e+00  -6.126181e-01 
-1.964019e+00  -8.166728e-01 
-1.940949e+00  2.194790e+00 
-1.598916e+00  1.981879e+00 
1.092765e+00  4.223651e-01 
-1.498325e+00  -4.660987e-01 
-2.198269e+00  2.454656e+00 
-1.082096e+00  -7.347217e-01 
-1.228617e+00  -6.778099e-01 
-1.295238e+00  2.523988e+00 
1.817154e+00  3.000348e+00 
-1.648129e+00  -7.208073e-01 
-2.451386e+00  2.839583e+00 
-1.083526e+00  -4.093301e-01 
1.483148e+00  1.980345e-01 
-1.872125e+00  1.893648e+00 
-1.011898e+00  2.336702e+00 
-1.986208e+00  2.396477e+00 
-1.129180e+00  -7.830146e-01 
-1.088972e+00  -5.265035e-01 
-1.915082e+00  2.361537e-01 
-1.477279e+00  -6.932650e-01 
-2.023576e+00  2.824278e+00 
1.505551e+00  -8.005032e-02 
9.861214e-01  7.419327e-01 
-1.030097e+00  -8.106420e-01 
-1.699790e+00  -2.837565e-01 


