#DOUBLE_1x25_DISCRETE_HIDDEN_START
4.005525e-02  1.000000e-50  5.455801e-02  1.000000e-50  8.218232e-02  5.524862e-03  1.325967e-01  3.798343e-02  1.000000e-50  1.657459e-02  7.596685e-03  1.519337e-02  1.000000e-50  1.000000e-50  7.734807e-02  2.624309e-02  1.864641e-02  1.000000e-50  9.737569e-02  1.000000e-50  1.809392e-01  7.596685e-02  4.627072e-02  8.494475e-02  1.000000e-50  

#DOUBLE_25x25_DISCRETE_HIDDEN_TRANSITION
2.218639e-01  1.015336e-01  2.092017e-02  1.000000e-50  3.224538e-03  3.326779e-02  4.773889e-02  1.793158e-02  2.988596e-03  1.148250e-02  1.000000e-50  1.572945e-02  9.437672e-03  1.000000e-50  3.295320e-02  3.318915e-02  1.777428e-02  1.000000e-50  4.632324e-02  1.000000e-50  4.569406e-02  6.213134e-03  2.131341e-02  3.104208e-01  1.000000e-50 
4.099936e-02  4.292120e-02  1.281230e-03  1.000000e-50  1.000000e-50  1.000000e-50  3.203075e-03  4.228059e-02  3.203075e-03  5.124920e-03  1.000000e-50  1.000000e-50  1.000000e-50  1.000000e-50  1.000000e-50  5.086483e-01  1.000000e-50  1.000000e-50  1.000000e-50  1.000000e-50  1.000000e-50  1.000000e-50  1.000000e-50  3.523382e-01  1.000000e-50 
1.447254e-02  1.000000e-50  2.580645e-02  1.000000e-50  1.154316e-01  1.321709e-01  4.952049e-02  3.574542e-02  4.010462e-03  1.394943e-02  1.000000e-50  3.417611e-02  1.000000e-50  1.000000e-50  1.970357e-02  2.842197e-02  1.401918e-01  1.000000e-50  9.014821e-02  1.000000e-50  8.334786e-02  1.377507e-01  6.242371e-02  1.272886e-02  1.000000e-50 
2.589332e-03  1.000000e-50  3.314345e-02  1.000000e-50  1.000000e-50  2.071466e-02  9.425168e-02  1.000000e-50  3.868462e-01  2.957017e-01  1.000000e-50  1.553599e-02  1.242879e-02  1.000000e-50  3.314345e-02  1.000000e-50  1.450026e-02  1.000000e-50  4.919731e-02  1.000000e-50  7.250129e-03  1.000000e-50  3.469705e-02  1.000000e-50  1.000000e-50 
1.000000e-50  1.000000e-50  1.558442e-03  1.000000e-50  5.714286e-01  1.000000e-50  1.000000e-50  1.000000e-50  1.000000e-50  1.000000e-50  8.072727e-02  1.000000e-50  1.838961e-01  1.160519e-01  1.000000e-50  1.000000e-50  2.181818e-03  1.000000e-50  6.129870e-03  3.168831e-02  1.000000e-50  1.000000e-50  4.883117e-03  1.000000e-50  1.454545e-03 
1.000000e-50  1.000000e-50  2.824055e-02  1.000000e-50  1.000000e-50  1.000000e-50  1.000000e-50  4.266558e-03  1.000000e-50  4.063389e-03  1.000000e-50  2.245022e-01  1.036164e-02  1.000000e-50  4.063389e-03  1.584722e-02  5.030475e-01  1.000000e-50  9.162942e-02  1.000000e-50  6.298253e-02  1.000000e-50  4.083706e-02  1.015847e-02  1.000000e-50 
5.115248e-02  2.659574e-04  4.184397e-02  1.000000e-50  1.000000e-50  3.723404e-02  4.033688e-02  1.046099e-02  8.865248e-02  4.539007e-02  1.000000e-50  1.000000e-50  8.865248e-03  1.000000e-50  1.075355e-01  2.544326e-02  2.659574e-03  1.000000e-50  1.318262e-01  1.000000e-50  1.373227e-01  1.621454e-01  3.244681e-02  7.641844e-02  1.000000e-50 
5.365239e-02  1.000000e-50  4.836272e-02  1.000000e-50  2.518892e-02  2.997481e-02  7.052897e-02  5.591940e-02  8.564232e-03  2.141058e-02  1.000000e-50  1.010076e-01  3.375315e-02  1.284635e-02  5.365239e-02  5.289673e-02  5.214106e-02  1.000000e-50  1.032746e-01  1.000000e-50  9.974811e-02  4.458438e-02  6.523929e-02  6.725441e-02  1.000000e-50 
4.153481e-02  1.977848e-04  2.492089e-02  1.000000e-50  1.562500e-02  1.000000e-50  2.990506e-01  1.285601e-02  8.900316e-03  1.087816e-02  1.000000e-50  2.709652e-02  1.000000e-50  1.522943e-02  5.953323e-02  1.087816e-02  1.602057e-02  1.000000e-50  1.123418e-01  1.000000e-50  2.535601e-01  1.000000e-50  2.887658e-02  6.250000e-02  1.000000e-50 
4.135094e-02  2.164971e-03  4.438190e-02  1.000000e-50  1.234033e-02  1.667027e-02  1.112795e-01  1.450530e-02  1.182074e-01  6.603161e-02  1.000000e-50  3.009309e-02  1.710327e-02  1.000000e-50  4.373241e-02  2.597965e-02  1.926824e-02  1.000000e-50  9.092877e-02  1.000000e-50  2.043732e-01  2.727863e-02  3.853648e-02  7.577398e-02  1.000000e-50 
1.000000e-50  1.000000e-50  2.281865e-03  2.052592e-01  1.000000e-50  1.000000e-50  1.000000e-50  1.000000e-50  7.497555e-03  1.000000e-50  4.911442e-02  3.009888e-02  1.000000e-50  1.000000e-50  2.064544e-03  1.000000e-50  6.726068e-02  1.000000e-50  1.000000e-50  2.301423e-01  1.000000e-50  1.000000e-50  8.910138e-03  1.000000e-50  3.973704e-01 
2.623183e-02  1.000000e-50  5.683564e-02  1.000000e-50  4.454685e-02  4.360156e-02  2.271062e-01  3.946591e-02  1.051637e-01  7.066052e-02  1.000000e-50  1.429753e-02  1.524282e-02  4.135649e-03  7.101501e-02  1.000000e-50  1.417937e-02  1.000000e-50  7.030604e-02  1.000000e-50  1.211154e-01  1.000000e-50  3.887510e-02  3.722084e-02  1.000000e-50 
1.000000e-50  1.000000e-50  1.000000e-50  1.000000e-50  4.926566e-02  1.000000e-50  1.000000e-50  1.000000e-50  1.000000e-50  1.000000e-50  1.899981e-01  1.000000e-50  4.164343e-02  6.034579e-01  1.000000e-50  1.000000e-50  1.000000e-50  1.000000e-50  1.000000e-50  5.019520e-03  1.000000e-50  1.000000e-50  1.000000e-50  1.000000e-50  1.106154e-01 
1.000000e-50  1.000000e-50  1.000000e-50  1.000000e-50  1.000000e-50  1.000000e-50  1.000000e-50  4.161811e-04  1.000000e-50  1.000000e-50  6.617280e-02  1.000000e-50  1.000000e-50  5.314633e-01  1.000000e-50  1.000000e-50  1.000000e-50  3.726070e-01  1.000000e-50  5.410355e-04  1.000000e-50  1.000000e-50  1.000000e-50  1.000000e-50  2.879973e-02 
2.792182e-03  1.000000e-50  1.808270e-02  1.000000e-50  4.414307e-02  7.552187e-02  1.035767e-01  3.058104e-02  1.000000e-50  1.941231e-02  1.000000e-50  5.531179e-02  2.100784e-01  3.430395e-02  1.000000e-50  2.991623e-02  1.435979e-01  1.000000e-50  8.230289e-02  1.000000e-50  7.352746e-02  1.000000e-50  3.483579e-02  4.201569e-02  1.000000e-50 
5.368748e-02  5.510031e-03  2.161628e-02  1.000000e-50  1.554111e-02  2.684374e-02  3.065838e-02  3.899407e-02  1.000000e-50  1.638881e-02  1.000000e-50  4.577564e-02  2.076858e-02  1.271546e-02  3.192992e-02  1.090704e-01  6.061034e-02  1.000000e-50  7.007629e-02  1.000000e-50  4.577564e-02  2.853914e-02  1.992088e-02  3.455778e-01  1.000000e-50 
2.540107e-03  1.336898e-04  2.152406e-02  1.000000e-50  1.000000e-50  1.029412e-02  1.069519e-02  1.016043e-02  7.352941e-03  4.144385e-03  1.000000e-50  6.094920e-01  1.403743e-02  1.000000e-50  2.406417e-03  1.000000e-50  1.233957e-01  1.000000e-50  1.541444e-01  1.000000e-50  9.625668e-03  1.000000e-50  2.005348e-02  1.000000e-50  1.000000e-50 
1.000000e-50  1.000000e-50  1.000000e-50  4.439064e-03  1.419155e-02  1.000000e-50  1.000000e-50  1.000000e-50  1.000000e-50  1.000000e-50  2.504708e-01  1.000000e-50  1.000000e-50  4.195588e-01  1.000000e-50  1.000000e-50  1.000000e-50  2.995695e-01  1.000000e-50  1.177024e-02  1.000000e-50  1.000000e-50  1.000000e-50  1.000000e-50  1.000000e-50 
7.469512e-03  1.000000e-50  8.437500e-02  2.210366e-03  4.131098e-02  3.521341e-02  5.838415e-02  4.375000e-02  2.339939e-02  2.972561e-02  3.887195e-03  3.246951e-02  1.371951e-03  1.000000e-50  5.228659e-02  9.817073e-02  7.240854e-03  1.000000e-50  1.571646e-01  1.600610e-03  1.900915e-01  4.268293e-03  5.434451e-02  7.126524e-02  1.000000e-50 
3.802970e-03  1.000000e-50  7.533502e-02  1.000000e-50  8.692503e-02  3.531329e-02  9.127128e-02  5.143064e-02  6.917783e-02  5.034408e-02  2.643970e-02  1.340094e-02  1.000000e-50  1.000000e-50  2.408548e-02  2.897501e-03  7.787034e-03  1.000000e-50  9.145237e-02  2.980804e-01  4.074611e-02  1.000000e-50  2.698298e-02  4.527345e-03  1.000000e-50 
3.798460e-02  1.000000e-50  5.782535e-02  1.000000e-50  1.000000e-50  3.256755e-02  1.037724e-01  3.217596e-02  7.701344e-03  1.951442e-02  1.000000e-50  1.000000e-50  2.688944e-02  1.000000e-50  1.200235e-01  2.127660e-02  1.000000e-50  1.000000e-50  1.113432e-01  1.000000e-50  1.858765e-01  1.524605e-01  3.465605e-02  5.593265e-02  1.000000e-50 
2.225008e-02  4.700721e-04  2.648073e-02  1.000000e-50  1.958634e-02  8.414290e-02  1.383579e-01  1.864619e-02  9.072391e-02  4.324663e-02  1.000000e-50  1.000000e-50  5.076778e-02  1.000000e-50  5.296145e-02  3.149483e-02  1.237856e-02  1.000000e-50  9.840175e-02  1.000000e-50  1.275462e-01  7.693513e-02  2.052648e-02  8.508305e-02  1.000000e-50 
1.179148e-02  4.137360e-04  3.992553e-02  1.000000e-50  2.027307e-02  3.971866e-02  1.001241e-01  4.902772e-02  3.640877e-02  4.509723e-02  1.000000e-50  2.461729e-02  3.971866e-02  1.675631e-02  9.060819e-02  7.261067e-02  2.875465e-02  1.000000e-50  9.371121e-02  1.000000e-50  1.932147e-01  1.000000e-50  6.537029e-02  3.185767e-02  1.000000e-50 
2.455125e-01  4.720069e-03  1.147287e-02  1.000000e-50  1.000000e-50  1.000000e-50  7.476314e-03  1.216193e-02  1.929371e-03  1.805340e-02  1.000000e-50  6.890612e-04  1.000000e-50  1.000000e-50  2.070629e-02  6.160207e-02  1.000000e-50  1.000000e-50  9.956934e-03  1.000000e-50  1.064599e-02  7.683032e-03  5.202412e-03  5.821878e-01  1.000000e-50 
1.000000e-50  1.000000e-50  2.399543e-02  1.000000e-50  9.979052e-02  1.000000e-50  1.000000e-50  1.000000e-50  1.000000e-50  1.000000e-50  2.717578e-01  1.000000e-50  1.000000e-50  1.000000e-50  1.000000e-50  1.000000e-50  1.000000e-50  2.976576e-01  1.000000e-50  2.447153e-01  1.000000e-50  1.000000e-50  1.000000e-50  1.000000e-50  6.208341e-02 


#DOUBLE_1x25_DISCRETE_HIDDEN_DOMINANT-EIGENVECTOR
5.702594e-02  6.957938e-03  2.592913e-02  8.798175e-03  4.179558e-02  2.198190e-02  5.040043e-02  1.774487e-02  2.274582e-02  2.084806e-02  4.079872e-02  3.816774e-02  2.380973e-02  1.060855e-01  3.316243e-02  3.156940e-02  3.342273e-02  6.638494e-02  5.844213e-02  2.492584e-02  6.757427e-02  2.805520e-02  2.164472e-02  1.283132e-01  2.341568e-02  

#DOUBLE_25x20_DISCRETE_AA_EMISSION
5.275444e-02  2.435419e-02  6.808279e-02  4.847495e-02  4.598506e-02  2.513228e-02  2.248677e-02  8.699035e-02  5.602241e-02  1.329754e-01  1.859633e-02  4.746343e-02  6.769374e-02  2.629941e-02  4.326175e-02  3.843760e-02  3.781513e-02  1.029412e-01  1.999689e-02  3.423592e-02 
6.748072e-02  8.997429e-03  5.976864e-02  4.884319e-02  2.699229e-02  2.442159e-02  2.377892e-02  9.383033e-02  5.591260e-02  1.458869e-01  2.313625e-02  3.341902e-02  2.313625e-02  2.827763e-02  4.498715e-02  5.719794e-02  6.683805e-02  1.375321e-01  1.092545e-02  1.863753e-02 
4.791559e-02  2.542813e-02  2.158796e-01  4.705068e-02  4.566684e-02  2.144958e-02  4.203425e-02  3.615291e-02  4.514790e-02  4.480194e-02  1.608718e-02  1.627746e-01  1.000000e-50  2.940668e-02  4.497492e-02  5.241308e-02  2.508217e-02  3.580695e-02  1.176267e-02  5.016433e-02 
1.513623e-01  1.564077e-02  2.371342e-02  6.760848e-02  2.926337e-02  3.077699e-02  2.875883e-02  1.664985e-02  7.063572e-02  1.664985e-01  3.632694e-02  7.517659e-02  1.000000e-50  5.146317e-02  6.811302e-02  6.407669e-02  3.380424e-02  2.623613e-02  8.577195e-03  3.531786e-02 
9.677419e-02  1.300728e-02  3.860562e-02  8.616025e-02  4.297607e-02  4.713840e-02  2.278876e-02  6.961498e-02  6.399584e-02  1.265349e-01  2.258065e-02  2.549428e-02  3.371488e-02  4.297607e-02  5.369407e-02  3.694069e-02  3.850156e-02  7.710718e-02  1.664932e-02  4.474506e-02 
1.233320e-01  8.896078e-03  4.104327e-02  7.137080e-02  2.507076e-02  2.749697e-02  1.152446e-02  3.760615e-02  6.631622e-02  8.329964e-02  1.698342e-02  1.395067e-02  2.256369e-01  2.931662e-02  5.216336e-02  4.690659e-02  2.850789e-02  5.398302e-02  1.536595e-02  2.122928e-02 
1.376267e-01  2.560294e-02  4.072003e-02  6.807060e-02  5.269137e-02  2.569032e-02  2.149598e-02  5.199231e-02  6.387627e-02  1.337819e-01  3.346732e-02  2.586508e-02  1.000000e-50  4.264243e-02  5.487592e-02  5.146802e-02  4.875918e-02  5.845858e-02  2.044740e-02  4.246767e-02 
2.480774e-02  4.465393e-03  3.076160e-02  1.835773e-02  7.938477e-03  7.474572e-01  1.041925e-02  7.442322e-03  2.282312e-02  1.810965e-02  4.217316e-03  1.686926e-02  1.736542e-03  1.017117e-02  1.587695e-02  3.175391e-02  1.141156e-02  6.698090e-03  1.984619e-03  6.698090e-03 
4.338395e-03  1.000000e-50  6.704792e-03  5.324394e-03  5.718793e-03  9.514889e-01  2.957996e-03  1.000000e-50  1.000000e-50  2.366397e-03  1.000000e-50  9.268389e-03  1.000000e-50  1.000000e-50  1.000000e-50  5.127194e-03  5.127194e-03  1.000000e-50  1.577598e-03  1.000000e-50 
5.208111e-02  1.792956e-02  1.220918e-01  5.592316e-02  2.817503e-02  1.062967e-01  3.778015e-02  4.055496e-03  9.178228e-02  3.180363e-02  1.856990e-02  2.247599e-01  1.000000e-50  4.887940e-02  5.933831e-02  4.759872e-02  8.324440e-03  5.763074e-03  1.131270e-02  2.753469e-02 
1.518699e-01  1.149051e-02  5.929539e-02  1.069919e-01  1.929539e-02  2.915989e-02  1.495935e-02  3.241192e-02  8.986450e-02  1.203252e-01  2.905149e-02  4.520325e-02  1.000000e-50  5.723577e-02  7.739837e-02  6.352304e-02  2.384824e-02  3.208672e-02  1.127371e-02  2.471545e-02 
5.604961e-02  1.041423e-02  1.441610e-01  6.190030e-02  4.598643e-02  4.575240e-02  3.206178e-02  1.486075e-02  5.476246e-02  8.986660e-02  1.942429e-02  9.946174e-02  1.000000e-50  4.984788e-02  4.762462e-02  8.027147e-02  7.091037e-02  1.287152e-02  1.696700e-02  4.680552e-02 
8.773882e-02  7.790762e-03  5.731775e-02  9.682805e-02  2.541272e-02  3.023558e-02  1.650900e-02  4.322018e-02  5.101094e-02  6.436654e-02  1.354109e-02  2.355778e-02  2.238917e-01  3.005008e-02  4.136524e-02  5.305138e-02  3.487294e-02  5.101094e-02  2.096086e-02  2.726767e-02 
1.539163e-01  1.235643e-02  7.600448e-02  1.304889e-01  1.782975e-02  5.324045e-02  1.720778e-02  1.874197e-02  6.986773e-02  9.184393e-02  2.885931e-02  4.590123e-02  1.000000e-50  6.132604e-02  6.339926e-02  5.593565e-02  4.254260e-02  3.648878e-02  1.044906e-02  1.360036e-02 
2.743142e-02  2.310014e-02  1.724636e-01  2.480641e-02  2.493766e-03  1.754823e-01  1.863762e-02  1.000000e-50  2.375640e-02  2.244389e-02  2.887518e-03  9.804436e-02  2.559391e-02  1.706261e-02  2.611891e-02  1.907074e-01  1.382071e-01  3.543772e-03  1.000000e-50  7.218795e-03 
1.039955e-01  2.975347e-02  7.778407e-02  1.785208e-02  4.420516e-02  2.587135e-01  2.904506e-02  1.000000e-50  1.544347e-02  1.000000e-50  7.084160e-03  5.157268e-02  1.000000e-50  1.289317e-02  2.026070e-02  1.854633e-01  9.365259e-02  1.133466e-03  1.303485e-02  3.811278e-02 
1.063716e-01  1.159691e-02  7.584644e-02  1.009064e-01  2.092775e-02  4.852039e-02  2.492669e-02  2.412690e-02  7.171421e-02  4.692082e-02  1.399627e-02  3.532391e-02  1.213010e-01  4.038923e-02  4.398827e-02  1.150360e-01  3.798987e-02  2.452679e-02  1.492935e-02  2.066116e-02 
9.443996e-02  1.252019e-02  1.000000e-50  2.403069e-02  7.720786e-02  1.000000e-50  2.214593e-02  1.457324e-01  6.125471e-02  1.748115e-01  3.089661e-02  1.000000e-50  1.000000e-50  3.190630e-02  6.334141e-02  1.070275e-02  3.857027e-02  1.267501e-01  2.268444e-02  6.300485e-02 
5.842832e-02  2.053295e-02  7.669661e-02  7.918774e-02  2.996905e-02  3.865026e-02  2.657205e-02  3.978259e-02  8.990715e-02  7.284668e-02  1.472031e-02  3.698951e-02  5.880577e-02  3.676304e-02  5.812637e-02  7.382804e-02  9.217181e-02  5.510682e-02  1.222918e-02  2.868574e-02 
7.071070e-02  2.099785e-02  3.768844e-02  7.124910e-02  6.389088e-02  1.830581e-02  3.302225e-02  4.953338e-02  7.394113e-02  1.274228e-01  2.961235e-02  5.222541e-02  1.000000e-50  4.091888e-02  6.227566e-02  5.886576e-02  7.483848e-02  5.545585e-02  1.310122e-02  4.594401e-02 
4.524594e-02  1.880939e-02  1.531898e-02  6.625299e-02  5.500614e-02  1.000000e-50  3.199535e-02  9.469330e-02  8.040851e-02  8.803568e-02  2.133023e-02  2.695366e-02  1.486652e-03  5.132183e-02  6.302114e-02  4.925344e-02  9.417620e-02  1.330877e-01  1.654709e-02  4.705578e-02 
5.010114e-02  1.000000e-50  2.707328e-02  4.185468e-02  1.000000e-50  5.756963e-03  9.180022e-03  1.000000e-50  4.045433e-02  7.779679e-04  2.178310e-03  3.267465e-03  7.445153e-01  7.935273e-03  1.976039e-02  3.314143e-02  9.335615e-04  9.335615e-03  9.335615e-04  2.800685e-03 
6.004433e-02  2.317147e-02  1.079992e-01  4.795487e-02  4.392505e-02  6.306669e-02  3.667137e-02  2.397743e-02  4.916381e-02  6.629055e-02  1.853718e-02  1.092081e-01  7.656659e-02  3.385049e-02  4.775337e-02  6.165626e-02  6.367117e-02  3.022366e-02  1.047753e-02  2.579085e-02 
6.174663e-02  1.940314e-02  9.375322e-03  4.735740e-02  6.689790e-02  1.226004e-02  2.290601e-02  1.167279e-01  4.790686e-02  9.725609e-02  2.331811e-02  1.462962e-02  1.000000e-50  3.303685e-02  5.322985e-02  4.234349e-02  8.008517e-02  1.698891e-01  1.861328e-02  6.301727e-02 
8.410860e-02  6.645149e-03  5.468008e-02  1.165749e-01  3.626353e-02  2.620087e-02  2.126448e-02  6.816024e-02  8.050123e-02  1.179039e-01  3.113727e-02  3.550408e-02  1.000000e-50  6.360357e-02  5.657870e-02  3.588380e-02  4.366812e-02  7.138789e-02  1.442947e-02  3.550408e-02 


#DOUBLE_25x3_DISCRETE_SS_EMISSION
1.000000e-50  1.000000e+00  1.000000e-50 
1.000000e-50  9.407979e-01  5.920206e-02 
3.612592e-03  1.376226e-03  9.950112e-01 
1.617278e-01  1.000000e-50  8.382722e-01 
1.000000e+00  1.000000e-50  1.000000e-50 
1.000000e-50  1.000000e-50  1.000000e+00 
1.000000e-50  1.000000e-50  1.000000e+00 
2.337146e-02  9.721532e-02  8.794132e-01 
1.000000e-50  5.110063e-03  9.948899e-01 
3.645722e-03  3.409822e-02  9.622561e-01 
9.992399e-01  1.000000e-50  7.601260e-04 
1.000000e-50  1.000000e-50  1.000000e+00 
1.000000e+00  1.000000e-50  1.000000e-50 
1.000000e+00  1.000000e-50  1.000000e-50 
1.000000e-50  1.000000e-50  1.000000e+00 
1.000000e-50  5.807546e-01  4.192454e-01 
1.000000e-50  1.000000e-50  1.000000e+00 
1.000000e+00  1.000000e-50  1.000000e-50 
1.590789e-03  1.000000e-50  9.984092e-01 
1.000000e+00  1.000000e-50  1.000000e-50 
1.000000e-50  1.000000e-50  1.000000e+00 
3.089757e-04  1.174108e-02  9.879499e-01 
6.087662e-03  6.493506e-03  9.874188e-01 
1.000000e-50  1.000000e+00  1.000000e-50 
1.000000e+00  1.000000e-50  1.000000e-50 


#DOUBLE_25x2_DISCRETE_CIS_EMISSION
9.992232e-01  7.767594e-04 
9.993557e-01  6.443299e-04 
1.000000e+00  1.000000e-50 
1.000000e+00  1.000000e-50 
1.000000e+00  1.000000e-50 
1.000000e+00  1.000000e-50 
1.000000e+00  1.000000e-50 
1.000000e+00  1.000000e-50 
1.000000e+00  1.000000e-50 
1.000000e+00  1.000000e-50 
1.000000e+00  1.000000e-50 
1.000000e+00  1.000000e-50 
1.000000e+00  1.000000e-50 
1.000000e+00  1.000000e-50 
1.000000e+00  1.000000e-50 
9.988718e-01  1.128191e-03 
1.000000e+00  1.000000e-50 
1.000000e+00  1.000000e-50 
9.886673e-01  1.133273e-02 
1.000000e+00  1.000000e-50 
9.985150e-01  1.485021e-03 
9.509116e-01  4.908836e-02 
9.965489e-01  3.451076e-03 
1.000000e+00  1.000000e-50 
1.000000e+00  1.000000e-50 


#DOUBLE_25x3_TORUS_TORUS_KAPPA
7.112356e+00  6.968070e+00  -5.582400e+00 
1.275173e+01  1.114968e+01  2.437940e+00 
2.704523e+00  4.847025e+00  -3.378750e+00 
9.509425e+01  9.229350e+01  3.776825e+01 
4.416375e+01  3.748095e+01  8.462487e+00 
1.090486e+02  8.184354e+01  3.258143e+01 
3.643704e+01  2.918576e+01  8.995171e+00 
5.306386e+00  3.968366e+00  9.691641e-01 
3.073139e+01  2.499607e+01  9.424564e+00 
7.545925e+01  3.712199e+01  1.912382e+01 
1.704887e+02  1.162488e+02  4.803422e+01 
5.826965e+01  5.656980e+01  2.247309e+01 
2.079178e+02  1.509865e+02  6.930315e+01 
3.511881e+02  2.959312e+02  1.095984e+02 
1.466886e+01  8.752385e+00  2.850640e+00 
9.632732e+00  1.100081e+01  9.676941e-01 
1.532711e+02  9.358116e+01  4.439925e+01 
2.732412e+02  2.168810e+02  6.952903e+01 
8.071438e+00  7.443355e+00  1.034868e+00 
1.645415e+01  1.717787e+01  4.108948e+00 
9.789507e+00  1.209622e+01  2.797611e+00 
6.061347e+01  3.910511e+01  1.588591e+01 
3.118303e+00  1.925774e+00  -1.082115e+01 
1.915323e+01  1.975710e+01  4.791810e+00 
1.392957e+02  8.158761e+01  2.884763e+01 


#DOUBLE_25x2_TORUS_TORUS_MU
-1.585847e+00  2.212585e+00 
-1.646163e+00  -5.026710e-01 
-2.030243e+00  1.630188e+00 
-1.535050e+00  3.411386e-02 
-1.029895e+00  -7.988843e-01 
-9.882088e-01  -6.064672e-01 
-1.208127e+00  2.484227e+00 
1.542796e+00  -2.851897e+00 
1.506997e+00  7.821874e-02 
9.974153e-01  6.689724e-01 
-1.107642e+00  -5.459593e-01 
-1.634695e+00  8.002043e-03 
-1.015642e+00  -6.493477e-01 
-1.108889e+00  -7.236753e-01 
-1.460661e+00  2.776160e+00 
-2.682388e+00  2.920003e+00 
-1.135775e+00  -3.343807e-01 
-1.099231e+00  -7.656478e-01 
-1.551969e+00  -4.847235e-01 
-1.545706e+00  -4.321775e-01 
-2.062202e+00  2.481611e+00 
-1.130571e+00  2.565070e+00 
-1.848002e+00  7.048667e-01 
-2.182157e+00  2.401226e+00 
-1.287808e+00  -7.076601e-01 


