#DOUBLE_1x40_DISCRETE_HIDDEN_START
3.729282e-02  1.000000e-50  1.000000e-50  1.519337e-02  2.762431e-02  1.000000e-50  1.000000e-50  4.419890e-02  1.000000e-50  1.864641e-02  3.107735e-02  1.629834e-01  1.243094e-02  1.000000e-50  1.000000e-50  1.000000e-50  1.312155e-02  9.668508e-03  1.000000e-50  5.524862e-03  5.524862e-03  2.969613e-02  2.348066e-02  1.000000e-50  4.903315e-02  5.732044e-02  1.000000e-50  3.522099e-02  1.000000e-50  7.734807e-02  6.215470e-02  4.765193e-02  9.806630e-02  1.243094e-02  1.035912e-02  5.386740e-02  2.417127e-02  1.000000e-50  3.591160e-02  1.000000e-50  

#DOUBLE_40x40_DISCRETE_HIDDEN_TRANSITION
1.519047e-02  1.000000e-50  1.000000e-50  2.126665e-02  3.715821e-02  1.000000e-50  1.000000e-50  2.336995e-02  1.000000e-50  2.173405e-02  2.360365e-02  4.393550e-02  1.000000e-50  1.000000e-50  1.000000e-50  2.103295e-03  3.622342e-02  1.000000e-50  1.000000e-50  1.892966e-02  1.000000e-50  9.815377e-03  1.448937e-02  1.603178e-01  3.505492e-02  1.121757e-02  1.000000e-50  3.038093e-03  6.566955e-02  1.000000e-50  1.869596e-03  1.051648e-01  5.538677e-02  2.687544e-02  1.308717e-02  4.089741e-02  4.510400e-02  2.150035e-02  1.285347e-01  1.846226e-02 
1.290116e-01  7.317073e-02  1.000000e-50  1.000000e-50  1.000000e-50  4.172015e-03  1.000000e-50  2.824134e-02  1.000000e-50  1.000000e-50  1.347882e-02  5.070603e-02  1.000000e-50  1.000000e-50  9.627728e-04  1.283697e-02  2.824134e-02  1.000000e-50  1.000000e-50  4.300385e-02  1.000000e-50  3.180359e-01  9.306804e-03  1.000000e-50  1.000000e-50  1.000000e-50  1.000000e-50  1.732991e-02  7.605905e-02  1.000000e-50  3.305520e-02  1.893453e-02  1.893453e-02  8.311938e-02  1.636714e-02  2.503209e-02  1.000000e-50  1.000000e-50  1.000000e-50  1.000000e-50 
7.847341e-02  1.000000e-50  1.000000e-50  1.543739e-02  1.000000e-50  1.000000e-50  1.000000e-50  1.706690e-01  1.000000e-50  1.072041e-02  1.000000e-50  9.348199e-02  1.000000e-50  1.000000e-50  1.000000e-50  4.288165e-03  1.247856e-01  7.718696e-03  1.000000e-50  1.329331e-02  1.000000e-50  1.000000e-50  5.660377e-02  1.000000e-50  4.931389e-02  1.000000e-50  1.000000e-50  4.631218e-02  3.773585e-02  6.003431e-03  1.000000e-50  1.886792e-02  1.256432e-01  4.288165e-03  1.000000e-50  2.358491e-02  1.000000e-50  1.200686e-02  4.116638e-02  5.960549e-02 
1.000000e-50  1.000000e-50  1.000000e-50  1.086464e-02  4.391127e-02  1.000000e-50  1.222273e-02  1.493889e-02  1.000000e-50  1.856043e-02  1.000000e-50  1.172476e-01  1.000000e-50  1.000000e-50  4.821186e-02  1.000000e-50  1.197374e-01  1.154368e-02  1.000000e-50  8.963332e-02  1.177003e-02  5.658669e-03  8.691716e-02  1.000000e-50  2.240833e-02  2.308737e-02  1.000000e-50  3.327297e-02  1.000000e-50  2.150294e-02  1.000000e-50  1.335446e-02  9.823450e-02  2.580353e-02  1.000000e-50  9.053871e-03  1.833409e-02  7.243096e-03  5.002263e-02  8.646446e-02 
1.447077e-01  1.000000e-50  1.000000e-50  1.260664e-01  1.000000e-50  1.000000e-50  1.579779e-02  1.358610e-02  1.000000e-50  1.358610e-02  1.000000e-50  1.642970e-02  1.295419e-02  1.000000e-50  1.000000e-50  1.000000e-50  2.786730e-01  1.895735e-02  1.000000e-50  1.000000e-50  1.000000e-50  1.000000e-50  1.000000e-50  1.000000e-50  1.000000e-50  1.000000e-50  1.000000e-50  1.000000e-50  1.000000e-50  2.843602e-02  1.000000e-50  1.000000e-50  3.601896e-02  4.739336e-03  1.000000e-50  1.327014e-02  1.000000e-50  9.478673e-03  1.000000e-50  2.672986e-01 
1.000000e-50  1.000000e-50  1.000000e-50  5.501285e-02  3.393316e-02  1.000000e-50  1.000000e-50  1.000000e-50  1.000000e-50  3.341902e-02  1.000000e-50  5.295630e-02  1.000000e-50  1.000000e-50  3.439589e-01  1.000000e-50  1.000000e-50  6.683805e-03  1.000000e-50  2.632391e-01  1.000000e-50  1.000000e-50  2.622108e-02  7.197943e-03  5.141388e-03  1.000000e-50  1.000000e-50  1.079692e-02  1.000000e-50  1.000000e-50  1.000000e-50  1.000000e-50  1.000000e-50  1.000000e-50  1.000000e-50  3.136247e-02  6.426735e-02  1.028278e-02  3.598972e-02  1.953728e-02 
1.000000e-50  1.000000e-50  1.000000e-50  1.000000e-50  1.000000e-50  1.238867e-03  8.178866e-01  1.000000e-50  1.000000e-50  1.000000e-50  1.000000e-50  1.000000e-50  1.757852e-02  1.267662e-01  1.000000e-50  1.000000e-50  1.000000e-50  1.000000e-50  1.804728e-02  1.000000e-50  1.000000e-50  1.000000e-50  1.000000e-50  1.000000e-50  1.000000e-50  1.000000e-50  1.000000e-50  1.000000e-50  1.000000e-50  1.804728e-02  1.000000e-50  1.000000e-50  1.000000e-50  4.352776e-04  1.000000e-50  1.000000e-50  1.000000e-50  1.000000e-50  1.000000e-50  1.000000e-50 
8.605072e-03  3.299689e-02  7.123447e-02  1.940994e-03  5.822981e-03  1.000000e-50  1.000000e-50  3.627070e-01  1.000000e-50  5.434783e-03  9.704969e-03  7.181677e-03  1.000000e-50  1.293996e-04  6.469979e-04  3.183230e-02  1.000000e-50  1.099896e-03  1.000000e-50  1.753364e-02  1.000000e-50  6.541149e-02  5.305383e-03  2.199793e-03  1.501035e-02  2.661102e-01  7.375776e-03  1.365166e-02  7.246377e-03  1.000000e-50  6.534679e-03  1.164596e-02  1.048137e-02  1.158126e-02  2.005694e-03  4.658385e-03  1.391046e-02  1.000000e-50  1.000000e-50  1.000000e-50 
1.000000e-50  1.000000e-50  1.000000e-50  1.000000e-50  6.236559e-02  1.000000e-50  1.000000e-50  1.913978e-01  1.000000e-50  1.000000e-50  1.000000e-50  1.000000e-50  1.000000e-50  1.000000e-50  1.000000e-50  1.000000e-50  1.000000e-50  1.000000e-50  1.000000e-50  1.000000e-50  1.000000e-50  1.000000e-50  1.000000e-50  1.000000e-50  3.655914e-02  1.000000e-50  1.000000e-50  1.000000e-50  1.000000e-50  1.000000e-50  1.000000e-50  2.838710e-01  3.763441e-01  1.000000e-50  1.000000e-50  1.000000e-50  1.000000e-50  4.946237e-02  1.000000e-50  1.000000e-50 
4.655637e-02  1.000000e-50  1.000000e-50  1.423624e-02  1.154290e-02  3.078107e-03  1.000000e-50  5.232782e-02  1.000000e-50  7.272028e-02  4.155444e-02  1.296653e-01  1.500577e-02  1.000000e-50  1.000000e-50  4.232397e-03  1.769912e-02  1.000000e-50  1.000000e-50  1.346672e-02  1.000000e-50  3.770681e-02  1.808388e-02  1.000000e-50  6.425548e-02  1.038861e-02  1.000000e-50  1.115814e-02  1.000000e-50  3.347441e-02  1.385148e-02  6.271643e-02  9.118892e-02  2.347057e-02  1.000000e-50  9.734513e-02  3.424394e-02  1.000000e-50  8.003078e-02  1.000000e-50 
1.279621e-01  1.000000e-50  1.000000e-50  1.000000e-50  1.481043e-02  1.303318e-02  1.000000e-50  4.206161e-02  1.000000e-50  4.917062e-02  1.000000e-50  7.227488e-02  1.000000e-50  1.000000e-50  1.000000e-50  1.000000e-50  4.857820e-02  1.000000e-50  1.000000e-50  1.000000e-50  1.000000e-50  8.827014e-02  1.125592e-02  1.000000e-50  1.048578e-01  2.784360e-02  1.000000e-50  1.000000e-50  1.000000e-50  1.481043e-02  1.244076e-01  3.021327e-02  9.063981e-02  3.554502e-02  2.132701e-02  1.000000e-50  1.000000e-50  2.369668e-02  5.924171e-02  1.000000e-50 
3.178859e-02  1.000000e-50  1.000000e-50  1.000000e-50  4.356568e-02  1.000000e-50  1.000000e-50  5.122558e-02  1.493681e-02  1.407507e-02  1.158560e-02  7.870548e-02  1.000000e-50  1.000000e-50  1.000000e-50  4.691689e-03  1.110686e-02  1.000000e-50  1.000000e-50  1.484106e-02  1.000000e-50  6.070471e-02  5.208732e-02  1.000000e-50  2.815013e-02  6.788587e-02  1.000000e-50  6.989659e-02  3.255458e-03  1.000000e-50  1.329950e-01  4.825737e-02  1.015894e-01  9.957871e-03  2.202221e-02  2.125622e-02  8.684412e-02  4.595940e-03  1.397932e-02  1.000000e-50 
1.000000e-50  1.000000e-50  1.000000e-50  1.000000e-50  1.184196e-03  8.181720e-03  1.000000e-50  1.000000e-50  1.000000e-50  4.413823e-03  4.090860e-03  3.444935e-03  5.624933e-01  1.239100e-01  1.000000e-50  1.000000e-50  1.022715e-02  1.000000e-50  1.281085e-01  1.000000e-50  1.000000e-50  1.000000e-50  5.382711e-04  1.000000e-50  2.583701e-03  1.000000e-50  1.000000e-50  1.000000e-50  1.000000e-50  5.705673e-03  1.000000e-50  1.000000e-50  1.000000e-50  2.045430e-03  1.000000e-50  2.379158e-02  1.000000e-50  1.270320e-02  2.099257e-02  8.558510e-02 
1.000000e-50  1.000000e-50  1.000000e-50  5.472721e-02  1.000000e-50  2.516096e-01  1.000000e-50  1.000000e-50  1.000000e-50  2.033209e-03  1.000000e-50  1.000000e-50  2.594036e-01  1.999322e-02  8.132836e-03  1.000000e-50  7.150119e-02  3.439512e-02  2.932904e-01  1.355473e-03  1.000000e-50  1.000000e-50  1.000000e-50  1.000000e-50  1.000000e-50  1.000000e-50  1.000000e-50  1.000000e-50  1.000000e-50  1.000000e-50  1.000000e-50  1.000000e-50  1.000000e-50  1.000000e-50  1.000000e-50  3.558116e-03  1.000000e-50  1.000000e-50  1.000000e-50  1.000000e-50 
1.000000e-50  1.000000e-50  1.000000e-50  3.803132e-02  1.677852e-02  1.000000e-50  1.000000e-50  1.000000e-50  4.026846e-02  1.000000e-50  1.000000e-50  4.099553e-01  1.000000e-50  1.000000e-50  1.000000e-50  1.000000e-50  1.342282e-02  2.516779e-02  1.000000e-50  6.152125e-03  2.237136e-03  1.000000e-50  1.677852e-03  1.000000e-50  3.467562e-02  8.948546e-03  1.000000e-50  1.000000e-50  1.000000e-50  2.237136e-02  1.000000e-50  1.901566e-02  2.662192e-01  1.000000e-50  2.796421e-02  1.000000e-50  5.536913e-02  1.174497e-02  1.000000e-50  1.000000e-50 
1.184990e-02  7.899934e-03  5.859118e-02  1.000000e-50  7.899934e-03  1.000000e-50  1.000000e-50  4.094799e-01  7.241606e-03  4.608295e-03  1.448321e-02  7.241606e-03  1.000000e-50  1.000000e-50  1.000000e-50  3.357472e-02  4.937459e-02  1.000000e-50  1.000000e-50  2.633311e-03  1.000000e-50  1.033575e-01  1.382488e-02  1.000000e-50  1.119157e-02  1.606320e-01  2.633311e-03  1.316656e-02  7.899934e-03  1.000000e-50  7.241606e-03  1.448321e-02  1.382488e-02  9.874918e-03  1.000000e-50  1.053325e-02  1.250823e-02  3.949967e-03  1.000000e-50  1.000000e-50 
1.000000e-50  1.000000e-50  1.000000e-50  1.934878e-01  2.128992e-03  9.016907e-03  1.000000e-50  1.000000e-50  1.000000e-50  1.000000e-50  1.000000e-50  1.000000e-50  1.000000e-50  1.000000e-50  1.502818e-03  1.000000e-50  2.237946e-01  4.175329e-01  1.000000e-50  1.000000e-50  1.000000e-50  1.000000e-50  1.000000e-50  1.069505e-01  1.000000e-50  1.000000e-50  1.000000e-50  1.000000e-50  1.000000e-50  1.000000e-50  1.000000e-50  1.000000e-50  5.009393e-03  1.628053e-03  2.379461e-03  1.000000e-50  6.136506e-03  1.000000e-50  1.152160e-02  1.891046e-02 
1.000000e-50  1.000000e-50  1.000000e-50  9.482567e-02  6.528981e-02  1.000000e-50  1.000000e-50  1.000000e-50  1.000000e-50  1.000000e-50  8.660893e-03  2.276260e-01  1.000000e-50  1.000000e-50  5.440817e-02  1.110371e-02  1.000000e-50  1.000000e-50  1.000000e-50  3.064624e-02  5.907173e-02  3.886298e-02  5.574062e-02  4.219409e-03  1.243615e-02  1.487897e-02  1.000000e-50  7.994670e-03  1.000000e-50  2.553853e-02  1.000000e-50  1.000000e-50  1.072618e-01  3.353320e-02  2.265157e-02  1.000000e-50  6.950922e-02  3.286698e-02  2.287364e-02  1.000000e-50 
1.000000e-50  1.000000e-50  1.000000e-50  2.808358e-02  2.651090e-02  1.000000e-50  1.000000e-50  3.819366e-03  1.000000e-50  2.763424e-02  1.000000e-50  7.548865e-02  1.258144e-02  1.000000e-50  9.615817e-02  1.000000e-50  3.190294e-02  4.493372e-03  2.401707e-01  6.447989e-02  9.660750e-03  4.493372e-03  5.302179e-02  1.000000e-50  1.190744e-02  2.246686e-03  1.000000e-50  9.436082e-03  1.000000e-50  3.010559e-02  1.000000e-50  1.258144e-02  3.662098e-02  4.762975e-02  8.312739e-03  1.000000e-50  1.000000e-50  5.436980e-02  9.503482e-02  1.325545e-02 
9.364359e-03  1.000000e-50  1.000000e-50  2.582293e-02  2.610670e-02  1.000000e-50  1.000000e-50  6.413167e-02  1.000000e-50  1.617480e-02  5.107832e-03  1.285471e-01  1.000000e-50  1.000000e-50  4.256527e-03  3.405221e-03  3.093076e-02  1.106697e-02  1.000000e-50  6.157775e-02  1.373439e-01  4.540295e-02  1.958002e-02  1.000000e-50  2.639047e-02  2.639047e-02  1.986379e-03  5.959137e-03  6.810443e-03  2.979569e-02  2.440409e-02  3.518729e-02  1.481271e-01  1.000000e-50  1.305335e-02  1.276958e-02  6.299659e-02  4.824064e-03  1.248581e-02  1.000000e-50 
1.000000e-50  1.000000e-50  1.000000e-50  2.598457e-02  1.339829e-02  1.000000e-50  1.000000e-50  5.359318e-02  7.714170e-03  1.000000e-50  1.000000e-50  3.995128e-01  1.000000e-50  1.000000e-50  1.000000e-50  1.000000e-50  1.218027e-02  1.827040e-02  1.000000e-50  8.120179e-03  8.526188e-03  6.090134e-02  1.339829e-02  1.000000e-50  1.583435e-02  6.414941e-02  1.000000e-50  3.004466e-02  1.000000e-50  2.395453e-02  1.000000e-50  2.639058e-02  1.140885e-01  6.090134e-03  8.932197e-03  1.000000e-50  5.440520e-02  5.278116e-03  2.923264e-02  1.000000e-50 
2.467232e-03  9.421742e-02  3.438705e-02  1.000000e-50  1.295297e-02  1.000000e-50  1.000000e-50  2.223593e-01  8.635312e-03  7.247494e-03  5.705474e-03  7.555898e-03  1.000000e-50  1.000000e-50  1.000000e-50  6.939090e-03  1.000000e-50  1.000000e-50  1.000000e-50  2.929838e-03  1.000000e-50  7.417116e-02  8.635312e-03  1.000000e-50  2.112567e-02  2.484194e-01  1.697764e-01  2.313030e-03  5.242868e-03  1.000000e-50  2.621434e-03  1.233616e-03  1.634541e-02  9.252120e-04  1.110254e-02  1.000000e-50  2.266769e-02  4.163454e-03  3.700848e-03  2.158828e-03 
9.482364e-02  1.000000e-50  1.000000e-50  1.000000e-50  2.427852e-02  1.000000e-50  1.000000e-50  2.725607e-02  1.000000e-50  3.802107e-02  1.649107e-02  3.847916e-02  1.000000e-50  1.000000e-50  9.161704e-03  7.558406e-03  4.328905e-02  4.580852e-03  1.000000e-50  6.298672e-02  2.384333e-01  2.977554e-03  6.413193e-03  1.000000e-50  1.740724e-02  2.977554e-03  1.000000e-50  1.534585e-02  3.023362e-02  1.000000e-50  7.901970e-02  4.489235e-02  7.237746e-02  3.206596e-03  1.878149e-02  1.000000e-50  4.649565e-02  1.000000e-50  4.122767e-03  5.038937e-02 
2.102804e-02  1.000000e-50  1.000000e-50  3.074766e-01  1.000000e-50  7.663551e-02  1.000000e-50  1.000000e-50  1.000000e-50  2.289720e-02  1.000000e-50  1.000000e-50  1.000000e-50  1.000000e-50  1.000000e-50  1.000000e-50  6.448598e-02  1.000000e-50  1.000000e-50  1.000000e-50  1.000000e-50  1.000000e-50  1.822430e-02  1.000000e-50  1.000000e-50  1.000000e-50  1.000000e-50  1.000000e-50  1.000000e-50  1.000000e-50  1.000000e-50  1.000000e-50  2.383178e-02  1.000000e-50  1.869159e-02  3.457944e-02  2.948598e-01  3.504673e-02  8.224299e-02  1.000000e-50 
6.912669e-02  1.000000e-50  1.000000e-50  1.000000e-50  1.230012e-02  1.000000e-50  1.000000e-50  4.723247e-02  1.000000e-50  4.403444e-02  4.895449e-02  7.995080e-02  1.000000e-50  1.000000e-50  1.000000e-50  4.920049e-03  2.361624e-02  1.328413e-02  1.000000e-50  5.658057e-03  1.000000e-50  2.337023e-02  4.280443e-02  4.132841e-02  6.445264e-02  1.968020e-02  1.000000e-50  2.902829e-02  3.714637e-02  1.820418e-02  5.362854e-02  6.617466e-02  5.830258e-02  3.173432e-02  2.140221e-02  1.000000e-50  3.665437e-02  1.968020e-03  7.699877e-02  2.804428e-02 
1.000000e-50  1.028421e-01  5.555230e-02  1.000000e-50  5.625549e-03  1.000000e-50  1.000000e-50  1.581014e-01  1.000000e-50  1.230589e-03  2.343979e-03  1.002051e-02  1.000000e-50  1.000000e-50  1.171989e-03  1.154410e-02  1.000000e-50  1.000000e-50  1.000000e-50  1.148550e-02  1.000000e-50  8.379725e-02  2.343979e-03  1.000000e-50  1.312628e-02  4.934662e-01  1.347788e-03  1.441547e-02  1.000000e-50  1.000000e-50  2.636976e-03  3.984764e-03  1.107530e-02  1.464987e-03  1.933783e-03  1.000000e-50  4.160563e-03  3.574568e-03  2.754175e-03  1.000000e-50 
1.000000e-50  1.000000e-50  1.000000e-50  1.000000e-50  1.000000e-50  1.000000e-50  1.000000e-50  7.697211e-01  1.000000e-50  1.000000e-50  1.195219e-02  1.000000e-50  1.000000e-50  1.000000e-50  1.000000e-50  2.119522e-01  1.000000e-50  1.000000e-50  1.000000e-50  1.000000e-50  1.000000e-50  1.000000e-50  1.000000e-50  1.000000e-50  1.000000e-50  1.000000e-50  5.577689e-03  1.000000e-50  1.000000e-50  1.000000e-50  1.000000e-50  1.000000e-50  1.000000e-50  7.968127e-04  1.000000e-50  1.000000e-50  1.000000e-50  1.000000e-50  1.000000e-50  1.000000e-50 
2.920596e-02  1.000000e-50  1.000000e-50  3.437785e-02  1.000000e-50  3.954974e-03  5.780347e-02  1.490721e-02  1.000000e-50  1.000000e-50  1.000000e-50  1.000000e-50  1.612413e-02  1.000000e-50  5.476118e-03  1.000000e-50  2.141771e-01  3.103134e-02  1.000000e-50  1.825373e-02  1.000000e-50  1.000000e-50  6.510496e-02  3.772437e-02  2.372984e-02  1.000000e-50  1.000000e-50  1.000000e-50  1.000000e-50  5.536964e-02  2.951019e-02  1.825373e-02  1.886218e-02  9.735321e-03  1.000000e-50  1.000000e-50  1.000000e-50  6.997262e-03  1.429875e-02  2.951019e-01 
2.360656e-02  9.180328e-03  1.000000e-50  1.901639e-02  1.000000e-50  1.000000e-50  1.000000e-50  7.475410e-02  1.000000e-50  4.590164e-02  1.000000e-50  1.000000e-50  1.000000e-50  1.000000e-50  1.000000e-50  1.573770e-02  5.967213e-02  2.360656e-02  1.000000e-50  1.508197e-02  2.819672e-02  3.278689e-02  1.350820e-01  1.000000e-50  1.285246e-01  4.590164e-02  1.000000e-50  7.344262e-02  1.000000e-50  1.000000e-50  1.000000e-50  1.291803e-01  1.000000e-50  4.852459e-02  1.000000e-50  2.426230e-02  5.573770e-02  1.180328e-02  1.000000e-50  1.000000e-50 
1.000000e-50  1.000000e-50  1.000000e-50  1.000000e-50  1.000000e-50  1.000000e-50  2.582370e-01  1.000000e-50  1.000000e-50  1.000000e-50  1.000000e-50  1.000000e-50  4.827624e-02  2.945669e-02  1.000000e-50  1.000000e-50  1.000000e-50  1.000000e-50  1.000000e-50  1.000000e-50  1.000000e-50  1.000000e-50  1.000000e-50  1.000000e-50  1.000000e-50  1.000000e-50  1.000000e-50  1.000000e-50  1.000000e-50  6.640301e-01  1.000000e-50  1.000000e-50  1.000000e-50  1.000000e-50  1.000000e-50  1.000000e-50  1.000000e-50  1.000000e-50  1.000000e-50  1.000000e-50 
3.479548e-02  1.000000e-50  1.000000e-50  1.000000e-50  1.517675e-02  1.000000e-50  1.000000e-50  4.164353e-02  2.868777e-02  2.480104e-02  7.403294e-03  1.023505e-01  1.000000e-50  1.000000e-50  1.000000e-50  7.218212e-03  7.236720e-02  1.000000e-50  1.000000e-50  2.702202e-02  6.514899e-02  2.332038e-02  7.532852e-02  1.000000e-50  3.035351e-02  6.255784e-02  1.000000e-50  2.813252e-02  5.552471e-03  1.000000e-50  5.848603e-02  3.090875e-02  8.865445e-02  8.513789e-03  1.943365e-02  9.069036e-03  4.923191e-02  3.701647e-03  1.758282e-02  6.255784e-02 
8.204651e-02  1.000000e-50  1.000000e-50  1.000000e-50  1.693023e-02  1.000000e-50  1.246512e-02  3.906977e-02  1.000000e-50  1.000000e-50  1.079070e-02  9.618605e-02  4.093023e-03  1.000000e-50  3.534884e-03  5.395349e-03  8.930233e-02  3.088372e-02  1.000000e-50  1.302326e-02  3.348837e-03  1.655814e-02  4.000000e-02  1.000000e-50  2.139535e-02  3.367442e-02  1.000000e-50  1.767442e-02  2.865116e-02  2.493023e-02  6.009302e-02  5.581395e-02  7.702326e-02  3.534884e-02  1.544186e-02  3.386047e-02  4.279070e-02  6.139535e-03  1.041860e-02  7.311628e-02 
2.329400e-02  1.949718e-03  1.000000e-50  1.000000e-50  5.520780e-02  1.000000e-50  1.000000e-50  2.544895e-02  1.000000e-50  1.323756e-02  1.611083e-02  9.615187e-02  1.000000e-50  1.000000e-50  1.000000e-50  2.360185e-03  8.722422e-03  1.000000e-50  1.000000e-50  2.093381e-02  1.000000e-50  3.653155e-02  6.259620e-02  1.000000e-50  2.668035e-02  3.355567e-02  1.000000e-50  7.562853e-02  1.000000e-50  1.000000e-50  1.615187e-01  3.981529e-02  1.466393e-01  1.888148e-02  3.047717e-02  1.559774e-02  7.337096e-02  1.000000e-50  9.235505e-03  6.054387e-03 
3.874691e-02  1.000000e-50  1.000000e-50  2.143446e-02  1.566364e-02  1.000000e-50  9.480627e-03  3.874691e-02  1.000000e-50  2.061006e-02  1.360264e-02  7.914262e-02  1.000000e-50  1.000000e-50  1.000000e-50  6.183017e-03  8.821105e-02  8.079143e-02  1.000000e-50  9.892828e-03  3.709810e-03  3.421270e-02  2.225886e-02  1.000000e-50  3.338829e-02  2.061006e-02  1.000000e-50  1.236603e-02  1.026381e-01  1.648805e-02  4.328112e-02  4.822754e-02  3.915911e-02  3.091509e-02  1.731245e-02  3.215169e-02  2.473207e-02  5.770816e-03  2.638087e-02  6.389118e-02 
1.000000e-50  1.000000e-50  1.000000e-50  3.643216e-02  9.422111e-03  1.000000e-50  1.256281e-02  4.082915e-02  1.000000e-50  1.256281e-02  8.793970e-03  7.726131e-02  1.000000e-50  1.000000e-50  1.000000e-50  1.884422e-03  9.610553e-02  1.000000e-50  1.000000e-50  1.000000e-50  1.000000e-50  1.000000e-50  4.836683e-02  1.000000e-50  4.648241e-02  1.507538e-02  1.000000e-50  1.821608e-02  1.000000e-50  4.459799e-02  1.000000e-50  1.721106e-01  1.469849e-01  1.000000e-50  1.000000e-50  5.213568e-02  3.768844e-02  1.000000e-50  6.092965e-02  6.155779e-02 
1.867680e-02  1.000000e-50  1.000000e-50  1.000000e-50  7.913897e-03  1.000000e-50  1.000000e-50  2.152580e-02  1.000000e-50  9.654954e-02  4.400127e-02  1.047800e-01  1.899335e-02  1.000000e-50  1.000000e-50  1.000000e-50  1.000000e-50  1.297879e-02  1.000000e-50  1.741057e-02  1.012979e-02  2.025958e-02  5.381450e-03  1.000000e-50  8.831909e-02  1.000000e-50  1.000000e-50  1.867680e-02  1.000000e-50  1.329535e-02  1.582779e-03  6.489395e-02  6.236151e-02  2.975625e-02  1.000000e-50  1.750554e-01  1.266223e-02  1.000000e-50  1.361190e-01  1.867680e-02 
1.000000e-50  1.000000e-50  1.000000e-50  1.444770e-02  6.364301e-02  1.000000e-50  1.000000e-50  1.506950e-01  1.000000e-50  1.371617e-02  9.875640e-03  6.894660e-02  1.000000e-50  1.000000e-50  1.225311e-02  1.170446e-02  4.754938e-03  1.000000e-50  1.000000e-50  1.938552e-02  2.304316e-02  1.408193e-02  3.200439e-02  1.000000e-50  5.010973e-02  4.663497e-02  1.000000e-50  8.595465e-03  1.000000e-50  1.000000e-50  2.926116e-03  1.914777e-01  1.497805e-01  1.901975e-02  1.353328e-02  1.000000e-50  3.127286e-02  2.962692e-02  1.000000e-50  1.847110e-02 
1.482047e-01  1.000000e-50  1.000000e-50  1.145913e-02  1.000000e-50  1.000000e-50  1.000000e-50  1.000000e-50  1.000000e-50  1.000000e-50  3.819710e-03  4.812834e-02  1.000000e-50  1.000000e-50  1.000000e-50  2.291826e-03  2.490451e-01  1.000000e-50  1.000000e-50  1.000000e-50  1.000000e-50  1.000000e-50  2.521008e-02  1.000000e-50  1.222307e-02  1.000000e-50  1.000000e-50  1.000000e-50  1.000000e-50  1.000000e-50  2.887701e-01  2.062643e-02  1.000000e-50  9.931245e-03  1.833461e-02  1.757066e-02  7.639419e-03  1.000000e-50  1.000000e-50  1.367456e-01 
4.941599e-02  1.000000e-50  1.000000e-50  2.515723e-02  1.100629e-02  1.752022e-02  1.000000e-50  1.000000e-50  1.000000e-50  6.918239e-02  3.414196e-02  7.322552e-02  6.379155e-02  1.000000e-50  1.000000e-50  5.166217e-03  4.649596e-02  2.088949e-02  1.000000e-50  5.840072e-03  1.000000e-50  1.000000e-50  9.433962e-03  4.357592e-02  6.334232e-02  1.000000e-50  1.000000e-50  1.000000e-50  1.000000e-50  8.760108e-03  1.000000e-50  1.999102e-02  3.818509e-02  2.111411e-02  1.000000e-50  1.446541e-01  4.402516e-02  1.000000e-50  1.493711e-01  3.571429e-02 
1.000000e-50  1.000000e-50  1.000000e-50  1.000000e-50  1.000000e-50  1.000000e-50  4.676489e-02  1.000000e-50  1.000000e-50  1.000000e-50  1.000000e-50  1.000000e-50  9.368994e-02  5.573350e-02  1.000000e-50  1.000000e-50  1.000000e-50  1.000000e-50  1.000000e-50  1.000000e-50  1.000000e-50  1.000000e-50  1.000000e-50  1.000000e-50  1.000000e-50  1.000000e-50  1.000000e-50  1.000000e-50  1.000000e-50  6.704036e-01  1.000000e-50  1.000000e-50  1.000000e-50  1.000000e-50  1.000000e-50  1.000000e-50  1.000000e-50  1.000000e-50  1.000000e-50  1.334081e-01 


#DOUBLE_1x40_DISCRETE_HIDDEN_DOMINANT-EIGENVECTOR
1.908623e-02  1.396345e-02  1.046787e-02  2.009596e-02  1.421636e-02  8.723985e-03  1.312622e-01  6.868446e-02  2.093032e-03  1.165735e-02  7.399481e-03  4.640877e-02  4.127012e-02  2.619523e-02  8.137810e-03  6.712163e-03  3.560612e-02  2.032219e-02  2.018715e-02  1.580490e-02  1.114880e-02  2.883998e-02  1.949159e-02  9.338244e-03  1.843611e-02  7.542751e-02  5.584831e-03  1.435276e-02  6.885413e-03  8.064182e-02  2.399919e-02  2.396667e-02  4.347999e-02  1.091448e-02  7.232995e-03  1.420468e-02  2.443469e-02  5.903010e-03  1.990252e-02  2.751992e-02  

#DOUBLE_40x20_DISCRETE_AA_EMISSION
8.217270e-02  1.114206e-02  5.292479e-02  5.478180e-02  1.508821e-02  3.040854e-02  1.601671e-02  2.298050e-02  5.246054e-02  5.478180e-02  1.160631e-02  1.880223e-02  3.655989e-01  1.299907e-02  3.946147e-02  5.965645e-02  4.224698e-02  3.760446e-02  7.660167e-03  1.160631e-02 
4.726924e-02  2.459278e-02  1.366975e-01  4.535292e-02  6.355797e-02  4.790802e-03  4.088151e-02  9.996806e-02  4.056212e-02  1.041201e-01  2.267646e-02  8.878952e-02  1.000000e-50  2.842542e-02  2.874481e-02  4.631108e-02  1.724689e-02  9.294155e-02  1.628873e-02  5.078250e-02 
6.220707e-02  3.664252e-02  8.308479e-02  4.260758e-02  3.706860e-02  4.644227e-02  2.513847e-02  1.000000e-50  6.433745e-02  6.518960e-02  1.320835e-02  3.664252e-02  1.827865e-01  2.258202e-02  5.325948e-02  8.990200e-02  6.774606e-02  1.704303e-02  2.854708e-02  2.556455e-02 
3.559584e-02  1.525536e-02  8.578377e-02  4.134424e-02  7.141278e-02  3.294274e-02  4.709264e-02  3.073182e-02  5.438868e-02  9.728057e-02  2.763652e-02  1.213796e-01  1.000000e-50  5.129339e-02  5.129339e-02  3.780677e-02  8.202520e-02  2.763652e-02  2.122485e-02  6.787530e-02 
1.786264e-02  5.143209e-02  4.111488e-01  3.726517e-02  1.231906e-02  1.000000e-50  2.309824e-02  1.447490e-02  1.724669e-02  1.601478e-02  3.695719e-03  2.226671e-01  1.000000e-50  1.539883e-02  3.048968e-02  7.822605e-02  1.201109e-02  1.047120e-02  7.391438e-03  1.878657e-02 
1.483376e-01  1.687980e-02  3.375959e-02  7.314578e-02  2.608696e-02  3.836317e-02  2.097187e-02  1.176471e-02  7.723785e-02  1.590793e-01  4.040921e-02  6.803069e-02  1.534527e-03  5.217391e-02  7.672634e-02  6.700767e-02  2.762148e-02  2.301790e-02  7.161125e-03  3.069054e-02 
1.445586e-01  1.291359e-02  3.659965e-02  8.203138e-02  3.780402e-02  2.840320e-02  1.722927e-02  6.895052e-02  7.366766e-02  1.337192e-01  3.194942e-02  2.944030e-02  1.000000e-50  5.101870e-02  7.028872e-02  3.472617e-02  3.639892e-02  6.470175e-02  1.348232e-02  3.211669e-02 
1.116787e-01  2.916451e-02  1.868857e-02  5.419038e-02  8.180290e-02  2.463787e-02  2.845318e-02  4.565442e-02  5.140973e-02  4.843508e-02  2.405587e-02  1.991723e-02  1.000000e-50  3.789446e-02  6.001035e-02  9.318417e-02  8.723487e-02  8.510088e-02  2.327988e-02  7.520693e-02 
1.530398e-01  1.000000e-50  1.000000e-50  1.257862e-01  3.144654e-02  4.612159e-02  1.048218e-02  3.563941e-02  1.425577e-01  1.174004e-01  1.048218e-02  4.402516e-02  1.000000e-50  4.821803e-02  6.498952e-02  3.773585e-02  2.935010e-02  8.176101e-02  1.000000e-50  2.096436e-02 
4.455446e-02  1.332826e-02  5.635948e-02  3.960396e-02  1.865956e-02  5.083778e-01  2.399086e-02  1.294745e-02  4.303123e-02  3.922315e-02  9.520183e-03  5.255141e-02  1.000000e-50  2.132521e-02  2.703732e-02  3.617669e-02  2.170602e-02  1.256664e-02  4.569688e-03  1.447068e-02 
6.607670e-02  2.005900e-02  1.710914e-01  3.952802e-02  2.536873e-02  2.595870e-02  4.837758e-02  1.592920e-02  5.309735e-02  5.604720e-02  2.123894e-02  1.445428e-01  1.000000e-50  3.185841e-02  6.607670e-02  1.050147e-01  3.126844e-02  3.067847e-02  1.592920e-02  3.185841e-02 
1.253550e-01  2.215489e-02  4.601401e-02  6.570725e-02  4.809695e-02  2.963454e-02  1.619012e-02  4.601401e-02  6.722212e-02  1.386101e-01  3.256959e-02  3.200151e-02  4.923310e-03  4.923310e-02  5.349366e-02  5.822761e-02  4.866503e-02  5.510320e-02  1.988260e-02  4.090134e-02 
8.914812e-02  1.573202e-02  3.874144e-02  1.007063e-01  3.692209e-02  2.557791e-02  1.669521e-02  8.261986e-02  7.887414e-02  1.393408e-01  2.868151e-02  2.493579e-02  4.494863e-03  4.751712e-02  6.934932e-02  3.702911e-02  4.002568e-02  7.288099e-02  1.434075e-02  3.638699e-02 
1.725072e-01  9.649568e-03  5.688167e-02  1.007279e-01  1.455900e-02  3.081090e-02  1.049602e-02  2.742509e-02  9.547994e-02  1.286609e-01  3.487388e-02  4.824784e-02  1.000000e-50  5.975961e-02  7.855087e-02  6.517691e-02  2.149992e-02  2.336211e-02  6.771627e-03  1.455900e-02 
5.521811e-04  1.000000e-50  1.000000e-50  1.000000e-50  1.000000e-50  9.806737e-01  1.000000e-50  1.000000e-50  1.435671e-02  1.000000e-50  4.417449e-03  1.000000e-50  1.000000e-50  1.000000e-50  1.000000e-50  1.000000e-50  1.000000e-50  1.000000e-50  1.000000e-50  1.000000e-50 
1.783355e-02  1.000000e-50  5.019815e-02  1.000000e-50  1.000000e-50  8.256275e-01  1.056803e-02  1.000000e-50  1.000000e-50  1.000000e-50  1.000000e-50  1.122853e-02  1.000000e-50  1.000000e-50  3.302510e-03  4.821664e-02  2.840159e-02  1.000000e-50  4.623514e-03  1.000000e-50 
1.201352e-01  1.213866e-02  4.780378e-02  8.234264e-02  2.527844e-02  3.854336e-02  2.114879e-02  3.466400e-02  6.957828e-02  6.332124e-02  1.614316e-02  2.552872e-02  1.536729e-01  3.691653e-02  5.018145e-02  9.047679e-02  3.266174e-02  4.042047e-02  1.689401e-02  2.214992e-02 
6.624120e-02  8.362676e-03  1.804577e-01  8.692782e-02  2.882923e-02  5.589789e-02  2.970951e-02  6.602113e-03  5.787852e-02  6.492077e-02  1.342430e-02  7.416373e-02  1.000000e-50  5.061620e-02  4.181338e-02  1.261004e-01  6.205986e-02  7.922535e-03  1.364437e-02  2.442782e-02 
7.923436e-02  2.136657e-02  3.249499e-02  7.077676e-02  6.254173e-02  1.624750e-02  3.894948e-02  3.605609e-02  7.456043e-02  1.348765e-01  2.715335e-02  5.697752e-02  1.000000e-50  4.273314e-02  5.564211e-02  6.187403e-02  7.567327e-02  4.673937e-02  1.379924e-02  5.230358e-02 
5.174353e-02  1.321710e-02  1.321710e-01  5.764904e-02  2.671541e-02  8.183352e-02  3.880765e-02  5.624297e-04  8.717660e-02  2.671541e-02  1.771654e-02  2.575928e-01  1.000000e-50  5.202475e-02  6.242970e-02  5.089989e-02  4.218223e-03  1.968504e-03  1.096738e-02  2.559055e-02 
2.014504e-03  3.626108e-03  1.369863e-02  6.043513e-03  9.266720e-03  8.887994e-01  7.655117e-03  1.000000e-50  8.460919e-03  2.820306e-03  1.000000e-50  2.981467e-02  1.000000e-50  1.611604e-03  4.029009e-03  8.058018e-03  6.043513e-03  1.000000e-50  4.834811e-03  3.223207e-03 
6.087885e-02  2.044553e-02  2.792188e-02  5.401282e-02  5.157156e-02  2.380226e-02  1.785169e-02  9.353067e-02  5.981080e-02  1.428135e-01  2.120842e-02  2.837962e-02  6.927067e-02  3.127861e-02  5.019835e-02  2.837962e-02  3.814464e-02  1.176381e-01  2.212389e-02  4.073848e-02 
1.391324e-01  1.977973e-02  5.888964e-02  8.923354e-02  4.270623e-02  1.528433e-02  4.158238e-02  3.910991e-02  7.664644e-02  6.967858e-02  1.977973e-02  3.236682e-02  1.000000e-50  3.843560e-02  6.630704e-02  8.226568e-02  5.327040e-02  6.405934e-02  1.371095e-02  3.776129e-02 
1.063138e-01  1.000000e-50  1.295265e-01  1.708449e-01  1.532033e-02  4.967502e-02  3.156917e-02  1.671309e-02  9.331476e-02  6.174559e-02  1.810585e-02  3.389044e-02  1.000000e-50  4.271123e-02  4.874652e-02  1.025998e-01  3.760446e-02  1.000000e-50  1.624884e-02  2.506964e-02 
5.041003e-02  1.905451e-02  6.681138e-02  2.170767e-02  1.447178e-02  4.874578e-01  2.026049e-02  4.341534e-03  2.508442e-02  2.942595e-02  1.278341e-02  4.317414e-02  2.122528e-02  1.471298e-02  1.833092e-02  6.825856e-02  4.655089e-02  1.664255e-02  1.000000e-50  1.929571e-02 
2.967636e-02  1.477976e-02  1.133310e-02  3.732913e-02  5.029793e-02  9.814231e-03  1.851852e-02  1.684776e-01  4.188573e-02  1.382171e-01  1.945321e-02  1.577287e-02  1.000000e-50  2.430190e-02  4.176890e-02  1.694123e-02  7.693656e-02  2.247926e-01  1.361140e-02  4.609183e-02 
6.364360e-02  1.034208e-02  4.614161e-02  4.614161e-02  2.545744e-02  2.147971e-02  2.147971e-02  1.066030e-01  6.125696e-02  1.599045e-01  2.227526e-02  2.943516e-02  6.364360e-03  2.863962e-02  4.534606e-02  5.011933e-02  6.523469e-02  1.614956e-01  9.546539e-03  1.909308e-02 
2.239709e-02  1.422518e-02  1.334746e-01  2.996368e-02  1.000000e-50  1.125908e-01  2.148910e-02  1.000000e-50  2.391041e-02  1.815981e-02  1.000000e-50  7.233656e-02  1.000000e-50  1.634383e-02  2.269976e-02  2.848063e-01  2.212470e-01  1.000000e-50  1.000000e-50  6.355932e-03 
5.785667e-02  1.446417e-02  1.597633e-01  2.038133e-02  3.024326e-02  7.232084e-02  2.761341e-02  3.024326e-02  2.432610e-02  7.297830e-02  2.235371e-02  1.406969e-01  1.000000e-50  2.169625e-02  3.024326e-02  8.086785e-02  1.111111e-01  3.681788e-02  1.051940e-02  3.550296e-02 
9.204953e-02  1.010101e-02  7.119583e-02  1.093733e-01  4.605192e-02  4.404258e-02  2.617574e-02  5.609862e-02  5.273162e-02  9.286413e-02  2.177691e-02  3.182361e-02  1.607473e-02  4.936461e-02  4.518301e-02  4.865863e-02  4.947323e-02  8.135115e-02  1.830129e-02  3.730857e-02 
3.058048e-02  1.000000e-50  1.593115e-02  1.867790e-02  1.000000e-50  1.153635e-02  1.000000e-50  1.000000e-50  2.362205e-02  1.000000e-50  3.112983e-03  1.000000e-50  8.826222e-01  1.000000e-50  3.479216e-03  1.043765e-02  1.000000e-50  1.000000e-50  1.000000e-50  1.000000e-50 
8.183815e-02  2.453314e-02  5.876968e-02  5.785427e-02  5.034786e-02  1.000000e-50  4.650311e-02  1.000000e-50  4.375687e-02  1.000000e-50  1.501282e-02  6.371293e-02  1.000000e-50  2.929330e-02  6.096668e-02  1.982790e-01  1.860124e-01  1.446357e-02  1.830831e-02  5.034786e-02 
1.911479e-02  1.625268e-02  1.000000e-50  5.836655e-02  5.816212e-02  1.000000e-50  2.310130e-02  1.493407e-01  8.555658e-02  1.135643e-01  1.911479e-02  1.502607e-02  1.000000e-50  5.427783e-02  5.826434e-02  1.236839e-02  6.633957e-02  1.911479e-01  1.451497e-02  4.548707e-02 
1.792991e-02  2.444988e-03  2.485738e-02  1.181744e-02  8.557457e-03  8.288509e-01  4.074980e-03  2.444988e-03  1.752241e-02  8.149959e-03  2.037490e-03  1.507742e-02  1.000000e-50  6.519967e-03  1.059495e-02  2.485738e-02  6.112469e-03  2.852486e-03  1.629992e-03  3.667482e-03 
7.615481e-02  6.242197e-03  1.741573e-01  4.556804e-02  5.056180e-02  2.808989e-02  2.621723e-02  1.560549e-02  4.868914e-02  5.930087e-02  2.059925e-02  1.242197e-01  1.978777e-01  3.245943e-02  1.000000e-50  3.370787e-02  1.310861e-02  2.059925e-02  1.000000e-50  2.684145e-02 
5.687058e-02  3.197049e-02  9.222256e-02  7.162619e-02  3.012604e-02  8.945589e-02  2.981863e-02  2.244082e-02  6.363357e-02  7.131878e-02  1.537043e-02  8.207808e-02  3.873348e-02  3.627421e-02  6.978174e-02  8.084845e-02  5.871503e-02  2.459268e-02  1.383338e-02  2.028896e-02 
4.452857e-02  1.748693e-02  1.090680e-01  6.976744e-02  2.956553e-02  1.460249e-02  2.632053e-02  3.371192e-02  1.065441e-01  7.211105e-02  9.194159e-03  3.966108e-02  1.000000e-50  4.939607e-02  7.175050e-02  7.986299e-02  1.397152e-01  4.939607e-02  1.153777e-02  2.577970e-02 
7.704043e-02  2.440885e-02  7.856598e-02  4.576659e-02  8.390542e-02  1.000000e-50  7.704043e-02  2.745995e-02  4.347826e-02  4.576659e-02  2.669718e-02  1.464531e-01  1.000000e-50  3.508772e-02  6.331045e-02  3.813883e-02  5.110603e-02  2.898551e-02  1.601831e-02  9.077040e-02 
6.352047e-02  3.198390e-02  5.121897e-02  8.409752e-02  4.406173e-02  5.457392e-02  2.437933e-02  5.904719e-02  8.141355e-02  8.253187e-02  1.565645e-02  4.339074e-02  1.000000e-50  3.645717e-02  4.898233e-02  7.067770e-02  6.508611e-02  8.163722e-02  1.722210e-02  4.406173e-02 
9.292962e-02  6.442261e-03  5.057175e-02  8.777581e-02  2.593010e-02  4.155258e-02  1.658882e-02  4.187470e-02  5.765824e-02  8.262200e-02  1.594460e-02  2.367531e-02  1.923015e-01  3.253342e-02  4.606217e-02  5.089386e-02  2.995651e-02  4.783379e-02  2.254791e-02  3.430504e-02 


#DOUBLE_40x3_DISCRETE_SS_EMISSION
1.147579e-03  1.767271e-02  9.811797e-01 
1.000000e-50  1.000000e+00  1.000000e-50 
1.000000e-50  9.834816e-01  1.651842e-02 
1.000000e-50  1.000000e-50  1.000000e+00 
1.000000e-50  1.000000e-50  1.000000e+00 
1.000000e-50  1.000000e-50  1.000000e+00 
1.000000e+00  1.000000e-50  1.000000e-50 
1.000000e-50  1.000000e+00  1.000000e-50 
1.000000e-50  1.000000e-50  1.000000e+00 
1.000000e-50  2.510460e-02  9.748954e-01 
1.000000e-50  1.091445e-01  8.908555e-01 
1.000000e-50  1.000000e-50  1.000000e+00 
1.000000e+00  1.000000e-50  1.000000e-50 
1.000000e+00  1.000000e-50  1.000000e-50 
5.530973e-04  1.000000e-50  9.994469e-01 
1.000000e-50  1.000000e+00  1.000000e-50 
1.000000e-50  1.000751e-03  9.989992e-01 
1.000000e-50  2.879291e-03  9.971207e-01 
1.000000e+00  1.000000e-50  1.000000e-50 
4.772600e-03  3.818080e-02  9.570466e-01 
1.000000e-50  2.821443e-03  9.971786e-01 
1.000000e-50  1.000000e+00  1.000000e-50 
1.000000e-50  1.000000e-50  1.000000e+00 
1.000000e-50  1.000000e-50  1.000000e+00 
1.000000e-50  1.955577e-02  9.804442e-01 
1.000000e-50  1.000000e+00  1.000000e-50 
1.000000e-50  1.000000e+00  1.000000e-50 
1.000000e-50  1.000000e-50  1.000000e+00 
1.000000e-50  7.152146e-02  9.284785e-01 
1.000000e+00  1.000000e-50  1.000000e-50 
1.832509e-04  9.895547e-03  9.899212e-01 
1.000000e-50  1.000000e-50  1.000000e+00 
1.000000e-50  1.000000e-50  1.000000e+00 
3.375356e-02  4.392029e-02  9.223261e-01 
1.000000e-50  1.088271e-02  9.891173e-01 
1.605930e-02  1.000000e-50  9.839407e-01 
1.000000e-50  1.000000e-50  1.000000e+00 
8.339651e-03  5.307051e-03  9.863533e-01 
2.651685e-02  1.000000e-50  9.734831e-01 
1.000000e+00  1.000000e-50  1.000000e-50 


#DOUBLE_40x2_DISCRETE_CIS_EMISSION
9.628193e-01  3.718066e-02 
1.000000e+00  1.000000e-50 
1.000000e+00  1.000000e-50 
1.000000e+00  1.000000e-50 
1.000000e+00  1.000000e-50 
9.994882e-01  5.117707e-04 
1.000000e+00  1.000000e-50 
1.000000e+00  1.000000e-50 
1.000000e+00  1.000000e-50 
9.988692e-01  1.130795e-03 
1.000000e+00  1.000000e-50 
9.986764e-01  1.323627e-03 
1.000000e+00  1.000000e-50 
1.000000e+00  1.000000e-50 
1.000000e+00  1.000000e-50 
1.000000e+00  1.000000e-50 
1.000000e+00  1.000000e-50 
1.000000e+00  1.000000e-50 
1.000000e+00  1.000000e-50 
1.000000e+00  1.000000e-50 
1.000000e+00  1.000000e-50 
1.000000e+00  1.000000e-50 
1.000000e+00  1.000000e-50 
1.000000e+00  1.000000e-50 
1.000000e+00  1.000000e-50 
9.998828e-01  1.171989e-04 
1.000000e+00  1.000000e-50 
1.000000e+00  1.000000e-50 
1.000000e+00  1.000000e-50 
1.000000e+00  1.000000e-50 
9.410046e-01  5.899543e-02 
9.978006e-01  2.199413e-03 
1.000000e+00  1.000000e-50 
9.979650e-01  2.035002e-03 
1.000000e+00  1.000000e-50 
1.000000e+00  1.000000e-50 
1.000000e+00  1.000000e-50 
9.992390e-01  7.610350e-04 
1.000000e+00  1.000000e-50 
1.000000e+00  1.000000e-50 


#DOUBLE_40x3_TORUS_TORUS_KAPPA
4.290753e+01  3.061161e+01  1.365447e+01 
8.383697e+00  1.672149e+01  -1.521166e+00 
2.189641e+01  2.310801e+01  5.446546e+00 
3.787320e+01  3.295201e+01  1.108755e+01 
3.239431e+00  1.411333e+01  -5.128565e+00 
8.623409e+01  8.573242e+01  3.296760e+01 
3.414770e+02  2.755041e+02  9.584904e+01 
1.522145e+01  1.804272e+01  1.660557e+00 
1.108183e+02  1.070376e+02  4.191185e+01 
9.626032e+00  5.330016e+00  2.116499e+00 
8.572375e+00  6.439446e+00  5.661058e-01 
2.326540e+01  1.983497e+01  3.726000e+00 
2.574972e+01  2.548307e+01  5.327178e+00 
1.994515e+02  1.349477e+02  5.900550e+01 
6.122552e+01  7.464834e+01  2.797338e+01 
6.973696e+00  1.546920e+01  2.855236e+00 
2.161056e+02  1.317259e+02  6.977464e+01 
9.557187e+01  8.908454e+01  3.635969e+01 
1.959268e+01  2.266448e+01  5.486106e+00 
1.330406e+02  7.040649e+01  3.650061e+01 
8.646282e+01  8.147327e+01  3.547664e+01 
1.735094e+01  1.198439e+01  -2.412646e+00 
7.679815e+01  5.884500e+01  1.755708e+01 
5.815876e+01  2.424049e+01  8.710894e+00 
2.064090e+00  4.328462e+00  -5.791675e-01 
2.342541e+01  2.830509e+01  2.217634e+00 
1.556716e+01  1.590342e+01  3.906948e+00 
3.304278e+01  3.896989e+01  1.109135e+01 
2.496906e+01  2.811133e+01  8.013009e+00 
1.273900e+02  1.056420e+02  3.418970e+01 
5.864052e+01  3.720990e+01  1.509024e+01 
1.138590e+01  1.700057e+01  5.170709e-01 
1.207441e+01  1.257018e+01  2.956213e+00 
1.825652e+01  1.190442e+01  5.618312e+00 
5.999037e+01  1.118227e+01  1.686038e+00 
2.320153e+00  1.904175e+00  -3.455145e+00 
1.752949e+01  1.952000e+01  5.494450e+00 
2.679836e+01  1.393270e+01  -1.397131e+00 
3.956233e+00  5.879534e+00  -1.848747e-01 
1.571992e+02  1.066030e+02  5.032493e+01 


#DOUBLE_40x2_TORUS_TORUS_MU
-1.171721e+00  -4.549404e-01 
-1.924254e+00  1.880924e+00 
-1.375625e+00  2.509264e+00 
-1.840274e+00  1.832358e-01 
-1.588140e+00  2.008188e+00 
-1.498608e+00  2.881642e-02 
-1.102617e+00  -7.395436e-01 
-2.406628e+00  2.630718e+00 
-1.212960e+00  -6.148045e-01 
1.348150e+00  3.408833e-01 
-2.451641e+00  1.691554e+00 
-1.331621e+00  2.535604e+00 
-1.172910e+00  -7.345426e-01 
-1.110791e+00  -5.208854e-01 
1.466477e+00  2.735128e-01 
-3.072897e+00  -3.082180e+00 
-1.061056e+00  -4.358451e-01 
-1.483312e+00  -1.008053e-01 
-1.589972e+00  -3.493004e-01 
9.774933e-01  6.932462e-01 
1.481943e+00  -4.697081e-02 
-1.471844e+00  2.285656e+00 
-1.052586e+00  2.373013e+00 
-1.187873e+00  -4.368101e-01 
-2.246682e+00  -3.068977e+00 
-2.030894e+00  2.252194e+00 
-1.668247e+00  -5.568832e-01 
-1.401218e+00  2.883528e+00 
-1.905330e+00  2.486274e-01 
-1.120731e+00  -7.236362e-01 
-1.138655e+00  2.580702e+00 
-2.486351e+00  2.777856e+00 
-1.981554e+00  2.358301e+00 
1.382302e+00  -2.842185e+00 
-1.453047e+00  1.334155e+00 
-1.794061e+00  8.315513e-01 
-1.685612e+00  -3.715349e-01 
-2.333536e+00  1.261430e+00 
-1.551721e+00  -7.696066e-01 
-9.865160e-01  -6.756366e-01 


