#DOUBLE_1x35_DISCRETE_HIDDEN_START
6.906077e-03  5.524862e-03  1.000000e-50  1.864641e-02  3.176796e-02  6.215470e-03  2.762431e-02  1.000000e-50  1.000000e-50  1.726519e-02  3.729282e-02  5.248619e-02  4.143646e-02  1.000000e-50  1.000000e-50  1.000000e-50  1.000000e-50  1.000000e-50  1.000000e-50  1.381215e-02  1.000000e-50  1.000000e-50  7.734807e-02  6.146409e-02  8.908840e-02  2.320442e-01  1.000000e-50  6.353591e-02  1.000000e-50  4.834254e-03  3.245856e-02  4.696133e-02  1.022099e-01  3.107735e-02  1.000000e-50  

#DOUBLE_35x35_DISCRETE_HIDDEN_TRANSITION
5.888964e-02  1.000000e-50  1.000000e-50  7.372443e-02  1.000000e-50  1.559901e-01  1.000000e-50  1.000000e-50  1.000000e-50  4.270623e-03  7.417397e-03  1.000000e-50  4.293100e-02  9.440324e-03  1.000000e-50  1.000000e-50  1.000000e-50  1.000000e-50  1.000000e-50  1.000000e-50  1.000000e-50  1.000000e-50  6.743088e-04  1.000000e-50  1.393572e-02  1.000000e-50  2.584851e-02  1.000000e-50  1.550910e-01  4.477411e-01  1.000000e-50  1.000000e-50  4.045853e-03  1.000000e-50  1.000000e-50 
1.000000e-50  1.000000e-50  1.000000e-50  5.461165e-02  2.224919e-02  1.000000e-50  2.629450e-02  1.000000e-50  4.045307e-04  2.103560e-02  1.415858e-02  9.304207e-03  6.553398e-02  1.000000e-50  1.000000e-50  1.000000e-50  1.000000e-50  1.000000e-50  1.000000e-50  9.304207e-03  3.236246e-03  1.000000e-50  1.000000e-50  1.000000e-50  4.530744e-02  5.505663e-01  1.000000e-50  5.784790e-02  1.000000e-50  1.375405e-02  1.820388e-02  1.132686e-02  6.917476e-02  7.686084e-03  1.000000e-50 
1.000000e-50  1.000000e-50  1.000000e-50  5.480053e-02  1.000000e-50  1.000000e-50  3.024989e-02  1.512495e-01  1.000000e-50  1.000000e-50  2.893468e-02  1.000000e-50  1.253836e-01  2.586585e-02  1.000000e-50  1.000000e-50  1.000000e-50  1.000000e-50  1.000000e-50  1.139851e-02  1.000000e-50  4.208680e-02  1.000000e-50  1.000000e-50  7.321350e-02  1.749233e-01  1.000000e-50  6.225340e-02  1.000000e-50  1.000000e-50  4.121000e-02  9.469531e-02  6.926786e-02  1.052170e-02  3.945638e-03 
5.189281e-02  4.466185e-02  1.000000e-50  3.842337e-02  1.000000e-50  9.215936e-03  1.148447e-02  1.000000e-50  1.843187e-02  4.678860e-03  1.956614e-02  4.196796e-02  3.558769e-02  1.000000e-50  8.223451e-03  1.000000e-50  7.372749e-03  1.000000e-50  1.000000e-50  5.586275e-02  1.942436e-02  5.685524e-02  1.000000e-50  4.395293e-02  2.226003e-02  1.352616e-01  1.000000e-50  7.542890e-02  1.000000e-50  2.226003e-02  4.579612e-02  3.672196e-02  1.405076e-01  5.416135e-02  1.000000e-50 
2.547111e-02  1.000000e-50  2.629944e-02  1.000000e-50  7.123628e-02  1.000000e-50  1.000000e-50  1.739491e-01  1.000000e-50  1.000000e-50  1.000000e-50  2.857735e-01  1.000000e-50  1.000000e-50  1.000000e-50  1.000000e-50  1.000000e-50  1.000000e-50  2.219921e-01  1.000000e-50  1.000000e-50  1.000000e-50  1.000000e-50  1.000000e-50  1.000000e-50  1.000000e-50  1.000000e-50  1.000000e-50  1.000000e-50  1.000000e-50  1.000000e-50  1.952785e-01  1.000000e-50  1.000000e-50  1.000000e-50 
1.680866e-02  7.552383e-02  1.000000e-50  8.266175e-02  4.927469e-02  1.000000e-50  1.000000e-50  1.000000e-50  6.907668e-03  2.394658e-02  4.236703e-02  2.072300e-02  3.684089e-03  3.453834e-03  1.000000e-50  1.000000e-50  1.000000e-50  1.000000e-50  1.000000e-50  2.233479e-02  1.842045e-03  4.973521e-02  1.000000e-50  5.042597e-02  4.720239e-02  3.416993e-01  2.763067e-02  3.615013e-02  1.000000e-50  1.000000e-50  6.424131e-02  1.000000e-50  1.000000e-50  3.338706e-02  1.000000e-50 
1.000000e-50  1.000000e-50  1.000000e-50  1.000000e-50  1.000000e-50  1.000000e-50  5.350748e-01  1.000000e-50  1.000000e-50  1.000000e-50  1.000000e-50  1.000000e-50  1.000000e-50  1.205314e-01  1.000000e-50  1.000000e-50  3.438162e-01  5.776266e-04  1.000000e-50  1.000000e-50  1.000000e-50  1.000000e-50  1.000000e-50  1.000000e-50  1.000000e-50  1.000000e-50  1.000000e-50  1.000000e-50  1.000000e-50  1.000000e-50  1.000000e-50  1.000000e-50  1.000000e-50  1.000000e-50  1.000000e-50 
1.425662e-02  7.074713e-03  7.460607e-02  4.416336e-02  4.652160e-02  1.000000e-50  1.000000e-50  2.863115e-01  1.000000e-50  1.000000e-50  3.054990e-02  1.822275e-03  4.491371e-02  1.000000e-50  1.000000e-50  1.000000e-50  1.000000e-50  1.000000e-50  5.574017e-03  5.734805e-02  1.000000e-50  1.832994e-02  2.561904e-02  1.000000e-50  3.290814e-02  6.806732e-02  1.000000e-50  6.281488e-02  1.000000e-50  9.968914e-03  1.436381e-02  3.794619e-02  5.520420e-02  6.163576e-02  1.000000e-50 
1.748252e-02  1.165501e-02  1.000000e-50  5.827506e-02  1.000000e-50  1.000000e-50  7.342657e-02  1.000000e-50  1.000000e-50  2.447552e-02  1.000000e-50  1.000000e-50  6.177156e-02  1.000000e-50  1.981352e-02  1.000000e-50  1.000000e-50  1.000000e-50  1.000000e-50  1.000000e-50  1.000000e-50  3.263403e-02  2.331002e-03  1.000000e-50  1.000000e-50  2.820513e-01  7.575758e-02  9.906760e-02  1.000000e-50  1.000000e-50  2.097902e-02  3.146853e-02  1.398601e-01  4.895105e-02  1.000000e-50 
2.364395e-02  1.000000e-50  1.000000e-50  4.728790e-02  1.000000e-50  1.000000e-50  3.477051e-02  1.000000e-50  1.000000e-50  1.000000e-50  2.549838e-02  1.622624e-02  3.337969e-02  1.000000e-50  3.384330e-02  1.000000e-50  6.490496e-03  1.000000e-50  1.000000e-50  1.000000e-50  1.000000e-50  1.622624e-02  1.000000e-50  4.450626e-02  1.529903e-01  1.715345e-01  1.000000e-50  4.126101e-02  1.000000e-50  2.410756e-02  1.019935e-02  3.059805e-02  2.619379e-01  2.549838e-02  1.000000e-50 
1.061552e-01  1.000000e-50  1.000000e-50  7.433839e-03  3.360095e-02  8.920607e-04  1.000000e-50  1.000000e-50  7.731192e-03  3.092477e-02  2.200416e-02  2.378828e-03  5.947071e-03  1.486768e-03  1.843592e-02  1.000000e-50  1.000000e-50  1.000000e-50  1.000000e-50  5.947071e-03  1.000000e-50  5.114481e-02  1.688968e-01  9.307166e-02  9.336902e-02  9.604520e-02  1.000000e-50  1.843592e-02  1.000000e-50  5.263158e-02  4.757657e-03  1.457032e-02  5.084746e-02  3.419566e-02  7.909605e-02 
1.000000e-50  1.000000e-50  3.828427e-02  1.000000e-50  7.226695e-02  1.000000e-50  1.000000e-50  2.541019e-01  1.000000e-50  7.558533e-03  1.000000e-50  4.834388e-01  1.000000e-50  1.000000e-50  1.413384e-03  9.832237e-04  1.000000e-50  1.000000e-50  3.748541e-03  1.000000e-50  1.000000e-50  1.000000e-50  1.000000e-50  7.988693e-04  1.000000e-50  3.687089e-04  1.000000e-50  1.087691e-02  1.000000e-50  1.000000e-50  1.044675e-03  1.243164e-01  1.000000e-50  1.000000e-50  7.988693e-04 
3.904847e-02  1.840215e-02  1.000000e-50  9.156194e-02  1.000000e-50  2.468582e-02  1.000000e-50  1.000000e-50  1.840215e-02  1.840215e-02  7.966786e-02  1.279174e-02  8.280969e-02  1.000000e-50  1.000000e-50  1.000000e-50  1.000000e-50  1.000000e-50  6.283662e-03  4.331239e-02  5.610413e-03  9.874327e-03  1.000000e-50  3.141831e-03  4.376122e-02  1.057002e-01  7.697487e-02  7.405745e-03  1.000000e-50  4.084381e-02  4.376122e-02  1.974865e-02  1.712298e-01  3.657989e-02  1.000000e-50 
1.000000e-50  1.000000e-50  1.000000e-50  1.000000e-50  1.000000e-50  1.692507e-02  2.118723e-02  1.000000e-50  3.026747e-03  4.509235e-03  8.956699e-03  1.000000e-50  1.000000e-50  5.193032e-01  1.420718e-03  1.000000e-50  1.000000e-50  2.391747e-01  1.000000e-50  1.000000e-50  1.000000e-50  1.000000e-50  1.000000e-50  3.817407e-02  1.000000e-50  1.000000e-50  1.000000e-50  1.000000e-50  1.079746e-01  3.928593e-02  1.000000e-50  1.000000e-50  1.000000e-50  1.000000e-50  6.177034e-05 
2.581072e-02  1.191264e-02  1.000000e-50  1.720715e-02  2.845797e-02  1.000000e-50  3.441430e-02  1.000000e-50  1.000000e-50  3.573792e-02  7.081403e-02  1.000000e-50  2.448709e-02  1.000000e-50  9.861019e-02  1.000000e-50  1.000000e-50  1.000000e-50  1.000000e-50  8.603574e-03  9.265387e-03  1.720715e-02  1.654533e-02  1.000000e-50  2.369292e-01  1.131701e-01  1.000000e-50  4.566512e-02  1.000000e-50  1.455989e-02  5.294507e-03  4.434150e-02  1.078756e-01  3.309067e-02  1.000000e-50 
1.000000e-50  1.000000e-50  1.000000e-50  1.000000e-50  1.000000e-50  1.000000e-50  1.000000e-50  1.000000e-50  1.000000e-50  1.000000e-50  2.431222e-02  1.049264e-01  1.000000e-50  1.000000e-50  1.000000e-50  6.397953e-03  1.000000e-50  1.000000e-50  1.000000e-50  1.000000e-50  1.000000e-50  1.000000e-50  1.000000e-50  1.000000e-50  1.000000e-50  7.549584e-02  1.000000e-50  1.023672e-02  1.000000e-50  1.000000e-50  6.589891e-02  3.531670e-01  3.595649e-01  1.000000e-50  1.000000e-50 
1.000000e-50  3.455067e-04  1.000000e-50  1.000000e-50  1.000000e-50  1.000000e-50  1.651522e-02  1.000000e-50  1.000000e-50  1.000000e-50  1.000000e-50  1.000000e-50  1.000000e-50  1.709913e-01  1.000000e-50  1.000000e-50  8.062399e-01  5.424455e-03  1.000000e-50  1.000000e-50  1.000000e-50  1.000000e-50  1.000000e-50  1.000000e-50  1.000000e-50  1.000000e-50  1.000000e-50  1.000000e-50  1.000000e-50  1.000000e-50  1.000000e-50  1.000000e-50  1.000000e-50  4.837094e-04  1.000000e-50 
3.007027e-02  8.122242e-02  1.000000e-50  2.402353e-02  1.000000e-50  1.000000e-50  1.568884e-02  1.000000e-50  1.193005e-02  7.844419e-03  5.425723e-02  4.249060e-03  2.124530e-03  6.438961e-02  1.000000e-50  1.000000e-50  1.000000e-50  2.922046e-01  1.000000e-50  5.507436e-02  1.000000e-50  3.726099e-02  1.000000e-50  4.069292e-02  3.644386e-02  7.697336e-02  5.801602e-02  2.222585e-02  1.000000e-50  5.883314e-03  2.026475e-02  2.287956e-03  1.601569e-02  4.085635e-02  1.000000e-50 
1.000000e-50  1.000000e-50  1.000000e-50  1.000000e-50  1.702786e-02  1.000000e-50  1.000000e-50  8.204334e-02  1.000000e-50  1.000000e-50  1.000000e-50  1.000000e-50  1.000000e-50  1.000000e-50  1.000000e-50  1.000000e-50  1.000000e-50  1.000000e-50  1.000000e-50  1.000000e-50  1.000000e-50  1.000000e-50  1.000000e-50  1.000000e-50  1.000000e-50  1.000000e-50  1.000000e-50  1.000000e-50  1.000000e-50  1.000000e-50  1.000000e-50  8.227554e-01  1.000000e-50  7.817337e-02  1.000000e-50 
1.083856e-02  1.000000e-50  1.000000e-50  5.618939e-02  4.135767e-02  1.000000e-50  7.701084e-03  6.845408e-03  8.271535e-03  1.796920e-02  1.254991e-02  3.394181e-02  3.479749e-02  1.000000e-50  1.083856e-02  1.996577e-02  1.000000e-50  1.000000e-50  1.000000e-50  5.248146e-02  1.403309e-01  2.281803e-02  2.795208e-02  2.082145e-02  2.652596e-02  2.190531e-01  1.000000e-50  3.194524e-02  1.000000e-50  1.169424e-02  2.595550e-02  5.504849e-02  9.897319e-02  5.134056e-03  1.000000e-50 
1.000000e-50  1.031460e-02  1.000000e-50  6.652914e-02  6.034038e-02  1.000000e-50  1.805054e-02  1.392470e-02  1.000000e-50  1.000000e-50  8.251676e-03  9.541001e-02  3.094379e-02  1.000000e-50  1.000000e-50  1.000000e-50  1.000000e-50  1.000000e-50  1.000000e-50  8.251676e-03  2.578649e-03  1.000000e-50  1.000000e-50  1.000000e-50  1.000000e-50  3.893760e-01  3.403816e-02  1.376998e-01  1.000000e-50  8.251676e-03  1.805054e-02  4.951006e-02  3.816400e-02  1.031460e-02  1.000000e-50 
2.968416e-02  1.211114e-02  1.000000e-50  4.060793e-02  1.000000e-50  3.562099e-03  1.000000e-50  5.224412e-03  3.134647e-02  1.139872e-02  1.781050e-02  1.000000e-50  4.013299e-02  5.461886e-03  3.514605e-02  1.000000e-50  1.000000e-50  1.000000e-50  1.000000e-50  6.008074e-02  2.904298e-01  1.000000e-50  6.696747e-02  3.253384e-02  4.227024e-02  6.910473e-02  1.000000e-50  1.000000e-50  1.000000e-50  7.361672e-03  2.089765e-02  3.894562e-02  7.907860e-02  1.282356e-02  4.701971e-02 
7.609517e-02  1.076284e-02  1.000000e-50  1.340634e-02  2.473565e-02  1.000000e-50  1.000000e-50  1.000000e-50  1.132931e-02  1.850453e-02  1.114048e-02  7.250755e-02  3.228852e-02  1.000000e-50  1.000000e-50  4.512840e-02  1.000000e-50  1.000000e-50  1.000000e-50  2.737915e-02  1.000000e-50  9.271148e-02  6.570997e-02  6.854230e-02  3.663142e-02  1.722054e-01  1.000000e-50  5.362538e-02  1.000000e-50  9.252266e-03  1.888218e-02  3.512085e-02  7.288520e-02  2.416918e-02  6.986405e-03 
1.000000e-50  1.000000e-50  1.000000e-50  1.000000e-50  1.000000e-50  1.000000e-50  7.296031e-01  1.000000e-50  1.000000e-50  1.000000e-50  1.000000e-50  1.000000e-50  1.000000e-50  1.000000e-50  1.000000e-50  1.000000e-50  5.099228e-03  4.754686e-02  1.000000e-50  1.000000e-50  1.000000e-50  1.000000e-50  1.000000e-50  2.177508e-01  1.000000e-50  1.000000e-50  1.000000e-50  1.000000e-50  1.000000e-50  1.000000e-50  1.000000e-50  1.000000e-50  1.000000e-50  1.000000e-50  1.000000e-50 
1.368069e-02  5.530490e-03  1.000000e-50  3.012662e-02  2.197642e-02  1.000000e-50  4.220637e-03  1.000000e-50  1.000000e-50  3.536603e-02  4.788240e-02  1.353515e-02  1.950226e-02  3.565711e-02  6.723912e-02  1.000000e-50  1.000000e-50  1.000000e-50  1.000000e-50  1.000000e-50  1.000000e-50  1.979333e-02  1.000000e-50  2.153980e-02  2.429050e-01  1.309853e-01  7.276961e-03  4.176976e-02  1.000000e-50  5.239412e-03  2.401397e-02  3.187309e-02  1.381167e-01  4.176976e-02  1.000000e-50 
1.118290e-02  5.405070e-03  1.000000e-50  1.391650e-02  5.790258e-02  1.000000e-50  1.000000e-50  3.727634e-04  5.094433e-03  3.448062e-02  1.758201e-02  5.287028e-02  8.511431e-03  1.000000e-50  1.155567e-02  5.659791e-02  1.000000e-50  1.000000e-50  1.000000e-50  1.584245e-02  1.000000e-50  5.889662e-02  1.489190e-01  1.000000e-50  4.609841e-02  1.494160e-01  1.000000e-50  9.331511e-02  1.000000e-50  1.000000e-50  5.510686e-02  2.677684e-02  1.007704e-01  1.863817e-02  1.074801e-02 
6.719653e-02  1.661850e-02  1.000000e-50  1.943642e-01  1.000000e-50  1.000000e-50  1.000000e-50  1.000000e-50  1.000000e-50  2.239884e-02  6.358382e-02  1.000000e-50  1.842486e-01  5.635838e-02  1.000000e-50  1.000000e-50  1.000000e-50  5.057803e-03  1.000000e-50  9.393064e-03  1.000000e-50  5.057803e-03  2.890173e-03  7.658960e-02  1.000000e-50  8.959538e-02  8.236994e-02  1.000000e-50  4.552023e-02  1.000000e-50  1.000000e-50  1.000000e-50  4.479769e-02  3.395954e-02  1.000000e-50 
9.477661e-02  1.000000e-50  1.000000e-50  3.597240e-02  9.691196e-03  2.118922e-02  2.086071e-02  1.000000e-50  3.285151e-03  9.034166e-03  1.576873e-02  4.648489e-02  5.321945e-02  6.570302e-03  1.034823e-02  2.792378e-03  3.498686e-02  1.000000e-50  1.000000e-50  1.379763e-02  1.000000e-50  5.749014e-02  4.057162e-02  1.829829e-01  4.796321e-02  6.915243e-02  1.000000e-50  3.153745e-02  1.000000e-50  6.619580e-02  4.763469e-03  4.139290e-02  5.847569e-02  2.069645e-02  1.000000e-50 
3.103587e-02  3.309150e-01  1.000000e-50  5.804111e-02  1.000000e-50  1.000000e-50  1.000000e-50  1.000000e-50  1.000000e-50  1.000000e-50  2.458686e-02  1.000000e-50  1.128577e-02  1.000000e-50  8.061266e-03  1.000000e-50  1.000000e-50  1.000000e-50  1.000000e-50  2.555421e-01  1.000000e-50  4.957678e-02  1.000000e-50  3.345425e-02  5.441354e-02  6.166868e-02  1.000000e-50  3.506651e-02  1.000000e-50  1.088271e-02  3.546957e-02  1.000000e-50  1.000000e-50  1.000000e-50  1.000000e-50 
1.212789e-02  1.000000e-50  1.000000e-50  3.035649e-01  1.000000e-50  4.689452e-01  1.000000e-50  1.000000e-50  9.004043e-03  4.593899e-03  1.000000e-50  1.000000e-50  4.667402e-02  1.120911e-02  1.470048e-03  1.000000e-50  1.000000e-50  1.000000e-50  1.000000e-50  2.940096e-03  1.000000e-50  3.307607e-03  1.000000e-50  1.470048e-02  1.488423e-02  1.000000e-50  2.241823e-02  1.000000e-50  1.000000e-50  6.651966e-02  7.533995e-03  1.000000e-50  1.000000e-50  1.010658e-02  1.000000e-50 
1.383227e-01  1.000000e-50  1.000000e-50  1.208503e-01  7.571345e-03  4.076878e-02  2.446127e-02  1.000000e-50  1.572510e-02  3.785673e-03  1.106581e-02  9.027373e-03  3.057659e-02  1.193943e-02  5.824112e-03  1.000000e-50  1.000000e-50  1.000000e-50  1.000000e-50  4.368084e-03  1.000000e-50  1.000000e-50  1.000000e-50  2.553873e-01  2.154921e-02  5.882353e-02  1.000000e-50  1.000000e-50  1.000000e-50  1.426907e-01  1.000000e-50  6.406523e-03  1.718113e-02  1.019220e-02  6.348282e-02 
1.000000e-50  1.034785e-03  6.590782e-02  1.066624e-02  3.892382e-02  1.000000e-50  1.000000e-50  9.575738e-02  1.000000e-50  2.945156e-03  6.845499e-03  2.844862e-01  8.437475e-03  1.000000e-50  1.000000e-50  4.775929e-03  1.000000e-50  1.000000e-50  6.129109e-03  9.631457e-03  1.512378e-03  3.900342e-03  3.422749e-03  1.000000e-50  6.129109e-03  8.994667e-03  1.000000e-50  1.894452e-02  1.000000e-50  6.288307e-03  3.422749e-03  3.675874e-01  1.997930e-02  2.427764e-02  1.000000e-50 
4.172367e-02  2.638265e-03  1.000000e-50  3.634942e-02  1.700215e-02  1.514559e-02  2.130154e-02  1.000000e-50  3.810827e-03  1.993355e-02  2.511237e-02  3.957397e-02  4.182138e-02  3.615400e-03  1.055306e-02  2.227868e-02  1.000000e-50  1.000000e-50  1.000000e-50  1.211647e-02  1.856557e-03  5.237444e-02  7.807309e-02  5.217901e-02  5.139730e-02  1.401212e-01  1.000000e-50  6.390463e-02  1.000000e-50  3.058433e-02  2.999805e-02  2.892320e-02  9.888607e-02  4.367794e-02  1.504788e-02 
3.427419e-02  7.560484e-04  1.184476e-02  8.442540e-02  4.763105e-02  5.871976e-02  1.562500e-02  5.796371e-03  5.040323e-03  1.915323e-02  2.318548e-02  5.871976e-02  1.915323e-02  4.032258e-03  2.167339e-02  2.520161e-03  1.000000e-50  1.000000e-50  5.040323e-04  6.300403e-03  1.000000e-50  3.049395e-02  4.511089e-02  4.511089e-02  7.157258e-02  9.022177e-02  1.000000e-50  3.956653e-02  1.000000e-50  4.385081e-02  2.268145e-02  7.510081e-02  7.484879e-02  4.208669e-02  1.000000e-50 
1.000000e-50  1.000000e-50  1.000000e-50  2.103774e-01  1.000000e-50  1.000000e-50  1.000000e-50  4.716981e-03  1.000000e-50  2.358491e-02  2.075472e-02  3.113208e-02  1.679245e-01  1.000000e-50  1.000000e-50  1.000000e-50  1.000000e-50  1.000000e-50  1.000000e-50  1.000000e-50  1.000000e-50  1.000000e-50  1.000000e-50  2.641509e-02  4.339623e-02  1.075472e-01  7.264151e-02  1.981132e-02  1.000000e-50  1.000000e-50  4.528302e-02  3.018868e-02  1.698113e-01  2.641509e-02  1.000000e-50 


#DOUBLE_1x35_DISCRETE_HIDDEN_DOMINANT-EIGENVECTOR
1.996970e-02  1.111810e-02  1.026620e-02  3.199077e-02  2.134934e-02  1.945463e-02  6.804421e-02  4.154651e-02  3.927871e-03  9.757314e-03  1.520516e-02  7.124723e-02  1.989108e-02  7.246231e-02  6.915606e-03  6.934456e-03  1.279827e-01  2.769739e-02  5.713052e-03  1.582041e-02  8.827960e-03  1.909969e-02  2.334131e-02  3.169222e-02  3.050210e-02  7.148965e-02  6.430461e-03  2.693726e-02  1.121392e-02  2.415223e-02  1.516128e-02  5.565477e-02  4.574246e-02  1.767579e-02  4.784881e-03  

#DOUBLE_35x20_DISCRETE_AA_EMISSION
1.332582e-01  1.082300e-02  4.577227e-02  7.733935e-02  2.525366e-02  2.998873e-02  1.217587e-02  3.990981e-02  6.854566e-02  6.674183e-02  1.713641e-02  1.533258e-02  1.972943e-01  2.886133e-02  5.163472e-02  5.772266e-02  2.818489e-02  4.757610e-02  1.984216e-02  2.660654e-02 
1.605781e-03  1.000000e-50  1.000000e-50  1.000000e-50  1.000000e-50  9.867523e-01  1.000000e-50  2.007226e-03  5.620233e-03  1.000000e-50  4.014452e-03  1.000000e-50  1.000000e-50  1.000000e-50  1.000000e-50  1.000000e-50  1.000000e-50  1.000000e-50  1.000000e-50  1.000000e-50 
7.894737e-02  3.451251e-02  7.377049e-02  5.349439e-02  1.000000e-50  3.062985e-02  1.553063e-02  1.337360e-02  6.643658e-02  7.981018e-02  1.768766e-02  3.321829e-02  2.480587e-01  2.502157e-02  4.745470e-02  6.988783e-02  3.149267e-02  2.545298e-02  2.588438e-02  2.933563e-02 
3.548073e-02  2.295812e-02  1.028245e-01  4.048977e-02  5.454292e-02  3.464589e-02  3.631557e-02  2.727146e-02  5.412550e-02  8.431891e-02  2.170586e-02  1.097816e-01  1.000000e-50  4.410742e-02  5.217754e-02  5.676917e-02  1.229999e-01  3.214137e-02  1.753165e-02  4.981216e-02 
5.438561e-02  2.065017e-02  3.373543e-02  5.418115e-02  5.131875e-02  2.617052e-02  1.983235e-02  8.791658e-02  6.501738e-02  1.335105e-01  2.249029e-02  3.046412e-02  5.888366e-02  2.985075e-02  5.111429e-02  3.148640e-02  4.620732e-02  1.187896e-01  2.596606e-02  3.802903e-02 
7.086796e-02  1.338873e-02  1.525854e-01  8.425669e-02  3.370268e-02  4.939982e-02  2.539243e-02  6.463527e-03  7.409972e-02  8.287165e-02  1.477378e-02  6.625115e-02  5.309326e-03  5.886427e-02  5.124654e-02  1.108033e-01  5.147738e-02  4.847645e-03  1.454294e-02  2.885503e-02 
8.614930e-02  8.929719e-03  7.991777e-02  1.295773e-01  4.195040e-02  4.336374e-02  2.563279e-02  5.274316e-02  5.428498e-02  8.364384e-02  1.856611e-02  3.141462e-02  1.194912e-02  5.049467e-02  4.342798e-02  5.030194e-02  5.004497e-02  8.512142e-02  1.606064e-02  3.642554e-02 
4.269663e-02  2.300696e-02  6.163724e-02  4.344569e-02  6.998395e-02  1.947566e-02  3.049759e-02  1.119315e-01  4.408775e-02  1.085072e-01  1.712146e-02  4.505083e-02  1.000000e-50  3.360086e-02  4.494382e-02  4.430177e-02  5.082932e-02  1.396469e-01  1.573034e-02  5.350455e-02 
9.248555e-03  1.000000e-50  8.092486e-03  8.092486e-03  1.000000e-50  9.468208e-01  1.000000e-50  1.000000e-50  6.936416e-03  1.000000e-50  1.000000e-50  1.000000e-50  1.000000e-50  1.000000e-50  1.156069e-03  8.092486e-03  1.156069e-02  1.000000e-50  1.000000e-50  1.000000e-50 
6.940063e-02  1.081568e-02  1.342947e-01  5.227580e-02  3.740424e-02  4.686796e-02  2.884182e-02  1.847679e-02  5.452907e-02  7.210455e-02  2.118071e-02  9.598918e-02  1.622352e-01  3.965750e-02  4.236142e-02  4.821992e-02  1.757548e-02  1.622352e-02  8.111762e-03  2.343398e-02 
6.275540e-02  2.247519e-02  1.307647e-01  4.874489e-02  5.750146e-02  1.605371e-02  5.866900e-02  3.123176e-02  4.991243e-02  5.458260e-02  2.159953e-02  1.462347e-01  1.000000e-50  3.356684e-02  6.217163e-02  5.458260e-02  3.911267e-02  3.590193e-02  1.430239e-02  5.983654e-02 
3.602332e-02  1.540350e-02  1.110770e-02  4.123964e-02  4.786744e-02  3.252531e-03  1.822645e-02  1.621356e-01  4.363302e-02  1.365450e-01  2.055845e-02  1.644676e-02  1.000000e-50  2.417920e-02  4.387849e-02  1.810371e-02  8.063823e-02  2.184106e-01  1.478981e-02  4.756060e-02 
1.103139e-01  1.883408e-02  7.085202e-02  8.587444e-02  3.026906e-02  2.713004e-02  2.286996e-02  3.340807e-02  7.623318e-02  1.013453e-01  1.950673e-02  2.847534e-02  4.058296e-02  4.147982e-02  5.650224e-02  9.080717e-02  5.784753e-02  4.910314e-02  1.300448e-02  2.556054e-02 
1.260741e-01  1.282838e-02  4.100172e-02  9.225387e-02  3.179475e-02  2.737540e-02  1.620427e-02  6.150258e-02  8.918488e-02  1.403756e-01  3.191751e-02  3.259268e-02  2.455193e-03  5.450528e-02  7.568132e-02  4.560521e-02  2.841886e-02  4.861282e-02  1.068009e-02  3.093543e-02 
7.350097e-02  2.707930e-02  9.155384e-02  6.511928e-02  3.546099e-02  1.921341e-01  4.771115e-02  1.000000e-50  5.673759e-02  6.769826e-02  1.676338e-02  9.155384e-02  1.000000e-50  3.352676e-02  5.029014e-02  6.189555e-02  3.352676e-02  2.063185e-02  1.289491e-02  2.192134e-02 
6.150919e-02  1.000000e-50  2.073557e-01  9.258085e-02  3.170577e-03  1.585289e-02  3.170577e-02  1.965758e-02  1.566265e-01  6.024096e-02  1.000000e-50  3.487635e-02  1.000000e-50  1.000000e-50  7.102093e-02  8.560558e-02  9.258085e-02  4.629042e-02  6.341154e-03  1.458465e-02 
1.453637e-01  1.320234e-02  3.671148e-02  7.683557e-02  3.850396e-02  2.971389e-02  1.758014e-02  7.035505e-02  6.932092e-02  1.333678e-01  3.291968e-02  3.016201e-02  1.000000e-50  5.084454e-02  6.918304e-02  3.402275e-02  3.815926e-02  6.670114e-02  1.499483e-02  3.205791e-02 
8.005186e-02  1.928375e-02  3.775725e-02  7.794523e-02  5.898558e-02  2.074218e-02  3.257171e-02  4.310485e-02  7.130125e-02  1.328796e-01  2.738616e-02  5.331389e-02  1.000000e-50  4.213256e-02  5.914763e-02  6.206450e-02  6.935667e-02  5.217955e-02  1.409820e-02  4.569762e-02 
6.109822e-02  1.005414e-02  5.027069e-02  4.717711e-02  2.552204e-02  2.320186e-02  2.242846e-02  1.044084e-01  6.264501e-02  1.523589e-01  2.242846e-02  3.093581e-02  1.000000e-50  2.861562e-02  4.563032e-02  5.800464e-02  7.192575e-02  1.562258e-01  8.507347e-03  1.856148e-02 
4.878737e-02  1.381839e-02  1.294416e-01  5.668359e-02  2.622673e-02  8.488438e-02  3.496898e-02  3.102087e-03  9.672871e-02  2.509870e-02  1.551043e-02  2.580372e-01  1.000000e-50  5.442752e-02  6.288776e-02  4.737733e-02  1.974055e-03  3.102087e-03  1.043429e-02  2.650874e-02 
5.149331e-03  1.000000e-50  2.111226e-02  6.179197e-03  1.029866e-02  8.614830e-01  1.184346e-02  1.000000e-50  9.268795e-03  5.149331e-03  2.574665e-03  3.707518e-02  1.000000e-50  1.000000e-50  4.119464e-03  1.029866e-02  7.723996e-03  1.000000e-50  3.089598e-03  4.634398e-03 
1.298336e-01  1.827982e-02  5.647996e-02  8.460277e-02  3.234122e-02  1.570190e-02  2.648231e-02  2.695102e-02  6.890087e-02  5.202719e-02  1.874854e-02  2.648231e-02  1.370987e-01  3.468479e-02  5.741739e-02  7.382236e-02  4.194985e-02  4.593391e-02  1.663933e-02  3.562222e-02 
6.810569e-02  1.000000e-50  1.804987e-02  3.014514e-02  4.093785e-03  1.000000e-50  2.791217e-03  1.000000e-50  3.796055e-02  1.377000e-02  7.071083e-03  1.000000e-50  7.852624e-01  1.674730e-03  1.991068e-02  1.116487e-02  1.000000e-50  1.000000e-50  1.000000e-50  1.000000e-50 
9.597009e-02  8.863038e-03  4.874671e-02  8.766099e-02  2.797396e-02  4.168398e-02  1.647971e-02  4.376125e-02  5.788672e-02  8.447583e-02  1.634123e-02  2.285002e-02  1.803074e-01  3.018972e-02  4.196095e-02  5.096247e-02  3.420579e-02  5.290126e-02  2.340396e-02  3.337488e-02 
6.460876e-02  2.426418e-02  5.972721e-02  7.681263e-02  3.058148e-02  9.590811e-02  2.627423e-02  3.948313e-02  7.451543e-02  6.202441e-02  1.234745e-02  4.508256e-02  3.862168e-02  4.048816e-02  5.556353e-02  8.513999e-02  8.011486e-02  5.297918e-02  1.191673e-02  2.354630e-02 
8.119213e-02  1.950083e-02  1.674128e-02  6.279512e-02  5.715337e-02  8.156007e-03  1.937818e-02  1.014288e-01  7.671552e-02  1.430061e-01  2.771816e-02  2.250567e-02  6.806893e-03  4.899736e-02  4.936530e-02  2.416140e-02  5.660146e-02  1.156559e-01  1.753848e-02  4.458208e-02 
3.551136e-02  2.343750e-02  5.681818e-02  1.136364e-01  4.545455e-02  5.681818e-03  2.485795e-02  9.872159e-02  1.058239e-01  9.019886e-02  1.562500e-02  2.982955e-02  1.000000e-50  3.977273e-02  3.338068e-02  2.840909e-02  5.681818e-02  1.178977e-01  1.775568e-02  6.036932e-02 
3.822806e-02  1.936013e-02  1.260049e-01  2.657916e-02  4.265792e-03  2.237900e-01  2.050861e-02  1.000000e-50  2.050861e-02  1.804758e-02  6.234619e-03  6.234619e-02  6.398687e-03  1.689910e-02  2.723544e-02  2.259229e-01  1.424118e-01  1.476620e-03  2.132896e-03  1.164889e-02 
1.103203e-01  1.000000e-50  8.896797e-02  6.880190e-02  3.598260e-02  3.835508e-02  3.598260e-02  1.542112e-02  5.970739e-02  1.174377e-01  3.637802e-02  1.111111e-01  1.000000e-50  4.942665e-02  6.405694e-02  5.891657e-02  3.281930e-02  2.412021e-02  9.489917e-03  4.270463e-02 
1.045182e-01  1.052441e-02  7.965886e-02  1.052441e-01  2.177463e-02  4.935583e-02  2.903284e-02  2.322627e-02  7.312647e-02  5.352931e-02  1.487933e-02  3.792415e-02  8.782435e-02  4.082744e-02  4.808565e-02  1.190347e-01  4.608964e-02  2.377064e-02  1.397206e-02  1.760116e-02 
9.915427e-03  4.841062e-02  3.858268e-01  4.578594e-02  9.915427e-03  1.000000e-50  2.887139e-02  1.603966e-02  1.837270e-02  1.924759e-02  3.791193e-03  2.158064e-01  8.748906e-03  1.428988e-02  2.945465e-02  8.865558e-02  6.999125e-03  2.303879e-02  9.040537e-03  1.778944e-02 
1.194789e-01  2.859867e-02  2.152844e-02  4.774388e-02  8.420718e-02  8.333333e-02  2.859867e-02  2.875755e-02  4.639339e-02  3.574833e-02  2.391166e-02  1.874801e-02  1.000000e-50  3.463616e-02  5.576740e-02  1.032730e-01  8.412774e-02  6.037496e-02  2.256117e-02  7.221163e-02 
5.922639e-02  2.170348e-02  5.247420e-02  5.170252e-02  4.716890e-02  4.475740e-02  3.868043e-02  3.279637e-02  5.507861e-02  3.356805e-02  1.610881e-02  5.237774e-02  1.000000e-50  4.070609e-02  5.729719e-02  1.302209e-01  1.369731e-01  7.099450e-02  1.408315e-02  4.408218e-02 
1.548065e-02  2.996255e-03  2.047441e-02  9.488140e-03  5.742821e-03  8.514357e-01  3.495630e-03  6.242197e-03  1.248439e-02  6.991261e-03  2.247191e-03  1.073658e-02  9.987516e-04  6.242197e-03  7.240949e-03  2.372035e-02  6.741573e-03  2.247191e-03  9.987516e-04  3.995006e-03 
1.000000e-50  1.000000e-50  1.000000e-50  1.000000e-50  1.000000e-50  1.000000e-50  1.000000e-50  1.000000e-50  1.000000e-50  1.000000e-50  1.000000e-50  1.000000e-50  1.000000e+00  1.000000e-50  1.000000e-50  1.000000e-50  1.000000e-50  1.000000e-50  1.000000e-50  1.000000e-50 


#DOUBLE_35x3_DISCRETE_SS_EMISSION
1.000000e-50  1.000000e-50  1.000000e+00 
1.000000e-50  2.423263e-03  9.975767e-01 
1.000000e-50  1.000000e+00  1.000000e-50 
1.000000e-50  6.815021e-03  9.931850e-01 
1.000000e-50  9.997947e-01  2.052967e-04 
1.000000e-50  1.000000e-50  1.000000e+00 
1.000000e+00  1.000000e-50  1.000000e-50 
1.000000e-50  1.000000e+00  1.000000e-50 
1.000000e-50  1.000000e-50  1.000000e+00 
1.000000e-50  1.805054e-03  9.981949e-01 
6.113537e-03  3.464338e-02  9.592431e-01 
1.000000e-50  1.000000e+00  1.000000e-50 
1.000000e-50  1.338389e-02  9.866161e-01 
1.000000e+00  1.000000e-50  1.000000e-50 
1.280410e-02  1.000000e-50  9.871959e-01 
1.000000e-50  3.841229e-03  9.961588e-01 
1.000000e+00  1.000000e-50  1.000000e-50 
1.000000e+00  1.000000e-50  1.000000e-50 
1.000000e-50  1.000000e+00  1.000000e-50 
1.000000e-50  4.317156e-02  9.568284e-01 
1.000000e-50  1.078582e-02  9.892142e-01 
9.389671e-04  8.215962e-03  9.908451e-01 
1.000000e-50  1.126500e-02  9.887350e-01 
1.000000e+00  1.000000e-50  1.000000e-50 
1.028865e-02  4.286939e-03  9.854244e-01 
1.000000e-50  1.660108e-03  9.983399e-01 
5.017668e-02  1.000000e-50  9.498233e-01 
1.000000e-50  3.120381e-02  9.687962e-01 
1.000000e-50  1.000000e-50  1.000000e+00 
1.000000e-50  1.000000e-50  1.000000e+00 
1.000000e-50  1.000000e-50  1.000000e+00 
1.000000e-50  1.000000e+00  1.000000e-50 
1.000000e-50  1.000000e-50  1.000000e+00 
2.174456e-02  1.777056e-01  8.005499e-01 
3.727866e-03  1.677540e-02  9.794967e-01 


#DOUBLE_35x2_DISCRETE_CIS_EMISSION
1.000000e+00  1.000000e-50 
1.000000e+00  1.000000e-50 
1.000000e+00  1.000000e-50 
1.000000e+00  1.000000e-50 
1.000000e+00  1.000000e-50 
9.993165e-01  6.835270e-04 
1.000000e+00  1.000000e-50 
1.000000e+00  1.000000e-50 
1.000000e+00  1.000000e-50 
1.000000e+00  1.000000e-50 
1.000000e+00  1.000000e-50 
9.998772e-01  1.228049e-04 
1.000000e+00  1.000000e-50 
1.000000e+00  1.000000e-50 
1.000000e+00  1.000000e-50 
1.000000e+00  1.000000e-50 
1.000000e+00  1.000000e-50 
1.000000e+00  1.000000e-50 
1.000000e+00  1.000000e-50 
1.000000e+00  1.000000e-50 
1.000000e+00  1.000000e-50 
1.000000e+00  1.000000e-50 
9.405959e-01  5.940410e-02 
1.000000e+00  1.000000e-50 
9.918970e-01  8.103024e-03 
9.989509e-01  1.049059e-03 
1.000000e+00  1.000000e-50 
1.000000e+00  1.000000e-50 
1.000000e+00  1.000000e-50 
1.000000e+00  1.000000e-50 
1.000000e+00  1.000000e-50 
1.000000e+00  1.000000e-50 
9.986484e-01  1.351612e-03 
1.000000e+00  1.000000e-50 
8.932956e-01  1.067044e-01 


#DOUBLE_35x3_TORUS_TORUS_KAPPA
1.512038e+02  1.012213e+02  4.468864e+01 
5.276279e+01  5.058873e+01  2.038154e+01 
2.548750e+01  1.827244e+01  -8.196572e-01 
2.439644e+01  1.863027e+01  5.586940e+00 
1.868698e+01  1.289656e+01  -8.640738e-01 
1.039198e+02  9.892572e+01  4.044938e+01 
1.230819e+02  1.018829e+02  3.044621e+01 
1.060977e+01  8.679088e+00  1.007570e+00 
7.593801e+00  5.120066e+00  3.689327e-01 
3.636900e+01  7.144237e+00  -2.038786e+00 
1.082170e+01  7.472764e+00  6.493783e-02 
2.369092e+01  2.804096e+01  3.897333e+00 
7.243050e+01  5.210955e+01  2.198410e+01 
5.179073e+01  3.322162e+01  8.087207e+00 
1.713115e+01  5.445728e+00  2.416849e+00 
3.253653e+01  4.234936e+01  1.354718e+01 
3.612524e+02  2.887660e+02  1.021405e+02 
1.748640e+01  1.822212e+01  4.662909e+00 
1.593549e+01  1.499952e+01  3.930446e+00 
1.194334e+02  6.385511e+01  3.264503e+01 
1.008694e+02  8.965995e+01  4.033378e+01 
8.527331e+01  6.519892e+01  1.920187e+01 
5.852624e+01  3.674852e+01  1.387203e+01 
1.403505e+02  9.738859e+01  4.451682e+01 
4.439001e+00  3.741457e+00  3.858867e-01 
7.827900e+00  1.047144e+01  -4.629533e-02 
6.339340e+00  1.585081e+01  -1.402770e-01 
3.481984e+01  2.709422e+01  1.055789e+01 
6.889680e+01  7.450413e+01  2.735094e+01 
2.003234e+02  1.319892e+02  6.230409e+01 
5.347750e+00  1.235276e+01  -5.061353e+00 
1.607583e+01  1.852410e+01  3.031764e+00 
1.056293e+01  9.741461e+00  5.851978e-01 
4.186023e+00  5.377401e+00  1.097108e+00 
6.188553e+01  4.712259e+01  2.243428e+01 


#DOUBLE_35x2_TORUS_TORUS_MU
-9.777860e-01  -5.844423e-01 
1.458721e+00  2.456621e-01 
-1.293280e+00  2.420616e+00 
-1.880507e+00  1.285096e-01 
-1.476095e+00  2.295045e+00 
-1.521801e+00  -9.117285e-02 
-1.135645e+00  -7.157072e-01 
-1.982076e+00  2.216448e+00 
1.853202e+00  -2.181632e-01 
-1.449223e+00  1.231524e+00 
-2.331819e+00  1.391874e+00 
-2.049858e+00  2.272990e+00 
-1.217250e+00  -5.159861e-01 
-1.125499e+00  -6.636299e-01 
1.097159e+00  5.886498e-01 
-1.529528e+00  -4.913917e-01 
-1.098078e+00  -7.419360e-01 
-1.523827e+00  -4.235017e-01 
-1.671100e+00  -5.373878e-01 
9.800635e-01  6.927363e-01 
1.455271e+00  -3.789324e-02 
-1.028837e+00  2.365341e+00 
-1.162448e+00  2.610086e+00 
-9.888030e-01  -6.952107e-01 
-1.694614e+00  -5.251848e-01 
-1.530815e+00  2.409618e+00 
-1.530973e+00  -7.981314e-01 
-1.391702e+00  2.887802e+00 
-1.568353e+00  1.057965e-01 
-1.142961e+00  -2.953719e-01 
-1.494897e+00  2.018324e+00 
-2.476852e+00  2.686136e+00 
-2.438329e+00  2.728180e+00 
1.764578e+00  -2.907264e+00 
-1.202181e+00  -3.030499e-01 


