#DOUBLE_1x45_DISCRETE_HIDDEN_START
1.000000e-50  1.000000e-50  1.000000e-50  1.726519e-02  3.107735e-02  4.834254e-02  2.071823e-02  8.287293e-03  1.000000e-50  7.182320e-02  1.000000e-50  1.450276e-02  2.831492e-02  3.314917e-02  1.843923e-01  1.000000e-50  1.000000e-50  6.422652e-02  1.000000e-50  6.906077e-03  1.000000e-50  4.143646e-02  1.000000e-50  1.104972e-02  1.000000e-50  6.215470e-03  1.000000e-50  1.000000e-50  1.000000e-50  6.698895e-02  6.215470e-03  1.657459e-02  2.417127e-02  1.000000e-50  6.077348e-02  1.000000e-50  2.209945e-02  1.000000e-50  1.000000e-50  1.519337e-02  1.657459e-02  6.146409e-02  1.222376e-01  1.000000e-50  1.000000e-50  

#DOUBLE_45x45_DISCRETE_HIDDEN_TRANSITION
1.000000e-50  8.831169e-03  7.792208e-03  1.714286e-02  1.000000e-50  1.000000e-50  1.605195e-01  1.350649e-02  1.000000e-50  1.272727e-01  1.000000e-50  1.000000e-50  1.454545e-02  1.506494e-02  1.153247e-01  1.000000e-50  1.000000e-50  1.000000e-50  2.337662e-02  8.103896e-02  2.597403e-02  1.000000e-50  1.000000e-50  1.000000e-50  1.000000e-50  1.000000e-50  1.000000e-50  1.220779e-01  2.233766e-02  1.402597e-02  1.000000e-50  1.000000e-50  1.000000e-50  1.000000e-50  2.129870e-02  1.000000e-50  2.493506e-02  1.000000e-50  1.000000e-50  2.025974e-02  1.000000e-50  1.506494e-02  1.496104e-01  1.000000e-50  1.000000e-50 
6.622517e-03  1.390728e-02  9.933775e-03  2.649007e-02  5.629139e-03  5.960265e-02  7.450331e-02  4.668874e-02  4.635762e-03  8.013245e-02  9.933775e-03  2.350993e-02  1.423841e-02  1.000000e-50  1.384106e-01  1.000000e-50  1.000000e-50  1.000000e-50  1.000000e-50  6.622517e-03  1.000000e-50  9.933775e-03  1.192053e-02  3.973510e-03  1.000000e-50  1.000000e-50  1.000000e-50  1.000000e-50  1.000000e-50  1.831126e-01  1.059603e-02  2.649007e-02  1.556291e-02  1.000000e-50  9.503311e-02  1.000000e-50  2.615894e-02  1.000000e-50  1.000000e-50  1.000000e-50  2.980132e-03  2.682119e-02  6.655629e-02  1.000000e-50  1.000000e-50 
1.000000e-50  2.247191e-02  1.000000e-50  1.498127e-02  1.000000e-50  1.000000e-50  2.059925e-02  7.116105e-02  1.123596e-02  1.000000e-50  2.902622e-02  1.000000e-50  1.000000e-50  2.340824e-02  1.760300e-01  1.000000e-50  1.000000e-50  1.000000e-50  1.404494e-02  1.000000e-50  1.000000e-50  1.000000e-50  1.000000e-50  1.000000e-50  1.000000e-50  1.000000e-50  1.000000e-50  1.000000e-50  1.000000e-50  5.992509e-02  1.000000e-50  1.000000e-50  2.153558e-02  1.000000e-50  7.771536e-02  1.000000e-50  3.838951e-02  1.000000e-50  1.000000e-50  6.554307e-03  4.307116e-02  1.872659e-02  3.511236e-01  1.000000e-50  1.000000e-50 
1.000000e-50  3.249097e-02  1.000000e-50  2.888087e-02  2.527076e-02  9.386282e-02  3.249097e-02  1.624549e-02  1.000000e-50  4.602888e-02  1.000000e-50  6.498195e-02  2.075812e-02  1.000000e-50  1.281588e-01  1.000000e-50  1.000000e-50  1.037906e-01  5.776173e-02  1.000000e-50  1.000000e-50  1.000000e-50  1.000000e-50  1.000000e-50  1.000000e-50  7.761733e-02  1.000000e-50  2.075812e-02  2.527076e-02  3.519856e-02  1.714801e-02  9.927798e-03  3.339350e-02  1.000000e-50  5.595668e-02  1.000000e-50  1.444043e-02  1.805054e-03  8.122744e-03  1.000000e-50  5.415162e-03  4.422383e-02  1.000000e-50  1.000000e-50  1.000000e-50 
1.000000e-50  2.715725e-02  4.380201e-03  1.138852e-02  1.795883e-02  1.000000e-50  2.277705e-02  7.577749e-02  6.789312e-02  1.000000e-50  1.000000e-50  1.000000e-50  1.000000e-50  1.000000e-50  2.303986e-01  1.000000e-50  1.000000e-50  1.000000e-50  1.000000e-50  1.000000e-50  1.000000e-50  2.321507e-02  1.000000e-50  1.000000e-50  1.000000e-50  1.000000e-50  1.000000e-50  1.000000e-50  1.000000e-50  3.088042e-01  1.000000e-50  2.365309e-02  1.000000e-50  1.000000e-50  1.000000e-50  1.000000e-50  4.117389e-02  1.000000e-50  1.000000e-50  1.000000e-50  1.000000e-50  1.077530e-01  3.766973e-02  1.000000e-50  1.000000e-50 
1.000000e-50  1.185185e-01  1.000000e-50  1.000000e-50  1.000000e-50  1.000000e-50  2.020202e-02  1.000000e-50  1.000000e-50  1.000000e-50  1.000000e-50  1.097643e-01  1.000000e-50  1.000000e-50  1.750842e-01  1.000000e-50  1.000000e-50  2.020202e-02  1.124579e-01  1.000000e-50  4.713805e-03  1.000000e-50  1.212121e-02  1.000000e-50  1.000000e-50  1.205387e-01  1.481481e-02  1.000000e-50  1.000000e-50  1.205387e-01  1.000000e-50  1.000000e-50  1.000000e-50  1.000000e-50  1.710438e-01  1.000000e-50  1.000000e-50  1.000000e-50  1.000000e-50  1.000000e-50  1.000000e-50  1.000000e-50  1.000000e-50  1.000000e-50  1.000000e-50 
5.063645e-02  3.357113e-03  2.657714e-03  1.000000e-50  1.000000e-50  1.000000e-50  6.280599e-02  1.930340e-02  1.000000e-50  1.370821e-02  1.000000e-50  1.000000e-50  1.202965e-02  1.000000e-50  1.272905e-02  1.000000e-50  9.791579e-04  1.000000e-50  1.356833e-02  1.000000e-50  2.098196e-03  1.000000e-50  1.000000e-50  1.009931e-01  1.000000e-50  1.000000e-50  1.000000e-50  2.657714e-03  3.152889e-01  1.426773e-02  1.000000e-50  2.615750e-02  1.000000e-50  2.377955e-02  1.258917e-03  1.000000e-50  2.657714e-03  1.000000e-50  1.000000e-50  3.190656e-01  1.000000e-50  1.000000e-50  1.000000e-50  1.000000e-50  1.000000e-50 
2.979842e-03  7.887818e-03  2.489045e-02  1.577564e-03  1.000000e-50  5.784400e-03  1.367222e-02  2.226117e-02  4.680105e-02  7.011394e-03  1.384750e-02  4.084137e-02  5.170903e-02  1.226994e-03  1.432077e-01  1.000000e-50  1.000000e-50  1.000000e-50  2.103418e-03  3.400526e-02  1.000000e-50  2.453988e-02  2.979842e-03  6.660824e-03  1.000000e-50  1.209465e-02  1.000000e-50  4.066608e-02  1.000000e-50  2.180543e-01  5.556529e-02  2.068361e-02  1.000000e-50  1.000000e-50  2.979842e-03  1.000000e-50  2.874671e-02  1.000000e-50  1.000000e-50  6.836109e-03  1.000000e-50  9.903593e-02  6.134969e-02  1.000000e-50  1.000000e-50 
8.622449e-02  1.000000e-50  1.000000e-50  1.000000e-50  1.000000e-50  1.000000e-50  2.994898e-01  1.000000e-50  1.000000e-50  3.418367e-01  1.000000e-50  1.000000e-50  1.000000e-50  1.000000e-50  1.000000e-50  1.000000e-50  1.000000e-50  1.000000e-50  1.275510e-02  1.000000e-50  1.000000e-50  1.000000e-50  1.000000e-50  1.000000e-50  1.000000e-50  1.000000e-50  1.000000e-50  1.000000e-50  1.331633e-01  5.102041e-04  1.000000e-50  1.000000e-50  1.000000e-50  2.704082e-02  1.000000e-50  1.000000e-50  1.000000e-50  1.000000e-50  1.000000e-50  8.724490e-02  1.173469e-02  1.000000e-50  1.000000e-50  1.000000e-50  1.000000e-50 
1.000000e-50  1.000000e-50  1.000000e-50  1.000000e-50  1.000000e-50  1.000000e-50  1.000000e-50  1.000000e-50  1.000000e-50  1.230576e-01  2.656642e-02  1.000000e-50  1.000000e-50  1.000000e-50  1.000000e-50  1.000000e-50  1.000000e-50  1.000000e-50  1.000000e-50  1.000000e-50  1.000000e-50  1.000000e-50  5.463659e-02  1.000000e-50  1.597744e-01  1.000000e-50  3.022556e-01  1.000000e-50  1.000000e-50  1.000000e-50  1.000000e-50  1.000000e-50  1.000000e-50  1.000000e-50  1.000000e-50  1.000000e-50  1.000000e-50  1.000000e-50  1.000000e-50  1.000000e-50  2.928571e-01  1.000000e-50  1.000000e-50  4.085213e-02  1.000000e-50 
1.000000e-50  1.000000e-50  5.137912e-03  1.000000e-50  1.000000e-50  1.000000e-50  4.056247e-03  1.000000e-50  1.000000e-50  6.381828e-02  7.698756e-01  1.000000e-50  1.000000e-50  1.000000e-50  1.000000e-50  1.000000e-50  2.704164e-02  1.000000e-50  1.000000e-50  1.000000e-50  1.000000e-50  1.000000e-50  1.000000e-50  1.352082e-02  1.154678e-01  1.000000e-50  1.000000e-50  1.000000e-50  1.000000e-50  1.000000e-50  1.000000e-50  1.000000e-50  1.000000e-50  1.000000e-50  1.000000e-50  1.000000e-50  1.000000e-50  1.000000e-50  1.081666e-03  1.000000e-50  1.000000e-50  1.000000e-50  1.000000e-50  1.000000e-50  1.000000e-50 
1.000000e-50  2.013423e-02  1.000000e-50  1.000000e-50  7.190796e-02  5.369128e-02  6.615532e-02  3.787152e-02  1.000000e-50  2.301055e-02  1.000000e-50  1.000000e-50  1.246405e-02  2.396932e-02  7.046980e-02  1.000000e-50  1.000000e-50  5.752637e-02  1.000000e-50  1.000000e-50  1.000000e-50  1.390221e-02  2.061361e-02  1.000000e-50  1.000000e-50  3.547459e-02  1.000000e-50  1.000000e-50  1.000000e-50  8.437200e-02  1.629914e-02  3.355705e-02  1.965484e-02  1.000000e-50  5.944391e-02  1.000000e-50  3.595398e-02  1.000000e-50  1.000000e-50  2.253116e-02  5.752637e-03  7.334612e-02  1.418984e-01  1.000000e-50  1.000000e-50 
1.000000e-50  3.023345e-02  1.000000e-50  1.000000e-50  4.515882e-02  3.138155e-02  2.135476e-01  1.000000e-50  1.000000e-50  1.159587e-01  1.000000e-50  1.530808e-02  9.567547e-03  1.000000e-50  5.089935e-02  1.000000e-50  1.000000e-50  2.120168e-01  3.597398e-02  1.000000e-50  2.678913e-03  3.061615e-03  1.148106e-03  1.000000e-50  1.000000e-50  9.567547e-03  1.000000e-50  1.000000e-50  4.362801e-02  2.143131e-02  1.000000e-50  1.798699e-02  2.717183e-02  1.000000e-50  1.377727e-02  6.888634e-03  2.564103e-02  1.000000e-50  1.000000e-50  9.184845e-03  1.000000e-50  1.301186e-02  4.477612e-02  1.000000e-50  1.000000e-50 
4.601770e-03  1.000000e-50  1.000000e-50  7.433628e-03  1.000000e-50  1.000000e-50  2.038938e-01  1.000000e-50  1.000000e-50  3.345133e-01  1.000000e-50  2.513274e-02  7.433628e-03  1.000000e-50  2.123894e-03  1.000000e-50  1.000000e-50  1.000000e-50  1.000000e-50  1.000000e-50  1.203540e-02  1.000000e-50  1.000000e-50  1.000000e-50  1.000000e-50  1.000000e-50  1.323894e-01  1.000000e-50  1.157522e-01  1.769912e-02  1.000000e-50  9.203540e-03  1.000000e-50  1.000000e-50  8.849558e-03  1.000000e-50  1.061947e-02  1.000000e-50  1.000000e-50  3.327434e-02  1.000000e-50  1.840708e-02  5.663717e-02  1.000000e-50  1.000000e-50 
1.000000e-50  4.052975e-02  2.196193e-03  1.044856e-02  2.828431e-02  1.177958e-02  2.815120e-02  6.382271e-02  2.941568e-02  6.788234e-03  2.063091e-03  1.590576e-02  1.257820e-02  6.362305e-02  1.888726e-01  1.000000e-50  1.000000e-50  1.473446e-01  1.370957e-02  3.194463e-03  7.520298e-03  3.493944e-02  1.863437e-03  1.000000e-50  1.000000e-50  1.064821e-03  1.000000e-50  5.390656e-03  1.000000e-50  5.064555e-02  4.126181e-03  3.261014e-03  3.254359e-02  1.000000e-50  9.383735e-03  6.189272e-03  2.269400e-02  1.000000e-50  6.987888e-03  1.000000e-50  1.000000e-50  4.265939e-02  1.019566e-01  1.000000e-50  6.655131e-05 
1.000000e-50  1.000000e-50  1.000000e-50  1.000000e-50  1.000000e-50  1.000000e-50  1.000000e-50  1.000000e-50  1.000000e-50  1.000000e-50  1.000000e-50  1.000000e-50  2.227171e-03  1.000000e-50  1.000000e-50  1.000000e-50  1.000000e-50  1.000000e-50  1.000000e-50  1.000000e-50  5.567929e-03  1.000000e-50  1.000000e-50  1.000000e-50  1.000000e-50  1.000000e-50  1.000000e-50  1.000000e-50  1.000000e-50  1.000000e-50  6.236080e-01  1.000000e-50  5.456570e-02  1.000000e-50  1.000000e-50  1.000000e-50  8.574610e-02  1.000000e-50  1.000000e-50  1.000000e-50  1.000000e-50  2.282851e-01  1.000000e-50  1.000000e-50  1.000000e-50 
1.000000e-50  5.510810e-03  6.612972e-02  1.822806e-02  1.000000e-50  1.000000e-50  1.610852e-02  3.433658e-02  4.281475e-02  1.000000e-50  4.662993e-03  8.902077e-03  1.186944e-02  1.000000e-50  5.637982e-02  1.000000e-50  1.000000e-50  1.000000e-50  1.000000e-50  2.810513e-01  6.358627e-03  8.902077e-03  1.000000e-50  1.000000e-50  1.000000e-50  3.391267e-03  3.815176e-03  2.590081e-01  1.000000e-50  1.000000e-50  1.000000e-50  3.984739e-02  1.000000e-50  1.000000e-50  2.670623e-02  7.206443e-03  1.000000e-50  1.000000e-50  1.000000e-50  1.000000e-50  1.000000e-50  1.000000e-50  9.877067e-02  1.000000e-50  1.000000e-50 
1.000000e-50  3.110449e-02  2.011548e-02  3.538834e-03  4.805364e-02  3.725088e-03  8.325573e-02  4.414230e-02  1.117527e-02  4.321103e-02  1.000000e-50  1.341032e-02  8.753958e-03  2.346806e-02  1.320544e-01  1.000000e-50  1.000000e-50  5.680760e-02  1.210654e-02  5.177873e-02  1.000000e-50  5.233749e-02  1.000000e-50  1.000000e-50  1.000000e-50  1.471410e-02  1.000000e-50  3.240827e-02  1.000000e-50  4.730862e-02  1.285156e-02  6.518905e-03  1.676290e-02  1.000000e-50  1.303781e-02  2.141926e-02  1.750792e-02  1.000000e-50  1.000000e-50  1.000000e-50  1.000000e-50  4.246601e-02  1.359657e-01  1.000000e-50  1.000000e-50 
1.000000e-50  8.061420e-02  1.000000e-50  1.000000e-50  1.000000e-50  1.679463e-01  1.295585e-02  1.631478e-02  1.000000e-50  1.000000e-50  1.000000e-50  4.318618e-02  4.846449e-02  5.278311e-03  2.063340e-02  7.197697e-03  1.000000e-50  1.583493e-02  1.521113e-01  1.000000e-50  1.000000e-50  1.631478e-02  1.000000e-50  1.000000e-50  1.000000e-50  7.341651e-02  1.000000e-50  1.000000e-50  1.000000e-50  3.119002e-02  1.247601e-02  6.765835e-02  4.798464e-03  1.000000e-50  1.535509e-01  3.502879e-02  2.591171e-02  1.000000e-50  1.000000e-50  1.000000e-50  1.000000e-50  9.117083e-03  1.000000e-50  1.000000e-50  1.000000e-50 
1.134216e-02  1.242236e-02  1.000000e-50  1.000000e-50  3.294626e-02  1.000000e-50  3.780718e-03  3.564677e-02  1.161221e-02  5.941129e-03  1.000000e-50  4.968944e-02  1.161221e-02  1.000000e-50  3.918445e-01  1.000000e-50  1.000000e-50  1.000000e-50  1.000000e-50  8.641642e-03  6.751283e-03  4.050770e-02  4.860924e-03  1.000000e-50  1.000000e-50  2.430462e-03  9.991898e-03  1.000000e-50  1.512287e-02  2.538482e-02  1.000000e-50  1.512287e-02  2.997570e-02  2.106400e-02  2.106400e-02  1.000000e-50  4.860924e-03  1.000000e-50  1.000000e-50  1.000000e-50  4.590872e-03  5.644072e-02  1.663516e-01  1.000000e-50  1.000000e-50 
4.265873e-02  1.000000e-50  1.091270e-02  1.000000e-50  1.000000e-50  1.000000e-50  4.563492e-02  1.000000e-50  1.000000e-50  5.952381e-03  1.000000e-50  1.000000e-50  1.000000e-50  1.000000e-50  1.071429e-01  6.944444e-03  1.000000e-50  5.952381e-03  1.000000e-50  3.422619e-01  1.000000e-50  2.777778e-02  1.000000e-50  1.000000e-50  1.000000e-50  1.000000e-50  1.000000e-50  1.418651e-01  1.000000e-50  5.654762e-02  1.000000e-50  1.000000e-50  1.071429e-01  8.928571e-03  1.000000e-50  1.000000e-50  7.936508e-03  1.000000e-50  1.000000e-50  1.000000e-50  1.000000e-50  3.075397e-02  5.158730e-02  1.000000e-50  1.000000e-50 
1.000000e-50  4.811094e-03  1.000000e-50  7.075138e-04  1.000000e-50  1.000000e-50  1.000000e-50  7.287392e-03  3.891326e-03  1.000000e-50  1.000000e-50  6.509127e-03  5.377105e-03  1.485779e-02  2.129617e-02  8.490166e-04  1.000000e-50  4.315834e-03  3.537569e-03  1.000000e-50  9.551436e-03  4.540116e-01  7.075138e-05  1.000000e-50  1.000000e-50  6.367624e-04  1.000000e-50  1.000000e-50  1.000000e-50  6.367624e-03  1.000000e-50  7.358143e-03  1.028018e-01  1.000000e-50  2.617801e-03  1.000000e-50  5.235602e-03  7.499646e-03  9.558511e-02  1.000000e-50  1.000000e-50  2.267582e-01  8.065657e-03  1.000000e-50  1.000000e-50 
1.000000e-50  1.784489e-02  1.000000e-50  1.000000e-50  1.000000e-50  1.578586e-02  1.000000e-50  1.000000e-50  1.000000e-50  6.273164e-01  1.000000e-50  4.804393e-03  1.000000e-50  1.000000e-50  1.000000e-50  1.000000e-50  1.000000e-50  1.000000e-50  1.000000e-50  1.000000e-50  1.000000e-50  1.000000e-50  1.324640e-01  6.863418e-03  1.000000e-50  2.745367e-03  1.000000e-50  1.000000e-50  1.000000e-50  1.000000e-50  1.000000e-50  1.000000e-50  1.000000e-50  1.000000e-50  1.000000e-50  1.894303e-01  1.000000e-50  1.000000e-50  1.000000e-50  1.000000e-50  1.000000e-50  1.000000e-50  1.000000e-50  1.000000e-50  2.745367e-03 
1.000000e-50  1.000000e-50  1.000000e-50  1.000000e-50  1.000000e-50  1.000000e-50  1.328790e-01  3.713799e-01  1.000000e-50  1.000000e-50  1.000000e-50  1.000000e-50  9.028961e-02  1.000000e-50  2.214651e-02  1.000000e-50  1.754685e-01  1.000000e-50  1.000000e-50  1.000000e-50  1.000000e-50  1.000000e-50  1.000000e-50  1.354344e-01  3.151618e-02  1.000000e-50  1.000000e-50  1.000000e-50  1.000000e-50  1.000000e-50  1.000000e-50  1.000000e-50  1.000000e-50  1.000000e-50  1.000000e-50  1.000000e-50  2.129472e-02  1.000000e-50  1.000000e-50  1.000000e-50  1.000000e-50  1.000000e-50  1.959114e-02  1.000000e-50  1.000000e-50 
4.951896e-03  1.202603e-02  1.000000e-50  1.697793e-03  1.000000e-50  1.000000e-50  1.414827e-04  1.000000e-50  1.000000e-50  1.000000e-50  2.461800e-02  5.800792e-03  2.758913e-02  1.000000e-50  1.000000e-50  1.000000e-50  4.102999e-03  1.000000e-50  1.000000e-50  9.196378e-03  2.688172e-03  5.659310e-04  4.272779e-02  1.000000e-50  1.935484e-01  5.942275e-03  3.140917e-02  1.000000e-50  1.000000e-50  1.000000e-50  1.000000e-50  1.000000e-50  1.000000e-50  1.000000e-50  1.004527e-02  1.046972e-02  2.122241e-03  1.000000e-50  1.000000e-50  1.000000e-50  1.080928e-01  1.000000e-50  1.881720e-02  1.392190e-01  3.442275e-01 
1.000000e-50  6.195547e-02  2.613746e-02  5.517909e-02  1.000000e-50  1.000000e-50  1.258470e-02  6.776379e-02  1.000000e-50  1.000000e-50  1.000000e-50  1.000000e-50  5.421104e-02  1.839303e-02  1.471442e-01  1.000000e-50  1.000000e-50  1.000000e-50  3.969022e-02  3.097773e-02  1.000000e-50  1.355276e-02  1.000000e-50  1.000000e-50  1.000000e-50  1.000000e-50  6.776379e-03  1.000000e-50  1.936108e-02  8.228461e-02  3.678606e-02  1.000000e-50  2.516941e-02  1.000000e-50  1.703775e-01  1.452081e-02  3.678606e-02  1.000000e-50  1.000000e-50  1.000000e-50  1.000000e-50  2.129719e-02  5.905131e-02  1.000000e-50  1.000000e-50 
1.000000e-50  1.000000e-50  1.000000e-50  1.000000e-50  1.000000e-50  1.000000e-50  1.000000e-50  1.000000e-50  1.000000e-50  1.000000e-50  1.000000e-50  1.000000e-50  1.000000e-50  1.000000e-50  1.000000e-50  1.000000e-50  1.000000e-50  1.000000e-50  1.000000e-50  1.000000e-50  1.000000e-50  1.000000e-50  1.000000e-50  1.000000e-50  3.995918e-02  1.000000e-50  3.849505e-01  1.000000e-50  1.000000e-50  1.000000e-50  1.000000e-50  1.000000e-50  1.000000e-50  1.000000e-50  1.000000e-50  1.000000e-50  4.317789e-04  1.000000e-50  1.000000e-50  1.000000e-50  4.878317e-01  1.000000e-50  1.000000e-50  8.506045e-02  1.766368e-03 
1.000000e-50  2.254697e-02  1.000000e-50  4.175365e-03  1.461378e-02  1.000000e-50  2.004175e-02  8.517745e-02  2.672234e-02  2.171190e-02  1.000000e-50  1.000000e-50  1.878914e-02  1.127349e-02  3.081420e-01  1.000000e-50  1.000000e-50  1.000000e-50  8.350731e-04  4.467641e-02  1.000000e-50  1.837161e-02  1.000000e-50  1.000000e-50  1.000000e-50  1.000000e-50  9.603340e-03  3.340292e-02  1.000000e-50  5.970772e-02  1.000000e-50  2.797495e-02  7.933194e-03  3.423800e-02  1.000000e-50  1.000000e-50  5.427975e-03  1.000000e-50  1.000000e-50  1.000000e-50  1.000000e-50  1.027140e-01  1.219207e-01  1.000000e-50  1.000000e-50 
1.704255e-01  1.046268e-02  1.232272e-02  2.557545e-03  1.000000e-50  1.000000e-50  2.278540e-02  1.006743e-01  1.000000e-50  2.859800e-02  1.000000e-50  1.000000e-50  5.812602e-03  1.000000e-50  2.185538e-02  1.000000e-50  1.000000e-50  1.000000e-50  1.000000e-50  1.000000e-50  1.000000e-50  1.000000e-50  1.000000e-50  1.000000e-50  1.000000e-50  1.000000e-50  1.000000e-50  2.790049e-03  7.602883e-02  1.000000e-50  1.000000e-50  1.000000e-50  1.000000e-50  4.366426e-01  1.953034e-02  1.000000e-50  7.905138e-03  1.000000e-50  1.000000e-50  7.602883e-02  1.000000e-50  1.000000e-50  5.580098e-03  1.000000e-50  1.000000e-50 
1.000000e-50  2.717391e-02  4.738016e-03  1.045151e-02  4.877369e-02  1.992754e-02  7.901338e-02  3.999443e-02  1.769788e-02  6.535674e-02  1.000000e-50  1.477146e-02  1.630435e-02  2.132107e-02  1.298774e-01  1.000000e-50  1.000000e-50  6.563545e-02  2.578038e-02  5.156076e-03  5.016722e-03  3.010033e-02  1.000000e-50  1.000000e-50  1.000000e-50  5.434783e-03  1.000000e-50  1.000000e-50  1.000000e-50  7.148829e-02  7.803790e-03  2.828874e-02  1.393534e-02  1.000000e-50  1.853400e-02  9.336678e-03  4.919175e-02  1.000000e-50  1.672241e-03  2.940357e-02  8.082497e-03  3.748606e-02  9.225195e-02  1.000000e-50  1.000000e-50 
2.655722e-03  3.380010e-03  1.000000e-50  1.000000e-50  1.000000e-50  1.000000e-50  1.545147e-02  2.197006e-02  1.931434e-03  1.000000e-50  1.000000e-50  3.621439e-03  7.484307e-03  1.183003e-02  1.979720e-02  1.000000e-50  1.000000e-50  7.725736e-03  1.231289e-02  1.000000e-50  9.415741e-03  1.335104e-01  1.000000e-50  1.000000e-50  1.000000e-50  2.414293e-03  1.000000e-50  1.000000e-50  1.000000e-50  1.569290e-02  1.209561e-01  1.000000e-50  1.014003e-01  1.000000e-50  5.311444e-03  1.000000e-50  2.800579e-02  1.000000e-50  1.593433e-02  6.518590e-03  1.000000e-50  4.454370e-01  7.242878e-03  1.000000e-50  1.000000e-50 
1.000000e-50  1.000000e-50  3.043868e-02  1.029543e-02  1.000000e-50  1.000000e-50  5.237243e-02  3.312444e-02  1.000000e-50  1.000000e-50  1.000000e-50  1.000000e-50  1.163832e-02  5.147717e-02  9.937332e-02  1.000000e-50  1.000000e-50  1.000000e-50  1.000000e-50  2.820054e-02  1.880036e-02  3.267681e-02  1.000000e-50  1.000000e-50  1.000000e-50  2.327663e-02  1.000000e-50  1.000000e-50  1.566697e-02  1.405551e-01  2.059087e-02  4.207699e-02  1.477171e-02  1.342883e-02  1.700985e-02  6.266786e-03  6.759176e-02  1.000000e-50  1.000000e-50  1.745748e-02  2.148612e-02  6.624888e-02  1.651746e-01  1.000000e-50  1.000000e-50 
6.191524e-03  1.252064e-02  5.503577e-04  4.127683e-03  1.829939e-02  6.604293e-03  4.292790e-02  2.655476e-02  9.493671e-03  1.417171e-02  2.889378e-03  1.664832e-02  9.906439e-03  1.444689e-02  7.127133e-02  9.452394e-02  1.000000e-50  1.000000e-50  8.530545e-03  3.990094e-03  7.154651e-03  1.009906e-01  1.000000e-50  1.000000e-50  1.000000e-50  1.000000e-50  1.000000e-50  1.000000e-50  1.000000e-50  1.871216e-02  3.508531e-02  1.141992e-02  4.650523e-02  1.000000e-50  1.169510e-02  1.000000e-50  6.053935e-03  2.105118e-02  6.246560e-02  1.000000e-50  1.000000e-50  2.721519e-01  4.306549e-02  1.000000e-50  1.000000e-50 
1.000000e-50  2.360802e-02  1.000000e-50  1.000000e-50  1.000000e-50  1.000000e-50  6.681514e-02  5.211581e-02  3.652561e-02  3.162584e-02  1.000000e-50  6.236080e-03  2.093541e-02  1.000000e-50  2.975501e-01  1.000000e-50  1.000000e-50  1.000000e-50  1.000000e-50  4.498886e-02  1.000000e-50  2.360802e-02  3.296214e-02  1.000000e-50  1.000000e-50  1.000000e-50  1.000000e-50  2.895323e-02  1.000000e-50  1.000000e-50  1.000000e-50  3.073497e-02  2.628062e-02  1.000000e-50  4.855234e-02  1.000000e-50  3.741648e-02  1.000000e-50  1.000000e-50  1.000000e-50  7.572383e-03  1.000000e-50  1.835189e-01  1.000000e-50  1.000000e-50 
1.521240e-02  4.850746e-02  1.000000e-50  5.625718e-02  1.000000e-50  1.000000e-50  4.764638e-02  5.855339e-02  1.000000e-50  7.089552e-02  1.000000e-50  1.000000e-50  2.985075e-02  1.119403e-02  1.412170e-01  1.000000e-50  1.000000e-50  4.305396e-03  1.044776e-01  1.000000e-50  1.000000e-50  1.000000e-50  4.247991e-02  1.000000e-50  1.000000e-50  1.000000e-50  1.000000e-50  1.000000e-50  9.184845e-03  7.893226e-02  9.184845e-03  1.000000e-50  1.636051e-02  1.000000e-50  1.334673e-01  1.000000e-50  4.850746e-02  1.000000e-50  1.000000e-50  1.000000e-50  1.000000e-50  1.000000e-50  7.376579e-02  1.000000e-50  1.000000e-50 
1.000000e-50  2.251656e-02  1.000000e-50  1.000000e-50  1.000000e-50  1.000000e-50  1.000000e-50  1.000000e-50  1.000000e-50  7.198675e-01  8.609272e-02  1.000000e-50  3.311258e-03  1.000000e-50  1.000000e-50  1.000000e-50  1.000000e-50  1.000000e-50  1.000000e-50  1.000000e-50  1.000000e-50  1.000000e-50  1.000000e-50  1.000000e-50  2.781457e-02  1.000000e-50  1.000000e-50  1.000000e-50  5.298013e-03  1.000000e-50  1.000000e-50  1.000000e-50  1.000000e-50  1.000000e-50  1.000000e-50  1.350993e-01  1.000000e-50  1.000000e-50  1.000000e-50  1.000000e-50  1.000000e-50  1.000000e-50  1.000000e-50  1.000000e-50  1.000000e-50 
1.000000e-50  2.614016e-02  1.000000e-50  1.028921e-02  1.446051e-02  3.142380e-02  5.005562e-02  1.696329e-02  1.000000e-50  5.367075e-02  1.000000e-50  1.473860e-02  1.334816e-02  1.612903e-02  7.981090e-02  1.000000e-50  1.000000e-50  4.421580e-02  2.308120e-02  4.727475e-03  4.727475e-03  4.449388e-02  5.283648e-03  1.000000e-50  1.000000e-50  8.898776e-03  6.674082e-03  1.000000e-50  3.587319e-02  6.090100e-02  2.474972e-02  5.895439e-02  5.339266e-02  1.000000e-50  2.586207e-02  1.000000e-50  4.004449e-02  1.000000e-50  4.449388e-03  9.176863e-02  4.449388e-03  5.867631e-02  7.174638e-02  1.000000e-50  1.000000e-50 
1.000000e-50  1.000000e-50  1.000000e-50  1.000000e-50  1.000000e-50  1.000000e-50  1.000000e-50  1.000000e-50  1.000000e-50  1.000000e-50  1.000000e-50  1.000000e-50  1.000000e-50  1.000000e-50  1.000000e-50  1.000000e-50  1.000000e-50  1.000000e-50  2.252252e-03  1.000000e-50  1.000000e-50  1.000000e-50  1.000000e-50  1.000000e-50  1.000000e-50  1.000000e-50  1.000000e-50  1.000000e-50  1.000000e-50  1.000000e-50  7.432432e-01  1.000000e-50  1.000000e-50  1.000000e-50  1.000000e-50  1.000000e-50  1.000000e-50  1.000000e-50  1.000000e-50  1.000000e-50  1.000000e-50  2.545045e-01  1.000000e-50  1.000000e-50  1.000000e-50 
1.000000e-50  1.000000e-50  2.042206e-03  8.849558e-03  1.000000e-50  2.552757e-02  9.972771e-02  1.000000e-50  1.000000e-50  1.000000e-50  1.000000e-50  2.280463e-02  1.000000e-50  1.463581e-02  2.791014e-02  2.825051e-02  1.000000e-50  2.552757e-02  1.000000e-50  4.084411e-03  2.178353e-02  2.280463e-02  1.000000e-50  1.837985e-02  1.000000e-50  3.744044e-03  1.000000e-50  1.000000e-50  1.000000e-50  1.701838e-02  4.424779e-03  1.000000e-50  3.185841e-01  1.000000e-50  1.000000e-50  1.000000e-50  7.998639e-02  4.628999e-02  1.041525e-01  5.275698e-02  1.000000e-50  2.076242e-02  2.995235e-02  1.000000e-50  1.000000e-50 
9.868421e-03  2.100202e-02  1.000000e-50  7.338057e-03  1.000000e-50  1.000000e-50  1.948381e-02  7.894737e-02  4.832996e-02  7.844130e-03  1.000000e-50  2.783401e-02  4.251012e-02  9.615385e-03  1.285425e-01  1.000000e-50  1.000000e-50  1.000000e-50  5.313765e-03  1.105769e-01  4.301619e-03  2.783401e-02  1.000000e-50  1.163968e-02  1.000000e-50  1.000000e-50  1.000000e-50  4.023279e-02  1.000000e-50  2.277328e-03  1.000000e-50  3.896761e-02  2.505061e-02  1.000000e-50  3.289474e-02  3.365385e-02  4.175101e-02  1.000000e-50  9.868421e-03  1.000000e-50  1.000000e-50  1.619433e-02  1.981275e-01  1.000000e-50  1.000000e-50 
1.000000e-50  1.000000e-50  1.000000e-50  1.000000e-50  1.000000e-50  1.000000e-50  1.000000e-50  1.000000e-50  1.000000e-50  1.000000e-50  4.803701e-03  1.000000e-50  1.008184e-03  1.000000e-50  1.000000e-50  1.000000e-50  1.000000e-50  1.000000e-50  1.000000e-50  1.000000e-50  1.000000e-50  1.000000e-50  1.000000e-50  1.000000e-50  1.636817e-02  1.000000e-50  7.373977e-01  1.000000e-50  1.000000e-50  1.000000e-50  1.000000e-50  1.000000e-50  1.000000e-50  1.000000e-50  1.000000e-50  1.286917e-02  1.000000e-50  1.000000e-50  1.000000e-50  1.000000e-50  6.161784e-02  1.000000e-50  1.000000e-50  1.619025e-01  4.032736e-03 
1.000000e-50  5.333490e-03  9.377564e-04  2.578830e-03  9.025906e-03  1.000000e-50  3.223538e-03  9.318954e-03  4.102684e-03  1.000000e-50  1.000000e-50  5.333490e-03  8.205369e-03  1.881374e-02  1.348025e-02  5.860978e-03  1.000000e-50  5.685148e-03  1.000000e-50  2.930489e-03  1.828625e-02  2.255304e-01  1.000000e-50  1.000000e-50  1.000000e-50  1.000000e-50  1.000000e-50  1.000000e-50  1.000000e-50  1.705544e-02  9.148986e-02  4.571563e-03  1.328684e-01  1.000000e-50  2.520220e-03  1.000000e-50  1.822764e-02  2.109952e-03  3.416950e-02  9.377564e-04  1.000000e-50  3.457391e-01  1.166335e-02  1.000000e-50  1.000000e-50 
1.000000e-50  2.979868e-02  2.541359e-02  7.275264e-03  4.195735e-02  1.000000e-50  5.760415e-02  7.364959e-02  2.122783e-02  3.019733e-02  1.000000e-50  8.770181e-03  1.524816e-02  3.866853e-02  1.152083e-01  1.000000e-50  1.000000e-50  1.065378e-01  1.375324e-02  8.461232e-02  1.000000e-50  4.255531e-02  2.391868e-03  1.000000e-50  1.000000e-50  1.146103e-02  1.000000e-50  4.155870e-02  1.000000e-50  5.610923e-02  1.126171e-02  1.634443e-02  2.401834e-02  1.000000e-50  6.378314e-03  5.381702e-03  1.455053e-02  1.000000e-50  1.000000e-50  3.488140e-03  1.000000e-50  4.165836e-02  5.292007e-02  1.000000e-50  1.000000e-50 
5.831363e-02  1.000000e-50  5.358550e-03  1.000000e-50  1.000000e-50  1.576044e-03  1.000000e-50  1.000000e-50  1.000000e-50  1.000000e-50  1.000000e-50  1.000000e-50  1.000000e-50  1.000000e-50  1.000000e-50  1.000000e-50  3.161545e-01  1.000000e-50  1.000000e-50  1.000000e-50  1.000000e-50  1.000000e-50  1.000000e-50  1.000000e-50  4.226950e-01  1.000000e-50  1.000000e-50  1.000000e-50  9.944838e-02  1.000000e-50  1.000000e-50  1.000000e-50  1.000000e-50  1.000000e-50  1.000000e-50  1.000000e-50  1.000000e-50  1.000000e-50  1.000000e-50  1.055950e-02  2.174941e-02  1.000000e-50  1.000000e-50  3.026005e-02  3.388495e-02 
1.000000e-50  1.433915e-02  1.153367e-02  1.745636e-02  1.000000e-50  1.000000e-50  5.642145e-02  7.481297e-03  1.000000e-50  1.402743e-02  1.091022e-02  1.000000e-50  7.138404e-02  7.793017e-03  9.133416e-02  1.000000e-50  7.793017e-03  1.000000e-50  1.589776e-02  6.265586e-02  1.000000e-50  1.000000e-50  2.867830e-02  2.618454e-02  1.000000e-50  1.000000e-50  1.153367e-02  5.049875e-02  7.169576e-03  1.932668e-02  1.000000e-50  1.402743e-02  3.428928e-03  1.000000e-50  9.102244e-02  4.239401e-02  7.418953e-02  1.000000e-50  1.000000e-50  1.000000e-50  1.000000e-50  6.857855e-03  8.416459e-02  1.000000e-50  1.514963e-01 


#DOUBLE_1x45_DISCRETE_HIDDEN_DOMINANT-EIGENVECTOR
8.697104e-03  1.368712e-02  4.796137e-03  5.026644e-03  1.027211e-02  6.648065e-03  3.182704e-02  2.553515e-02  8.807395e-03  3.492690e-02  1.613344e-02  9.218295e-03  1.170545e-02  1.243639e-02  6.715718e-02  4.040781e-03  1.058663e-02  2.386905e-02  9.684038e-03  1.663276e-02  4.469119e-03  6.202190e-02  6.450035e-03  5.233594e-03  3.159546e-02  4.545025e-03  1.122425e-01  1.077697e-02  1.910444e-02  3.239555e-02  1.849063e-02  1.003247e-02  3.252914e-02  1.023077e-02  1.550292e-02  6.717306e-03  1.605862e-02  1.922123e-03  1.302868e-02  1.742022e-02  7.475543e-02  7.584679e-02  4.404477e-02  2.833339e-02  1.456447e-02  

#DOUBLE_45x20_DISCRETE_AA_EMISSION
2.084392e-02  1.270971e-02  5.744789e-02  3.863752e-02  9.049314e-02  1.931876e-02  6.507372e-02  5.287239e-02  4.117946e-02  8.998475e-02  1.931876e-02  1.189629e-01  1.000000e-50  5.287239e-02  6.812405e-02  1.525165e-02  6.761566e-02  4.321301e-02  2.846975e-02  9.761057e-02 
6.428571e-02  1.103896e-02  1.327922e-01  5.941558e-02  3.506494e-02  3.896104e-02  2.207792e-02  1.558442e-02  4.610390e-02  6.201299e-02  1.883117e-02  1.120130e-01  1.876623e-01  3.116883e-02  4.448052e-02  5.032468e-02  1.980519e-02  1.850649e-02  1.103896e-02  1.883117e-02 
1.846722e-03  1.000000e-50  3.693444e-03  2.770083e-03  1.000000e-50  9.722992e-01  1.000000e-50  1.000000e-50  6.463527e-03  1.000000e-50  1.000000e-50  1.000000e-50  1.000000e-50  3.693444e-03  1.000000e-50  1.846722e-03  7.386888e-03  1.000000e-50  1.000000e-50  1.000000e-50 
7.243816e-02  2.650177e-02  1.298587e-01  6.625442e-02  2.561837e-02  8.833922e-02  3.710247e-02  1.325088e-02  6.713781e-02  5.123675e-02  1.325088e-02  1.386926e-01  1.000000e-50  5.212014e-02  5.388693e-02  6.713781e-02  2.385159e-02  2.738516e-02  1.590106e-02  3.003534e-02 
1.046512e-01  1.000000e-50  8.527132e-02  7.751938e-02  1.464255e-02  2.756245e-02  1.765719e-02  1.851852e-02  9.000861e-02  4.823428e-02  1.000000e-50  3.273040e-02  2.463394e-01  2.282515e-02  4.866494e-02  7.364341e-02  3.229974e-02  3.832903e-02  5.167959e-03  1.593454e-02 
7.834101e-02  4.476629e-02  1.303489e-01  1.000000e-50  1.000000e-50  1.165240e-01  4.147465e-02  3.357472e-02  7.636603e-02  9.348255e-02  5.924951e-03  8.953259e-02  1.000000e-50  3.752469e-02  5.595787e-02  1.092824e-01  5.924951e-02  1.000000e-50  1.000000e-50  2.764977e-02 
1.116858e-01  1.090299e-02  4.431088e-02  7.352530e-02  2.334358e-02  3.242941e-02  1.523623e-02  3.704221e-02  6.751468e-02  6.849315e-02  1.593514e-02  1.691361e-02  2.179200e-01  2.823595e-02  4.738608e-02  6.891250e-02  3.117137e-02  4.934302e-02  1.803187e-02  2.166620e-02 
3.864068e-02  2.622046e-02  9.211661e-02  6.934621e-02  3.467311e-02  1.569777e-02  2.587545e-02  3.312058e-02  1.017768e-01  7.055373e-02  1.535277e-02  4.485078e-02  1.000000e-50  4.761083e-02  6.675867e-02  8.314646e-02  1.471451e-01  4.554080e-02  1.173021e-02  2.984302e-02 
1.000000e-50  5.356241e-02  5.310763e-01  2.273876e-02  1.000000e-50  1.000000e-50  2.172815e-02  1.000000e-50  1.000000e-50  1.000000e-50  1.000000e-50  2.516422e-01  1.000000e-50  1.010611e-02  1.000000e-50  9.752400e-02  1.000000e-50  1.000000e-50  5.558363e-03  6.063669e-03 
8.225705e-02  6.896552e-03  5.918495e-02  1.021944e-01  2.959248e-02  3.824451e-02  1.843260e-02  4.225705e-02  5.053292e-02  6.683386e-02  2.106583e-02  2.695925e-02  1.821944e-01  3.611285e-02  4.112853e-02  5.655172e-02  3.623824e-02  5.141066e-02  2.106583e-02  3.084639e-02 
1.086245e-01  1.828603e-02  4.557860e-02  9.688865e-02  4.148472e-02  2.592795e-02  2.101528e-02  7.805677e-02  7.232533e-02  1.386463e-01  3.520742e-02  2.647380e-02  4.366812e-03  5.786026e-02  7.669214e-02  2.374454e-02  3.302402e-02  6.195415e-02  1.146288e-02  2.237991e-02 
4.737091e-02  1.942207e-02  6.205590e-02  9.474183e-03  6.158219e-03  5.277120e-01  4.263382e-03  1.000000e-50  1.800095e-02  3.079109e-02  1.610611e-02  2.321175e-02  4.121270e-02  1.326386e-02  3.884415e-02  7.816201e-02  3.505448e-02  9.000474e-03  4.263382e-03  1.563240e-02 
6.037736e-02  1.924528e-02  1.449057e-01  5.358491e-02  7.320755e-02  1.000000e-50  6.037736e-02  2.566038e-02  4.943396e-02  4.905660e-02  2.226415e-02  1.467925e-01  1.000000e-50  3.547170e-02  5.584906e-02  5.283019e-02  3.358491e-02  3.698113e-02  1.547170e-02  6.490566e-02 
6.324666e-03  1.300070e-02  1.549543e-01  1.370344e-02  1.000000e-50  8.222066e-02  2.600141e-02  1.000000e-50  1.967674e-02  1.000000e-50  1.000000e-50  9.768096e-02  1.000000e-50  8.081518e-03  1.000000e-50  2.814476e-01  2.933942e-01  1.000000e-50  1.000000e-50  3.513703e-03 
4.106264e-02  2.053132e-02  1.698918e-02  6.625123e-02  5.457527e-02  4.394884e-03  2.184323e-02  1.143326e-01  8.330600e-02  1.222040e-01  2.223680e-02  2.735323e-02  1.705477e-03  5.004920e-02  5.614956e-02  2.853395e-02  6.690718e-02  1.399147e-01  1.626763e-02  4.539193e-02 
5.468750e-02  1.000000e-50  4.910714e-02  2.678571e-02  2.008929e-02  3.906250e-02  1.674107e-02  1.272321e-01  2.566964e-02  1.194196e-01  2.008929e-02  3.348214e-02  2.120536e-02  1.562500e-02  5.133929e-02  5.915179e-02  1.026786e-01  1.852679e-01  1.562500e-02  1.674107e-02 
1.520270e-01  2.195946e-02  3.082770e-02  7.052365e-02  2.195946e-02  3.420608e-02  1.858108e-02  1.013514e-02  8.277027e-02  1.706081e-01  3.927365e-02  5.743243e-02  1.000000e-50  5.109797e-02  7.052365e-02  8.150338e-02  3.631757e-02  2.027027e-02  7.179054e-03  2.280405e-02 
3.786765e-02  1.000000e-50  8.455882e-03  2.647059e-02  1.000000e-50  3.492647e-03  1.000000e-50  1.000000e-50  3.014706e-02  1.000000e-50  1.000000e-50  5.330882e-03  8.656250e-01  1.000000e-50  1.433824e-02  8.272059e-03  1.000000e-50  1.000000e-50  1.000000e-50  1.000000e-50 
7.728558e-02  2.214892e-02  6.409048e-02  9.425071e-02  2.403393e-02  7.445806e-02  2.686145e-02  3.345900e-02  7.163054e-02  6.220547e-02  1.885014e-02  3.393025e-02  1.196984e-01  3.722903e-02  5.749293e-02  7.351555e-02  4.853911e-02  2.356268e-02  1.743638e-02  1.932139e-02 
1.340123e-03  1.608148e-03  2.412222e-03  1.876173e-03  6.700616e-03  9.678370e-01  3.484321e-03  1.000000e-50  1.000000e-50  1.000000e-50  1.876173e-03  9.112838e-03  1.000000e-50  1.000000e-50  1.000000e-50  1.000000e-50  3.752345e-03  1.000000e-50  1.000000e-50  1.000000e-50 
5.014749e-02  1.769912e-02  1.514258e-01  5.309735e-02  1.966568e-02  9.832842e-02  3.834808e-02  1.000000e-50  5.604720e-02  1.966568e-02  1.081613e-02  2.959685e-01  1.000000e-50  5.801377e-02  4.719764e-02  5.998033e-02  4.916421e-03  1.000000e-50  1.000000e-50  1.868240e-02 
2.943247e-02  1.105478e-02  1.366005e-02  3.936065e-02  4.964090e-02  7.041262e-03  1.901141e-02  1.827207e-01  3.921983e-02  1.518096e-01  1.739192e-02  1.922264e-02  1.000000e-50  2.034925e-02  3.731869e-02  1.718068e-02  6.710322e-02  2.225039e-01  1.323757e-02  4.274046e-02 
9.166092e-02  1.654032e-02  5.582357e-02  8.545830e-02  6.960717e-02  9.028256e-02  1.000000e-50  1.240524e-01  4.617505e-02  1.000000e-50  1.000000e-50  1.171606e-02  4.135079e-03  6.409373e-02  5.858029e-02  4.410751e-02  5.237767e-02  1.288766e-01  1.378360e-02  4.272915e-02 
8.673469e-02  1.000000e-50  8.588435e-02  1.573129e-01  2.040816e-02  3.316327e-02  2.125850e-02  4.761905e-02  1.215986e-01  8.078231e-02  2.125850e-02  3.401361e-02  1.000000e-50  3.146259e-02  4.676871e-02  3.996599e-02  5.697279e-02  8.248299e-02  1.000000e-50  3.231293e-02 
9.087079e-02  1.165730e-02  5.674157e-02  1.146067e-01  3.412921e-02  2.570225e-02  2.078652e-02  4.002809e-02  8.918539e-02  1.172753e-01  2.654494e-02  4.578652e-02  1.123596e-03  5.407303e-02  7.345506e-02  5.337079e-02  4.550562e-02  5.407303e-02  1.446629e-02  3.061798e-02 
6.159769e-02  8.662175e-03  7.122233e-02  6.448508e-02  2.502406e-02  3.147257e-01  4.042348e-02  1.828681e-02  5.774783e-02  6.641001e-02  9.624639e-03  9.624639e-02  1.924928e-03  1.000000e-50  4.234841e-02  4.523580e-02  2.598653e-02  1.347449e-02  1.058710e-02  2.598653e-02 
1.543297e-01  1.241553e-02  5.249096e-02  9.594531e-02  2.793494e-02  3.818953e-02  1.548012e-02  4.757976e-02  7.154644e-02  1.270627e-01  2.974226e-02  3.422128e-02  2.750275e-04  5.339463e-02  6.938551e-02  4.046833e-02  3.308188e-02  5.791293e-02  1.418356e-02  2.435958e-02 
3.974895e-02  1.171548e-02  1.100418e-01  5.020921e-02  2.803347e-02  1.481172e-01  3.347280e-02  1.000000e-50  1.133891e-01  2.384937e-02  2.133891e-02  2.246862e-01  1.000000e-50  4.895397e-02  6.443515e-02  4.142259e-02  2.928870e-03  1.000000e-50  1.338912e-02  2.426778e-02 
1.105434e-01  1.184394e-02  8.546215e-02  1.098467e-01  2.252671e-02  5.016256e-02  3.135160e-02  1.950766e-02  7.176033e-02  5.202044e-02  1.648862e-02  4.667905e-02  6.107757e-02  4.389224e-02  4.853693e-02  1.261031e-01  4.180214e-02  1.625639e-02  1.300511e-02  2.113330e-02 
7.581771e-02  2.299165e-02  5.871083e-02  5.241549e-02  4.817298e-02  5.706856e-02  4.297249e-02  1.491720e-02  4.789927e-02  1.628575e-02  1.587519e-02  5.884768e-02  1.000000e-50  3.790885e-02  5.542630e-02  1.590256e-01  1.348022e-01  4.064596e-02  1.436978e-02  4.584645e-02 
1.718901e-01  2.242044e-02  4.604629e-02  4.532305e-02  8.293153e-02  2.063645e-01  3.519769e-02  1.000000e-50  3.254581e-02  2.025072e-02  1.952748e-02  2.675988e-02  1.000000e-50  2.386692e-02  4.001929e-02  1.162006e-01  3.085824e-02  1.000000e-50  2.290260e-02  5.689489e-02 
4.237288e-02  2.140946e-02  1.431757e-01  3.256021e-02  4.103479e-02  6.155219e-02  3.434434e-02  1.561106e-02  4.415700e-02  4.192685e-02  2.319358e-02  1.574487e-01  1.000000e-50  3.300624e-02  5.798394e-02  7.091882e-02  1.101695e-01  3.300624e-02  7.582516e-03  2.854594e-02 
6.681122e-02  2.507115e-02  4.851606e-02  5.339477e-02  4.580566e-02  3.523513e-02  1.965036e-02  5.081989e-02  6.599810e-02  1.099065e-01  2.005692e-02  3.049194e-02  1.250847e-01  3.130505e-02  5.312373e-02  4.688982e-02  3.645480e-02  6.992817e-02  2.751050e-02  3.794552e-02 
8.594094e-02  1.630674e-02  6.875275e-02  8.902600e-02  4.936095e-02  2.556192e-02  2.203614e-02  1.322168e-02  9.387395e-02  1.568973e-01  1.939180e-02  2.468048e-02  1.000000e-50  9.299251e-02  5.641252e-02  7.227854e-02  4.892023e-02  7.933010e-03  1.101807e-02  4.539445e-02 
7.010135e-02  2.308559e-02  4.476351e-02  6.418919e-02  4.504505e-02  8.417793e-02  3.040541e-02  5.574324e-02  6.334459e-02  9.938063e-02  1.717342e-02  4.222973e-02  8.164414e-03  3.125000e-02  3.913288e-02  6.587838e-02  6.559685e-02  8.361486e-02  1.886261e-02  4.786036e-02 
1.083551e-01  1.000000e-50  1.958225e-03  7.637076e-02  1.000000e-50  3.655352e-02  3.851175e-02  7.180157e-02  8.550914e-02  2.552219e-01  1.000000e-50  1.370757e-02  2.741514e-02  1.000000e-50  3.851175e-02  4.177546e-02  4.177546e-02  7.049608e-02  3.328982e-02  5.874674e-02 
1.651073e-02  2.751789e-03  2.091359e-02  8.805724e-03  6.604293e-03  8.514034e-01  4.402862e-03  2.476610e-03  1.348376e-02  6.053935e-03  2.476610e-03  1.100715e-02  1.100715e-03  7.429829e-03  9.080903e-03  2.283985e-02  5.228398e-03  1.926252e-03  1.375894e-03  4.127683e-03 
7.865169e-02  2.696629e-02  5.617978e-02  8.314607e-02  3.820225e-02  1.000000e-50  3.146067e-02  5.168539e-02  1.213483e-01  2.179775e-01  2.471910e-02  2.471910e-02  1.000000e-50  5.393258e-02  3.146067e-02  4.719101e-02  1.000000e-50  9.213483e-02  1.000000e-50  2.022472e-02 
4.701874e-02  2.998296e-02  1.315162e-01  3.986371e-02  5.178876e-02  7.495741e-03  3.304940e-02  1.097104e-01  3.509370e-02  1.086882e-01  2.146508e-02  8.551959e-02  1.362862e-03  3.100511e-02  3.304940e-02  3.475298e-02  2.078365e-02  1.250426e-01  1.124361e-02  4.156729e-02 
5.042649e-02  7.024586e-03  2.240341e-01  6.899147e-02  2.508781e-02  6.798796e-02  3.261415e-02  7.275464e-03  3.035625e-02  4.917210e-02  1.530356e-02  1.214250e-01  1.781234e-02  2.634220e-02  3.211239e-02  1.083793e-01  6.748620e-02  8.780733e-03  1.731059e-02  2.207727e-02 
9.236686e-02  1.224852e-02  3.982249e-02  8.224852e-02  6.005917e-02  2.579882e-02  2.568047e-02  9.520710e-02  5.988166e-02  1.178107e-01  2.840237e-02  2.201183e-02  1.000000e-50  4.615385e-02  5.035503e-02  3.414201e-02  5.088757e-02  9.165680e-02  1.585799e-02  4.940828e-02 
7.008165e-02  2.837338e-02  1.321741e-02  4.793515e-02  7.143277e-02  2.255772e-02  2.461376e-02  7.196146e-02  5.275216e-02  6.867180e-02  2.414381e-02  1.697703e-02  1.000000e-50  3.783117e-02  5.986019e-02  6.737943e-02  1.003936e-01  1.312342e-01  2.009047e-02  7.049286e-02 
1.534570e-01  2.142645e-02  6.923916e-02  7.251265e-02  4.215852e-02  3.204047e-02  2.717984e-02  3.045333e-02  5.743478e-02  1.014780e-01  2.916377e-02  3.005654e-02  1.000000e-50  3.997619e-02  5.535165e-02  9.086400e-02  5.019343e-02  4.453923e-02  1.646662e-02  3.600833e-02 
1.648438e-01  1.156250e-02  5.015625e-02  9.125000e-02  2.078125e-02  2.656250e-02  1.250000e-02  3.750000e-02  9.203125e-02  1.334375e-01  3.171875e-02  4.093750e-02  1.000000e-50  5.859375e-02  7.906250e-02  6.328125e-02  2.203125e-02  3.218750e-02  9.218750e-03  2.234375e-02 
4.891470e-02  2.415164e-02  2.996026e-02  5.900336e-02  7.887496e-02  1.773158e-02  4.371752e-02  5.961480e-02  6.175482e-02  1.259554e-01  3.087741e-02  5.625191e-02  1.000000e-50  3.515744e-02  4.646897e-02  4.983186e-02  9.079792e-02  6.297768e-02  1.222868e-02  6.572913e-02 


#DOUBLE_45x3_DISCRETE_SS_EMISSION
1.000000e-50  1.000000e-50  1.000000e+00 
5.517689e-03  1.000000e-50  9.944823e-01 
3.666361e-03  1.000000e-50  9.963336e-01 
8.000000e-03  2.577778e-02  9.662222e-01 
1.000000e-50  1.000000e-50  1.000000e+00 
6.447453e-03  1.000000e-50  9.935525e-01 
1.000000e-50  3.766741e-03  9.962333e-01 
1.000000e-50  1.000000e-50  1.000000e+00 
1.000000e-50  5.047956e-03  9.949520e-01 
1.000000e+00  1.000000e-50  1.000000e-50 
1.000000e+00  1.000000e-50  1.000000e-50 
1.000000e-50  4.196471e-02  9.580353e-01 
3.012048e-03  2.070783e-02  9.762801e-01 
1.000000e-50  5.635787e-02  9.436421e-01 
1.000000e-50  1.000000e-50  1.000000e+00 
1.000000e-50  1.000000e+00  1.000000e-50 
2.544007e-01  1.000000e-50  7.455993e-01 
1.000000e-50  1.000000e-50  1.000000e+00 
1.000000e-50  1.924883e-02  9.807512e-01 
1.000000e-50  6.693440e-03  9.933066e-01 
1.000000e-50  1.357780e-01  8.642220e-01 
1.000000e-50  1.000000e+00  1.000000e-50 
9.986385e-01  1.000000e-50  1.361470e-03 
5.912162e-03  1.000000e-50  9.940878e-01 
1.000000e+00  1.000000e-50  1.000000e-50 
8.620690e-03  6.704981e-03  9.846743e-01 
1.000000e+00  1.000000e-50  1.000000e-50 
1.000000e-50  1.000000e-50  1.000000e+00 
1.000000e-50  1.000000e-50  1.000000e+00 
1.000000e-50  1.000000e-50  1.000000e+00 
1.000000e-50  1.000000e+00  1.000000e-50 
1.000000e-50  1.994681e-02  9.800532e-01 
1.000000e-50  9.986446e-01  1.355381e-03 
1.000000e-50  1.000000e-50  1.000000e+00 
1.137980e-02  1.000000e-50  9.886202e-01 
1.000000e+00  1.000000e-50  1.000000e-50 
2.320442e-02  1.500000e-01  8.267956e-01 
1.000000e-50  1.000000e+00  1.000000e-50 
6.842285e-04  9.958946e-01  3.421143e-03 
1.000000e-50  9.764647e-03  9.902354e-01 
1.000000e+00  1.000000e-50  1.000000e-50 
1.000000e-50  1.000000e+00  1.000000e-50 
3.967467e-04  1.000000e-50  9.996033e-01 
1.000000e+00  1.000000e-50  1.000000e-50 
9.975362e-01  1.000000e-50  2.463813e-03 


#DOUBLE_45x2_DISCRETE_CIS_EMISSION
1.000000e+00  1.000000e-50 
9.678457e-01  3.215434e-02 
1.000000e+00  1.000000e-50 
1.000000e+00  1.000000e-50 
9.675184e-01  3.248159e-02 
1.000000e+00  1.000000e-50 
1.000000e+00  1.000000e-50 
1.000000e+00  1.000000e-50 
1.000000e+00  1.000000e-50 
1.000000e+00  1.000000e-50 
1.000000e+00  1.000000e-50 
1.000000e+00  1.000000e-50 
1.000000e+00  1.000000e-50 
1.000000e+00  1.000000e-50 
1.000000e+00  1.000000e-50 
9.977852e-01  2.214839e-03 
1.000000e+00  1.000000e-50 
9.460703e-01  5.392969e-02 
1.000000e+00  1.000000e-50 
1.000000e+00  1.000000e-50 
1.000000e+00  1.000000e-50 
1.000000e+00  1.000000e-50 
1.000000e+00  1.000000e-50 
1.000000e+00  1.000000e-50 
1.000000e+00  1.000000e-50 
9.942803e-01  5.719733e-03 
1.000000e+00  1.000000e-50 
1.000000e+00  1.000000e-50 
1.000000e+00  1.000000e-50 
9.976782e-01  2.321770e-03 
1.000000e+00  1.000000e-50 
9.959803e-01  4.019652e-03 
9.979633e-01  2.036660e-03 
1.000000e+00  1.000000e-50 
9.980114e-01  1.988636e-03 
1.000000e+00  1.000000e-50 
1.000000e+00  1.000000e-50 
1.000000e+00  1.000000e-50 
1.000000e+00  1.000000e-50 
1.000000e+00  1.000000e-50 
1.000000e+00  1.000000e-50 
1.000000e+00  1.000000e-50 
1.000000e+00  1.000000e-50 
1.000000e+00  1.000000e-50 
1.000000e+00  1.000000e-50 


#DOUBLE_45x3_TORUS_TORUS_KAPPA
4.169606e+01  3.768113e+01  8.510624e+00 
2.906486e+01  2.130420e+00  -2.406332e+00 
1.057888e+01  7.768884e+00  9.538846e-01 
1.877614e+01  6.731030e+00  7.582900e-01 
7.698297e+01  4.403598e+01  2.136693e+01 
2.085491e+00  2.273476e+00  -1.144533e+00 
1.298513e+02  8.401723e+01  3.957799e+01 
1.779276e+01  1.872124e+01  5.427476e+00 
3.931202e+00  1.503007e+01  -6.791725e+00 
1.481309e+02  1.055854e+02  4.616028e+01 
2.968916e+01  2.311364e+01  1.363371e+00 
1.777188e+01  1.642020e+01  5.238286e+00 
1.404164e+01  8.528024e+00  1.038463e-01 
2.131291e+01  3.808758e+01  8.811766e+00 
7.917453e+00  9.714869e+00  7.229893e-01 
1.306928e+01  8.630055e+00  1.698169e+00 
7.723510e+01  6.975152e+01  2.567466e+01 
6.383233e+01  4.234891e+01  1.772976e+01 
1.139372e+01  8.018890e+00  1.940463e+00 
5.991128e+01  4.145677e+01  1.820509e+01 
1.550303e+02  8.841353e+01  4.275113e+01 
2.234990e+01  3.443256e+01  1.723094e+00 
3.456896e+01  4.912780e+01  1.187374e+01 
1.013737e+01  1.615692e+01  -1.289387e+00 
4.303131e+01  2.525244e+01  2.589575e+00 
1.782712e+01  4.135135e+00  1.347262e+00 
4.702695e+02  4.072097e+02  1.706588e+02 
1.598884e+02  7.640388e+01  4.300348e+01 
1.925235e+02  1.217472e+02  5.736147e+01 
1.270728e+01  1.158492e+01  8.962530e-01 
2.978137e+01  1.976712e+01  6.604450e+00 
2.101736e+01  2.129164e+01  4.950650e+00 
1.969788e+01  1.633641e+01  5.377757e-01 
9.485755e+01  1.151418e+02  4.275934e+01 
3.783124e+00  3.075942e+00  -2.249254e-01 
5.368182e+01  5.926063e+01  8.819037e+00 
5.299455e+00  6.102690e+00  1.563045e+00 
2.977242e+01  3.674395e+01  7.555506e+00 
6.705578e+00  1.625176e+01  -2.780602e+00 
7.823782e+01  6.696042e+01  2.792984e+01 
3.632632e+02  3.371748e+02  1.290339e+02 
1.828124e+01  1.496562e+01  1.028902e+00 
5.275647e+01  4.122509e+01  1.445089e+01 
2.226214e+02  1.373919e+02  6.151692e+01 
1.700625e+01  1.931050e+01  5.096879e+00 


#DOUBLE_45x2_TORUS_TORUS_MU
-1.891298e+00  2.822240e-01 
-1.450913e+00  1.309177e+00 
1.835535e+00  -1.603968e-01 
9.464223e-01  9.798228e-01 
-1.253161e+00  -4.888004e-01 
-1.931554e+00  1.441256e+00 
-1.023959e+00  -5.205284e-01 
-1.716650e+00  -3.199049e-01 
-1.504174e+00  2.026065e+00 
-1.019448e+00  -6.493778e-01 
-1.045689e+00  -7.967310e-01 
-1.549414e+00  -3.046817e+00 
-2.327887e+00  1.419398e+00 
-1.504256e+00  2.921565e+00 
-1.754799e+00  2.397589e+00 
-1.783320e+00  -4.697063e-01 
-1.509265e+00  -2.548490e-02 
-1.132010e+00  2.577086e+00 
-1.182430e+00  -6.694721e-01 
1.458019e+00  1.143898e-01 
9.302890e-01  7.455993e-01 
-1.958720e+00  2.205037e+00 
-1.053130e+00  -8.963912e-01 
-1.309764e+00  -6.993955e-01 
-1.305957e+00  -6.008348e-01 
1.236790e+00  1.268273e-01 
-1.090959e+00  -7.105208e-01 
1.035969e+00  5.880366e-01 
-1.159166e+00  -2.881736e-01 
-2.541244e+00  2.771700e+00 
-2.758521e+00  2.800433e+00 
-2.053591e+00  3.550307e-01 
-1.402699e+00  2.384783e+00 
-1.550457e+00  -1.456223e-01 
-1.885564e+00  -6.808326e-01 
-9.567742e-01  -8.673151e-01 
1.688840e+00  -2.896649e+00 
-1.454798e+00  -6.421165e-01 
-1.865807e+00  1.826944e+00 
-1.547993e+00  1.217579e-02 
-1.135915e+00  -7.834796e-01 
-2.281972e+00  2.540221e+00 
-1.153819e+00  2.474597e+00 
-1.096064e+00  -5.524562e-01 
-1.654774e+00  -3.821123e-01 


