#DOUBLE_1x55_DISCRETE_HIDDEN_START
1.000000e-50  8.977901e-03  1.000000e-50  1.000000e-50  1.000000e-50  1.000000e-50  1.519337e-02  1.000000e-50  3.176796e-02  2.762431e-02  1.000000e-50  4.143646e-03  1.000000e-50  7.251381e-02  1.084254e-01  8.839779e-02  1.726519e-02  1.000000e-50  1.000000e-50  1.000000e-50  1.000000e-50  1.332873e-01  1.000000e-50  5.524862e-03  1.000000e-50  1.000000e-50  1.000000e-50  1.000000e-50  1.000000e-50  1.000000e-50  7.251381e-02  1.000000e-50  1.146409e-01  1.000000e-50  9.668508e-03  1.104972e-02  1.519337e-02  2.209945e-02  1.000000e-50  1.000000e-50  6.008287e-02  2.209945e-02  1.000000e-50  1.000000e-50  1.000000e-50  2.140884e-02  1.104972e-02  1.000000e-50  4.765193e-02  1.000000e-50  1.000000e-50  1.312155e-02  1.000000e-50  1.104972e-02  5.524862e-02  

#DOUBLE_55x55_DISCRETE_HIDDEN_TRANSITION
1.000000e-50  4.732376e-03  1.501305e-02  1.000000e-50  1.000000e-50  1.000000e-50  1.000000e-50  1.000000e-50  3.263708e-04  1.000000e-50  1.000000e-50  1.000000e-50  1.000000e-50  1.000000e-50  1.000000e-50  1.000000e-50  1.000000e-50  1.000000e-50  1.000000e-50  1.000000e-50  1.000000e-50  1.000000e-50  3.671671e-02  1.000000e-50  1.000000e-50  1.000000e-50  2.488577e-01  1.000000e-50  1.000000e-50  1.000000e-50  4.242820e-03  1.000000e-50  1.000000e-50  1.000000e-50  1.000000e-50  1.000000e-50  1.795039e-03  1.000000e-50  1.000000e-50  1.000000e-50  2.645235e-01  1.000000e-50  1.000000e-50  1.000000e-50  1.000000e-50  1.000000e-50  1.000000e-50  2.841057e-01  1.000000e-50  1.000000e-50  1.000000e-50  1.396867e-01  1.000000e-50  1.000000e-50  1.000000e-50 
1.000000e-50  1.000000e-50  1.000000e-50  1.000000e-50  1.211306e-02  1.000000e-50  1.000000e-50  1.000000e-50  1.000000e-50  2.960969e-02  1.000000e-50  1.000000e-50  1.000000e-50  1.440108e-01  4.306864e-02  1.453567e-01  1.000000e-50  1.000000e-50  1.000000e-50  1.000000e-50  1.000000e-50  1.000000e-50  1.144011e-02  1.000000e-50  1.000000e-50  1.000000e-50  4.037685e-02  1.000000e-50  1.000000e-50  1.000000e-50  1.238223e-01  1.000000e-50  6.729475e-03  1.000000e-50  1.000000e-50  1.749664e-02  2.018843e-02  4.576043e-02  1.000000e-50  1.000000e-50  1.000000e-50  2.086137e-02  1.076716e-02  1.000000e-50  1.000000e-50  8.882907e-02  1.000000e-50  1.009421e-02  2.691790e-02  2.557201e-02  1.000000e-50  1.000000e-50  1.000000e-50  1.000000e-50  1.769852e-01 
1.000000e-50  1.000000e-50  1.000000e-50  1.000000e-50  1.000000e-50  1.000000e-50  1.000000e-50  1.000000e-50  1.000000e-50  1.000000e-50  1.000000e-50  1.000000e-50  1.000000e-50  1.000000e-50  1.000000e-50  1.000000e-50  1.000000e-50  1.000000e-50  1.000000e-50  1.000000e-50  1.000000e-50  1.000000e-50  1.000000e-50  1.000000e-50  1.000000e-50  1.000000e-50  1.633466e-01  1.000000e-50  1.000000e-50  1.000000e-50  1.000000e-50  1.000000e-50  1.000000e-50  1.000000e-50  1.000000e-50  1.195219e-02  1.000000e-50  1.000000e-50  1.000000e-50  1.000000e-50  1.000000e-50  1.000000e-50  1.000000e-50  1.000000e-50  1.000000e-50  1.000000e-50  1.000000e-50  1.000000e-50  1.000000e-50  1.000000e-50  1.000000e-50  8.247012e-01  1.000000e-50  1.000000e-50  1.000000e-50 
1.000000e-50  1.000000e-50  1.000000e-50  2.665350e-02  1.000000e-50  1.000000e-50  1.000000e-50  1.000000e-50  1.000000e-50  1.875617e-02  1.382034e-02  1.000000e-50  1.000000e-50  4.639684e-02  6.614018e-02  1.786772e-01  1.085884e-02  1.000000e-50  2.073050e-02  5.923001e-03  2.764067e-02  2.132280e-01  1.000000e-50  1.000000e-50  1.000000e-50  1.000000e-50  3.455084e-02  1.000000e-50  1.000000e-50  1.000000e-50  1.036525e-01  1.000000e-50  6.910168e-03  1.000000e-50  5.133268e-02  1.000000e-50  1.000000e-50  6.416584e-02  1.000000e-50  1.000000e-50  1.000000e-50  2.073050e-02  1.000000e-50  1.000000e-50  1.000000e-50  1.000000e-50  1.000000e-50  1.000000e-50  1.000000e-50  1.000000e-50  1.000000e-50  1.000000e-50  1.000000e-50  1.000000e-50  8.983218e-02 
1.000000e-50  1.000000e-50  1.000000e-50  1.862197e-02  2.358783e-02  1.000000e-50  6.828057e-03  1.800124e-02  1.000000e-50  5.586592e-03  1.000000e-50  1.000000e-50  1.000000e-50  1.000000e-50  6.207325e-03  2.172564e-02  9.931719e-03  3.910615e-02  6.207325e-03  1.000000e-50  8.131595e-02  8.131595e-02  3.724395e-03  4.531347e-02  1.000000e-50  1.000000e-50  1.179392e-02  1.000000e-50  1.000000e-50  3.538175e-02  1.000000e-50  1.000000e-50  1.000000e-50  1.000000e-50  6.579764e-02  3.289882e-02  1.000000e-50  1.000000e-50  1.000000e-50  1.000000e-50  9.621353e-02  1.365611e-02  1.000000e-50  1.000000e-50  1.000000e-50  9.000621e-02  1.241465e-02  1.000000e-50  4.841713e-02  6.579764e-02  7.324643e-02  1.000000e-50  1.000000e-50  1.675978e-02  7.014277e-02 
1.000000e-50  1.000000e-50  1.000000e-50  3.150912e-02  1.000000e-50  1.000000e-50  1.000000e-50  1.000000e-50  1.000000e-50  1.326700e-02  1.000000e-50  1.000000e-50  1.000000e-50  1.000000e-50  1.359867e-01  1.000000e-50  1.000000e-50  1.000000e-50  1.000000e-50  5.024876e-01  6.799337e-02  1.000000e-50  1.000000e-50  1.000000e-50  9.950249e-02  1.000000e-50  1.658375e-03  1.000000e-50  4.975124e-03  9.950249e-03  1.000000e-50  1.326700e-02  2.985075e-02  1.000000e-50  1.000000e-50  1.000000e-50  1.000000e-50  1.000000e-50  1.000000e-50  1.000000e-50  1.000000e-50  1.000000e-50  1.326700e-02  1.000000e-50  1.000000e-50  2.985075e-02  1.000000e-50  1.000000e-50  1.000000e-50  1.000000e-50  1.000000e-50  1.000000e-50  1.000000e-50  1.000000e-50  4.643449e-02 
1.383586e-01  1.000000e-50  1.000000e-50  1.000000e-50  1.000000e-50  1.000000e-50  3.660467e-01  1.000000e-50  1.000000e-50  1.000000e-50  1.000000e-50  1.000000e-50  1.000000e-50  1.000000e-50  1.000000e-50  1.000000e-50  1.000000e-50  1.000000e-50  1.000000e-50  1.000000e-50  1.000000e-50  1.000000e-50  1.000000e-50  1.000000e-50  1.000000e-50  1.000000e-50  4.635340e-01  1.000000e-50  1.000000e-50  1.000000e-50  1.000000e-50  1.000000e-50  1.000000e-50  1.000000e-50  1.000000e-50  1.000000e-50  1.000000e-50  1.000000e-50  3.206070e-02  1.000000e-50  1.000000e-50  1.000000e-50  1.000000e-50  1.000000e-50  1.000000e-50  1.000000e-50  1.000000e-50  1.000000e-50  1.000000e-50  1.000000e-50  1.000000e-50  1.000000e-50  1.000000e-50  1.000000e-50  1.000000e-50 
1.000000e-50  1.000000e-50  1.000000e-50  1.080865e-02  2.001601e-03  1.000000e-50  1.000000e-50  8.006405e-04  1.000000e-50  1.000000e-50  6.004804e-03  1.000000e-50  1.000000e-50  1.008807e-01  3.442754e-02  1.000000e-50  1.961569e-02  1.000000e-50  1.000000e-50  6.325060e-02  8.366693e-02  3.923139e-02  1.000000e-50  5.924740e-02  1.000000e-50  1.000000e-50  1.000000e-50  1.000000e-50  1.000000e-50  1.000000e-50  1.000000e-50  1.000000e-50  1.000000e-50  1.000000e-50  3.883106e-02  3.642914e-02  1.000000e-50  1.281025e-02  1.000000e-50  1.000000e-50  2.522018e-02  5.524420e-02  1.000000e-50  3.202562e-02  1.000000e-50  5.884708e-02  2.842274e-02  1.000000e-50  7.005604e-02  1.000000e-50  2.001601e-02  1.000000e-50  1.000000e-50  1.000000e-50  2.021617e-01 
1.000000e-50  3.568394e-02  1.000000e-50  6.711980e-02  1.000000e-50  1.000000e-50  1.000000e-50  1.000000e-50  8.836024e-02  5.267630e-02  1.000000e-50  1.274427e-02  1.000000e-50  1.274427e-02  3.058624e-02  1.614274e-01  6.796941e-03  5.947324e-03  2.633815e-02  1.000000e-50  2.463891e-02  7.136788e-02  1.000000e-50  1.000000e-50  2.378929e-02  1.000000e-50  1.000000e-50  1.000000e-50  1.000000e-50  1.000000e-50  1.869159e-01  1.000000e-50  7.391674e-02  1.000000e-50  1.000000e-50  1.699235e-02  1.000000e-50  5.947324e-03  1.000000e-50  1.000000e-50  3.568394e-02  1.359388e-02  1.000000e-50  1.000000e-50  1.000000e-50  1.000000e-50  9.345794e-03  1.000000e-50  1.784197e-02  1.000000e-50  1.954121e-02  1.000000e-50  1.000000e-50  1.000000e-50  1.000000e-50 
1.000000e-50  3.487895e-03  1.000000e-50  3.898236e-03  3.508412e-02  1.000000e-50  1.000000e-50  1.292573e-02  1.025851e-03  2.667214e-03  1.270004e-01  3.898236e-03  1.000000e-50  1.846533e-02  1.000000e-50  4.041855e-02  2.020927e-01  1.000000e-50  1.000000e-50  1.000000e-50  8.822323e-03  1.456709e-02  1.000000e-50  1.000000e-50  8.206812e-04  1.000000e-50  1.000000e-50  1.000000e-50  1.000000e-50  5.129257e-03  2.113254e-02  1.000000e-50  1.000000e-50  1.000000e-50  4.103406e-03  9.437833e-03  7.796471e-03  1.784982e-02  1.000000e-50  1.000000e-50  9.643004e-03  4.924087e-03  1.000000e-50  9.643004e-03  1.000000e-50  3.282725e-03  1.189988e-02  1.000000e-50  2.010669e-02  1.376693e-01  4.041855e-02  8.206812e-03  2.256873e-03  1.852688e-01  2.605663e-02 
1.000000e-50  1.000000e-50  1.000000e-50  1.000000e-50  1.000000e-50  1.000000e-50  1.000000e-50  5.388350e-01  1.000000e-50  1.000000e-50  1.000000e-50  1.000000e-50  1.000000e-50  1.000000e-50  1.000000e-50  1.165049e-01  1.000000e-50  1.000000e-50  1.000000e-50  1.000000e-50  1.000000e-50  1.000000e-50  1.213592e-03  1.000000e-50  1.000000e-50  1.000000e-50  1.000000e-50  1.000000e-50  1.000000e-50  1.000000e-50  1.000000e-50  1.000000e-50  1.000000e-50  1.000000e-50  1.000000e-50  2.063107e-02  1.000000e-50  1.000000e-50  1.000000e-50  1.000000e-50  1.000000e-50  1.000000e-50  1.000000e-50  1.000000e-50  1.000000e-50  1.000000e-50  1.007282e-01  1.000000e-50  1.000000e-50  1.000000e-50  9.223301e-02  1.000000e-50  1.000000e-50  1.298544e-01  1.000000e-50 
1.000000e-50  1.000000e-50  1.000000e-50  1.000000e-50  1.000000e-50  1.000000e-50  1.000000e-50  1.000000e-50  2.433090e-02  1.459854e-02  1.000000e-50  1.000000e-50  1.000000e-50  1.000000e-50  1.094891e-02  1.654501e-01  4.476886e-01  1.000000e-50  1.000000e-50  1.000000e-50  1.216545e-03  1.824818e-02  1.000000e-50  1.000000e-50  1.000000e-50  1.000000e-50  3.649635e-03  1.000000e-50  1.000000e-50  1.000000e-50  1.000000e-50  1.000000e-50  1.000000e-50  1.000000e-50  1.000000e-50  2.433090e-02  6.082725e-03  1.000000e-50  1.000000e-50  1.000000e-50  1.000000e-50  1.000000e-50  1.000000e-50  1.000000e-50  1.000000e-50  1.000000e-50  1.703163e-02  4.501217e-02  1.581509e-02  9.732360e-02  1.946472e-02  3.771290e-02  1.000000e-50  1.000000e-50  5.109489e-02 
1.000000e-50  1.000000e-50  1.000000e-50  1.000000e-50  1.000000e-50  1.402487e-02  1.000000e-50  2.249272e-02  1.058481e-02  1.024080e-01  1.000000e-50  5.027785e-02  1.452765e-01  1.000000e-50  3.784070e-02  4.445621e-02  4.736703e-02  1.032019e-02  1.000000e-50  1.000000e-50  1.561260e-02  4.339772e-02  7.938608e-04  1.000000e-50  2.013760e-01  1.000000e-50  5.292405e-04  1.000000e-50  1.000000e-50  1.000000e-50  1.000000e-50  7.144747e-03  4.128076e-02  1.000000e-50  3.175443e-02  2.011114e-02  1.000000e-50  1.852342e-02  1.000000e-50  1.000000e-50  1.000000e-50  1.000000e-50  4.577931e-02  1.000000e-50  5.901032e-02  1.000000e-50  1.005557e-02  1.000000e-50  1.000000e-50  1.000000e-50  1.000000e-50  1.000000e-50  1.000000e-50  1.000000e-50  1.958190e-02 
1.000000e-50  2.571276e-02  1.000000e-50  1.000000e-50  1.598721e-03  1.000000e-50  1.000000e-50  2.118305e-02  3.597122e-03  1.000000e-50  1.000000e-50  7.327471e-03  1.000000e-50  1.389555e-01  7.300826e-02  1.000000e-50  1.000000e-50  7.607248e-02  1.000000e-50  1.000000e-50  2.065015e-02  6.874500e-02  2.531308e-03  1.000000e-50  1.000000e-50  1.000000e-50  1.000000e-50  1.000000e-50  1.000000e-50  1.000000e-50  1.000000e-50  1.000000e-50  2.190248e-01  1.000000e-50  1.811884e-02  1.811884e-02  1.000000e-50  4.662936e-03  1.000000e-50  1.000000e-50  1.000000e-50  1.000000e-50  1.105782e-02  1.905143e-02  1.000000e-50  5.528910e-02  1.000000e-50  1.000000e-50  9.152678e-02  1.000000e-50  1.000000e-50  1.000000e-50  6.434852e-02  1.000000e-50  5.941913e-02 
1.000000e-50  1.000000e-50  1.000000e-50  1.000000e-50  1.000000e-50  1.000000e-50  1.000000e-50  1.000000e-50  1.000000e-50  1.000000e-50  1.000000e-50  1.000000e-50  4.329953e-02  1.000000e-50  1.923815e-01  1.000000e-50  1.000000e-50  1.000000e-50  1.000000e-50  1.000000e-50  1.000000e-50  1.000000e-50  1.000000e-50  1.000000e-50  1.455193e-01  1.000000e-50  1.000000e-50  1.000000e-50  1.000000e-50  3.711976e-01  1.000000e-50  2.411620e-02  1.000000e-50  1.000000e-50  1.370238e-04  1.000000e-50  1.000000e-50  1.000000e-50  1.000000e-50  1.000000e-50  1.000000e-50  2.480132e-02  1.647027e-01  1.000000e-50  3.329679e-02  1.000000e-50  1.000000e-50  1.000000e-50  1.000000e-50  1.000000e-50  5.480954e-04  1.000000e-50  1.000000e-50  1.000000e-50  1.000000e-50 
1.000000e-50  1.000000e-50  1.000000e-50  3.212990e-02  1.000000e-50  1.000000e-50  1.000000e-50  1.000000e-50  5.009501e-02  3.800311e-03  1.000000e-50  1.001900e-02  1.000000e-50  3.489376e-02  4.577647e-02  1.832786e-01  5.527725e-03  1.986526e-02  1.000000e-50  7.427880e-03  1.520124e-02  1.445846e-01  1.000000e-50  5.527725e-03  2.591121e-03  1.000000e-50  1.000000e-50  7.427880e-03  1.000000e-50  3.627570e-03  1.058905e-01  1.000000e-50  1.000000e-50  1.000000e-50  1.000000e-50  2.694766e-02  3.748489e-02  1.571947e-02  1.000000e-50  1.000000e-50  1.761962e-02  2.452928e-02  1.641043e-02  1.000000e-50  1.000000e-50  1.554673e-03  7.600622e-03  1.000000e-50  4.474002e-02  5.873208e-03  1.900155e-03  1.641043e-02  1.209190e-02  1.000000e-50  9.345310e-02 
7.446166e-03  1.730731e-02  1.000000e-50  1.000000e-50  2.193600e-02  2.012477e-03  1.000000e-50  1.851479e-02  1.000000e-50  1.000000e-50  1.000000e-50  7.647414e-03  3.018716e-03  9.036023e-02  9.941638e-02  3.360837e-02  5.031193e-03  2.616221e-02  1.000000e-50  2.515597e-02  3.863957e-02  1.418797e-01  1.000000e-50  3.521835e-02  1.000000e-50  1.000000e-50  4.024955e-04  1.000000e-50  1.000000e-50  1.000000e-50  1.000000e-50  1.000000e-50  1.000000e-50  1.000000e-50  1.871604e-02  3.723083e-02  3.219964e-03  2.294224e-02  1.000000e-50  1.000000e-50  5.856309e-02  1.000000e-50  6.037432e-03  3.984705e-02  1.000000e-50  9.217146e-02  1.710606e-02  1.000000e-50  6.077682e-02  1.000000e-50  2.193600e-02  1.000000e-50  8.854900e-03  1.388609e-02  2.495472e-02 
1.000000e-50  1.000000e-50  1.000000e-50  1.000000e-50  1.000000e-50  1.000000e-50  1.000000e-50  1.000000e-50  1.000000e-50  7.948718e-02  1.501832e-02  1.000000e-50  1.000000e-50  1.062271e-02  1.000000e-50  1.428571e-02  5.311355e-02  1.000000e-50  1.000000e-50  1.000000e-50  1.538462e-02  1.684982e-02  1.000000e-50  1.000000e-50  1.000000e-50  1.000000e-50  1.000000e-50  1.000000e-50  1.000000e-50  1.062271e-02  3.296703e-03  1.000000e-50  7.106227e-02  1.000000e-50  1.611722e-02  1.172161e-02  1.000000e-50  1.000000e-50  1.000000e-50  1.000000e-50  4.234432e-01  1.648352e-02  6.593407e-03  1.461538e-01  1.000000e-50  1.000000e-50  1.000000e-50  1.000000e-50  1.000000e-50  7.106227e-02  1.000000e-50  1.868132e-02  1.000000e-50  1.000000e-50  1.000000e-50 
1.126280e-01  1.000000e-50  1.000000e-50  1.000000e-50  1.000000e-50  1.000000e-50  1.000000e-50  1.000000e-50  5.631399e-02  1.313993e-01  1.000000e-50  1.000000e-50  1.000000e-50  1.000000e-50  1.000000e-50  1.000000e-50  1.000000e-50  1.000000e-50  3.020478e-01  1.535836e-02  1.000000e-50  1.000000e-50  1.000000e-50  1.000000e-50  1.000000e-50  1.000000e-50  1.000000e-50  1.000000e-50  1.000000e-50  1.000000e-50  1.000000e-50  1.000000e-50  1.000000e-50  1.000000e-50  1.000000e-50  1.000000e-50  1.000000e-50  1.000000e-50  1.000000e-50  1.000000e-50  9.726962e-02  1.000000e-50  1.000000e-50  1.000000e-50  1.000000e-50  1.000000e-50  1.023891e-02  1.000000e-50  1.000000e-50  1.000000e-50  1.000000e-50  1.979522e-01  1.000000e-50  7.679181e-02  1.000000e-50 
1.000000e-50  3.314394e-03  1.000000e-50  1.000000e-50  1.751894e-02  3.787879e-03  1.000000e-50  1.000000e-50  2.367424e-03  1.000000e-50  1.000000e-50  1.000000e-50  1.000000e-50  2.405303e-01  2.130682e-01  3.125000e-02  2.840909e-02  1.000000e-50  1.000000e-50  1.000000e-50  1.000000e-50  2.173295e-01  1.000000e-50  6.155303e-03  1.000000e-50  1.000000e-50  1.000000e-50  1.000000e-50  1.000000e-50  1.000000e-50  1.000000e-50  1.000000e-50  1.000000e-50  1.000000e-50  2.509470e-02  1.893939e-03  1.000000e-50  1.704545e-02  1.000000e-50  1.000000e-50  1.041667e-02  1.000000e-50  1.000000e-50  1.000000e-50  1.000000e-50  2.982955e-02  1.562500e-02  1.000000e-50  2.556818e-02  1.515152e-02  1.000000e-50  1.000000e-50  3.409091e-02  1.704545e-02  4.450758e-02 
1.000000e-50  7.604563e-03  1.000000e-50  1.901141e-03  2.186312e-02  1.000000e-50  1.000000e-50  3.770596e-02  3.168568e-03  1.000000e-50  1.000000e-50  1.000000e-50  1.000000e-50  1.381496e-01  6.210393e-02  3.992395e-02  1.013942e-02  1.077313e-02  1.000000e-50  4.309252e-02  5.006337e-02  1.558935e-01  1.000000e-50  3.326996e-02  1.000000e-50  1.000000e-50  1.000000e-50  1.000000e-50  1.000000e-50  1.000000e-50  2.820025e-02  1.000000e-50  1.869455e-02  1.000000e-50  1.901141e-02  9.188847e-03  1.000000e-50  2.408112e-02  1.000000e-50  1.000000e-50  3.453739e-02  2.376426e-02  1.774398e-02  1.615970e-02  1.000000e-50  3.422053e-02  1.362484e-02  1.000000e-50  4.657795e-02  1.869455e-02  1.000000e-50  1.000000e-50  3.485425e-02  1.000000e-50  4.499366e-02 
1.000000e-50  2.743363e-02  1.000000e-50  1.382743e-02  1.000000e-50  1.000000e-50  1.000000e-50  3.230088e-02  8.849558e-03  1.000000e-50  1.000000e-50  1.000000e-50  1.000000e-50  8.340708e-02  1.643805e-01  5.553097e-02  1.000000e-50  4.966814e-02  1.000000e-50  1.000000e-50  1.000000e-50  5.597345e-02  1.000000e-50  1.000000e-50  2.334071e-02  1.000000e-50  1.000000e-50  1.000000e-50  1.000000e-50  1.000000e-50  4.358407e-02  1.000000e-50  1.732301e-01  1.000000e-50  1.736726e-02  1.305310e-02  1.570796e-02  1.000000e-50  1.000000e-50  1.000000e-50  1.000000e-50  1.084071e-02  1.000000e-50  1.000000e-50  1.000000e-50  3.263274e-02  9.734513e-03  1.000000e-50  6.106195e-02  1.000000e-50  1.000000e-50  1.000000e-50  5.752212e-02  1.000000e-50  5.055310e-02 
1.000000e-50  1.000000e-50  9.210526e-02  1.000000e-50  1.000000e-50  1.000000e-50  1.000000e-50  1.000000e-50  1.000000e-50  1.000000e-50  1.000000e-50  1.000000e-50  1.000000e-50  1.000000e-50  1.000000e-50  1.000000e-50  1.000000e-50  1.000000e-50  1.000000e-50  1.000000e-50  1.000000e-50  1.000000e-50  4.210526e-01  1.000000e-50  1.000000e-50  1.000000e-50  1.000000e-50  1.000000e-50  1.000000e-50  1.000000e-50  1.000000e-50  1.000000e-50  1.000000e-50  1.000000e-50  1.000000e-50  1.000000e-50  3.258145e-02  1.000000e-50  1.000000e-50  1.000000e-50  1.000000e-50  1.000000e-50  1.000000e-50  1.000000e-50  1.000000e-50  1.000000e-50  1.000000e-50  1.000000e-50  1.253133e-02  1.000000e-50  1.000000e-50  4.417293e-01  1.000000e-50  1.000000e-50  1.000000e-50 
1.000000e-50  1.770260e-02  1.000000e-50  1.000000e-50  1.376869e-02  1.000000e-50  1.494886e-02  1.534225e-02  1.000000e-50  1.000000e-50  1.000000e-50  1.000000e-50  1.000000e-50  6.530291e-02  2.439024e-02  1.219512e-02  8.654603e-03  3.304485e-02  1.000000e-50  7.867821e-03  7.081039e-03  5.000000e-01  1.000000e-50  1.000000e-50  1.573564e-02  1.000000e-50  2.753737e-03  1.000000e-50  1.000000e-50  1.000000e-50  1.000000e-50  1.000000e-50  1.000000e-50  1.000000e-50  1.000000e-50  2.124312e-02  1.000000e-50  3.501180e-02  1.000000e-50  1.000000e-50  2.360346e-02  1.000000e-50  9.441385e-03  8.654603e-03  1.000000e-50  3.540519e-02  6.294256e-03  1.000000e-50  2.006294e-02  1.180173e-02  1.000000e-50  1.000000e-50  4.287962e-02  1.691581e-02  2.989772e-02 
1.000000e-50  1.293634e-02  1.000000e-50  2.258727e-03  1.000000e-50  8.213552e-03  1.000000e-50  1.991786e-02  1.000000e-50  1.806982e-02  1.000000e-50  2.053388e-04  7.371663e-02  6.447639e-02  1.000000e-50  1.724846e-02  1.000000e-50  2.484600e-02  1.000000e-50  2.053388e-03  1.000000e-50  5.174538e-02  1.000000e-50  5.338809e-03  1.211499e-02  1.000000e-50  1.000000e-50  1.000000e-50  1.000000e-50  1.238193e-01  3.613963e-02  1.143737e-01  3.080082e-03  1.000000e-50  1.000000e-50  9.856263e-03  4.722793e-03  1.868583e-02  1.000000e-50  1.000000e-50  2.525667e-02  7.289528e-02  1.205339e-01  3.655031e-02  6.570842e-03  3.388090e-02  1.047228e-02  1.000000e-50  2.689938e-02  1.000000e-50  1.000000e-50  1.000000e-50  2.464066e-02  6.776181e-03  1.170431e-02 
5.815424e-02  1.000000e-50  1.000000e-50  1.000000e-50  1.000000e-50  1.000000e-50  1.000000e-50  1.000000e-50  1.000000e-50  1.000000e-50  1.000000e-50  1.000000e-50  1.000000e-50  1.011378e-02  1.000000e-50  1.000000e-50  1.000000e-50  1.000000e-50  1.000000e-50  1.000000e-50  1.000000e-50  1.000000e-50  1.000000e-50  1.000000e-50  1.000000e-50  1.000000e-50  1.000000e-50  1.000000e-50  1.000000e-50  1.000000e-50  1.000000e-50  1.000000e-50  1.000000e-50  1.000000e-50  1.000000e-50  1.000000e-50  1.000000e-50  1.000000e-50  1.000000e-50  2.743363e-01  1.000000e-50  1.000000e-50  1.000000e-50  1.000000e-50  1.000000e-50  1.000000e-50  1.000000e-50  1.000000e-50  1.000000e-50  1.000000e-50  1.000000e-50  6.573957e-01  1.000000e-50  1.000000e-50  1.000000e-50 
2.423949e-03  5.251889e-04  1.000000e-50  5.251889e-04  1.000000e-50  1.000000e-50  8.281824e-02  1.000000e-50  1.000000e-50  1.000000e-50  1.000000e-50  1.000000e-50  1.000000e-50  1.000000e-50  1.000000e-50  1.000000e-50  1.000000e-50  1.000000e-50  1.000000e-50  3.231931e-04  1.000000e-50  1.000000e-50  1.000000e-50  1.000000e-50  1.000000e-50  1.000000e-50  6.972892e-01  1.000000e-50  1.000000e-50  1.000000e-50  1.000000e-50  1.000000e-50  1.000000e-50  9.816992e-03  1.000000e-50  5.655880e-04  1.000000e-50  1.000000e-50  2.108835e-02  3.312730e-03  1.000000e-50  1.000000e-50  1.000000e-50  1.000000e-50  1.000000e-50  1.000000e-50  4.039914e-04  1.731103e-01  1.000000e-50  1.858361e-03  1.000000e-50  5.938674e-03  1.000000e-50  1.000000e-50  1.000000e-50 
1.000000e-50  1.000000e-50  1.000000e-50  1.000000e-50  1.000000e-50  1.000000e-50  1.000000e-50  1.000000e-50  1.000000e-50  1.000000e-50  1.000000e-50  1.000000e-50  1.000000e-50  1.000000e-50  1.000000e-50  1.000000e-50  1.000000e-50  1.000000e-50  1.000000e-50  1.000000e-50  1.000000e-50  1.000000e-50  1.000000e-50  1.000000e-50  1.000000e-50  1.000000e-50  1.000000e-50  1.000000e-50  1.000000e-50  1.000000e-50  3.703704e-01  1.000000e-50  2.870370e-01  1.000000e-50  1.000000e-50  1.000000e-50  2.037037e-01  1.000000e-50  1.000000e-50  1.000000e-50  1.000000e-50  1.000000e-50  1.000000e-50  1.000000e-50  1.000000e-50  1.000000e-50  1.000000e-50  1.000000e-50  1.000000e-50  1.000000e-50  1.000000e-50  1.000000e-50  1.000000e-50  1.000000e-50  1.388889e-01 
1.000000e-50  1.000000e-50  1.000000e-50  9.446114e-03  1.331043e-02  1.000000e-50  1.000000e-50  3.907256e-02  7.299270e-03  1.000000e-50  1.000000e-50  2.146844e-03  1.000000e-50  1.000000e-50  1.000000e-50  5.238300e-02  1.000000e-50  1.000000e-50  1.000000e-50  1.399742e-01  2.619150e-01  1.000000e-50  1.000000e-50  2.279948e-01  1.288106e-03  1.000000e-50  1.000000e-50  1.000000e-50  1.000000e-50  1.000000e-50  1.000000e-50  1.000000e-50  1.000000e-50  1.000000e-50  1.159296e-02  1.000000e-50  1.000000e-50  6.011164e-03  1.000000e-50  1.000000e-50  2.189781e-02  1.000000e-50  1.000000e-50  1.674538e-02  1.000000e-50  8.844998e-02  1.846286e-02  1.000000e-50  4.808931e-02  1.030485e-02  1.373980e-02  1.000000e-50  1.000000e-50  1.000000e-50  9.875483e-03 
1.000000e-50  4.472332e-03  1.000000e-50  1.602029e-03  3.137307e-03  1.575329e-02  1.000000e-50  1.000000e-50  1.000000e-50  1.000000e-50  1.000000e-50  3.738068e-03  1.287631e-01  1.108070e-02  1.000000e-50  3.003805e-03  1.000000e-50  1.815633e-02  1.000000e-50  1.000000e-50  1.000000e-50  1.261598e-02  1.000000e-50  6.007610e-04  7.008878e-02  1.000000e-50  1.000000e-50  1.000000e-50  1.000000e-50  4.878847e-01  1.148121e-02  1.000000e-50  5.073093e-03  1.000000e-50  2.469795e-03  7.743141e-03  1.000000e-50  1.000000e-50  1.000000e-50  1.000000e-50  1.000000e-50  1.000000e-50  1.901075e-01  1.000000e-50  1.000000e-50  1.000000e-50  5.473600e-03  1.000000e-50  8.944663e-03  1.000000e-50  1.000000e-50  1.000000e-50  3.804819e-03  1.000000e-50  4.005073e-03 
1.000000e-50  1.988950e-02  1.000000e-50  2.165746e-02  1.000000e-50  1.000000e-50  1.000000e-50  1.000000e-50  3.933702e-02  5.215470e-02  1.000000e-50  2.430939e-02  1.000000e-50  3.182320e-02  6.143646e-02  1.014365e-01  1.171271e-02  1.000000e-50  1.000000e-50  1.000000e-50  1.149171e-02  8.243094e-02  1.000000e-50  1.000000e-50  1.812155e-02  1.000000e-50  1.000000e-50  1.237569e-02  1.000000e-50  1.000000e-50  1.478453e-01  1.000000e-50  6.762431e-02  1.000000e-50  2.276243e-02  2.939227e-02  6.386740e-02  1.000000e-50  1.000000e-50  1.000000e-50  2.718232e-02  1.922652e-02  7.071823e-03  1.000000e-50  1.000000e-50  1.000000e-50  1.878453e-02  1.000000e-50  3.182320e-02  4.176796e-02  1.000000e-50  1.000000e-50  1.000000e-50  1.966851e-02  1.480663e-02 
1.000000e-50  1.000000e-50  1.000000e-50  1.000000e-50  1.000000e-50  1.000000e-50  1.000000e-50  1.000000e-50  1.000000e-50  1.000000e-50  1.000000e-50  1.000000e-50  1.000000e-50  1.000000e-50  4.427083e-02  1.000000e-50  1.000000e-50  1.000000e-50  1.000000e-50  1.000000e-50  2.604167e-03  1.000000e-50  1.000000e-50  9.114583e-03  1.000000e-50  1.000000e-50  1.000000e-50  1.000000e-50  1.000000e-50  2.083333e-02  1.692708e-02  1.171875e-02  1.000000e-50  1.000000e-50  1.000000e-50  1.588542e-01  1.000000e-50  1.000000e-50  1.000000e-50  1.000000e-50  1.000000e-50  7.343750e-01  1.000000e-50  1.000000e-50  1.000000e-50  1.000000e-50  1.000000e-50  1.302083e-03  1.000000e-50  1.000000e-50  1.000000e-50  1.000000e-50  1.000000e-50  1.000000e-50  1.000000e-50 
1.000000e-50  1.590595e-02  1.000000e-50  1.438451e-02  1.000000e-50  1.000000e-50  1.000000e-50  1.300138e-02  7.192254e-03  2.766252e-02  1.000000e-50  2.627939e-03  1.000000e-50  6.970954e-02  6.099585e-02  1.977870e-02  1.286307e-02  1.991701e-02  1.000000e-50  2.738589e-02  3.817427e-02  7.897649e-02  7.745505e-03  4.605809e-02  1.244813e-03  1.000000e-50  1.000000e-50  1.000000e-50  1.000000e-50  2.890733e-02  1.798064e-02  1.000000e-50  8.755187e-02  1.000000e-50  1.341632e-02  1.756570e-02  1.092669e-02  7.053942e-03  1.000000e-50  1.000000e-50  6.154910e-02  2.295989e-02  1.798064e-03  5.228216e-02  1.000000e-50  7.330567e-02  7.053942e-03  1.000000e-50  2.544952e-02  1.000000e-50  6.915629e-03  2.904564e-03  5.228216e-02  1.000000e-50  4.647303e-02 
1.000000e-50  1.991701e-02  1.000000e-50  3.070539e-02  1.000000e-50  1.000000e-50  1.000000e-50  1.000000e-50  1.000000e-50  9.958506e-03  1.000000e-50  1.244813e-02  1.000000e-50  2.821577e-02  1.659751e-03  1.000000e-50  1.336100e-01  2.904564e-02  2.157676e-02  1.585062e-01  1.261411e-01  1.000000e-50  1.000000e-50  9.460581e-02  1.000000e-50  1.000000e-50  1.000000e-50  1.000000e-50  2.406639e-02  1.000000e-50  1.000000e-50  1.000000e-50  1.000000e-50  1.000000e-50  1.000000e-50  1.000000e-50  1.000000e-50  1.000000e-50  1.000000e-50  4.647303e-02  7.468880e-03  1.000000e-50  1.000000e-50  2.489627e-02  1.000000e-50  1.369295e-01  1.659751e-02  1.000000e-50  5.975104e-02  1.742739e-02  1.000000e-50  1.000000e-50  1.000000e-50  1.000000e-50  1.000000e-50 
1.686122e-02  1.750973e-02  1.000000e-50  1.000000e-50  1.000000e-50  1.000000e-50  2.983139e-02  1.000000e-50  1.750973e-02  6.939040e-02  1.000000e-50  1.556420e-02  1.000000e-50  1.000000e-50  7.587549e-02  1.232166e-01  2.788586e-02  1.000000e-50  1.000000e-50  1.000000e-50  1.297017e-02  7.457847e-02  1.000000e-50  1.000000e-50  1.000000e-50  1.000000e-50  1.000000e-50  1.000000e-50  1.000000e-50  1.000000e-50  1.095979e-01  1.000000e-50  7.392996e-02  1.000000e-50  1.000000e-50  2.010376e-02  1.000000e-50  2.983139e-02  1.000000e-50  1.000000e-50  1.000000e-50  1.000000e-50  1.000000e-50  1.000000e-50  1.000000e-50  8.300908e-02  7.782101e-03  3.437095e-02  1.167315e-02  2.918288e-02  1.000000e-50  1.000000e-50  6.355383e-02  1.000000e-50  5.577173e-02 
1.000000e-50  1.000000e-50  1.000000e-50  1.000000e-50  9.433962e-03  4.043127e-03  1.078167e-02  1.111860e-02  1.145553e-02  4.818059e-02  1.000000e-50  1.044474e-02  1.000000e-50  5.020216e-02  1.057951e-01  4.076819e-02  2.493261e-02  2.055256e-02  1.000000e-50  1.000000e-50  5.727763e-03  5.525606e-02  1.000000e-50  6.401617e-03  4.312668e-02  1.000000e-50  1.000000e-50  1.000000e-50  1.000000e-50  3.874663e-02  4.312668e-02  1.000000e-50  7.075472e-02  1.000000e-50  1.448787e-02  2.863881e-02  1.111860e-02  1.000000e-50  1.000000e-50  1.000000e-50  4.481132e-02  6.199461e-02  5.154987e-02  3.066038e-02  1.000000e-50  3.301887e-02  1.347709e-02  1.000000e-50  4.683288e-02  1.000000e-50  1.000000e-50  4.043127e-03  1.853100e-02  1.000000e-50  2.998652e-02 
1.000000e-50  7.831822e-02  1.000000e-50  4.369332e-02  1.000000e-50  1.000000e-50  1.000000e-50  1.000000e-50  8.244023e-02  3.462490e-02  1.000000e-50  1.000000e-50  1.000000e-50  1.000000e-50  1.000000e-50  4.064303e-01  1.000000e-50  1.000000e-50  3.874691e-02  1.000000e-50  1.000000e-50  1.000000e-50  2.308326e-02  1.000000e-50  1.000000e-50  1.000000e-50  1.000000e-50  1.000000e-50  1.000000e-50  1.000000e-50  1.368508e-01  1.000000e-50  3.544930e-02  1.000000e-50  1.000000e-50  1.000000e-50  1.000000e-50  1.000000e-50  1.000000e-50  1.000000e-50  2.473207e-03  1.000000e-50  1.000000e-50  1.000000e-50  1.000000e-50  1.000000e-50  1.000000e-50  1.000000e-50  3.627370e-02  1.000000e-50  4.699093e-02  3.462490e-02  1.000000e-50  1.000000e-50  1.000000e-50 
1.000000e-50  1.000000e-50  1.000000e-50  2.151102e-02  1.000000e-50  1.000000e-50  1.000000e-50  6.033578e-02  1.000000e-50  1.000000e-50  3.672613e-02  2.518363e-02  1.000000e-50  1.573977e-01  1.000000e-50  1.000000e-50  1.000000e-50  1.000000e-50  1.206716e-02  1.000000e-50  1.154250e-02  1.000000e-50  3.567681e-02  1.000000e-50  1.000000e-50  8.919203e-03  1.000000e-50  1.000000e-50  1.836306e-02  1.000000e-50  9.863589e-02  1.000000e-50  1.101784e-02  1.000000e-50  3.567681e-02  4.826863e-02  5.456453e-02  4.249738e-02  1.000000e-50  1.000000e-50  8.079748e-02  5.246590e-04  1.000000e-50  7.030430e-02  1.000000e-50  6.925498e-02  5.246590e-02  1.000000e-50  2.518363e-02  1.000000e-50  1.000000e-50  1.000000e-50  1.000000e-50  1.000000e-50  2.308499e-02 
1.549825e-01  1.000000e-50  1.000000e-50  1.000000e-50  1.000000e-50  1.000000e-50  1.000000e-50  1.000000e-50  1.000000e-50  1.000000e-50  1.000000e-50  2.253380e-03  1.000000e-50  1.000000e-50  1.000000e-50  1.000000e-50  1.000000e-50  1.000000e-50  7.010516e-03  1.000000e-50  1.000000e-50  1.000000e-50  1.000000e-50  2.003005e-03  1.000000e-50  1.852779e-02  1.652479e-02  1.752629e-03  2.553831e-02  1.000000e-50  1.000000e-50  1.000000e-50  1.000000e-50  3.430145e-02  1.000000e-50  1.000000e-50  1.000000e-50  1.000000e-50  1.830245e-01  4.992489e-01  1.000000e-50  1.000000e-50  1.000000e-50  1.000000e-50  1.000000e-50  4.256385e-03  4.932399e-02  1.000000e-50  1.251878e-03  1.000000e-50  1.000000e-50  1.000000e-50  1.000000e-50  1.000000e-50  1.000000e-50 
1.000000e-50  1.219099e-02  1.000000e-50  2.675246e-02  2.201151e-02  1.000000e-50  1.000000e-50  1.000000e-50  1.000000e-50  1.000000e-50  1.000000e-50  1.000000e-50  1.000000e-50  1.000000e-50  1.557738e-02  1.000000e-50  1.000000e-50  3.386387e-03  4.470030e-02  5.452083e-02  6.027768e-02  1.110735e-01  2.573654e-02  9.143244e-03  1.000000e-50  1.000000e-50  1.000000e-50  1.000000e-50  5.079580e-03  1.000000e-50  1.000000e-50  1.000000e-50  1.000000e-50  1.000000e-50  1.625466e-02  6.772773e-02  1.000000e-50  9.448019e-02  1.000000e-50  1.131053e-01  5.621402e-02  1.000000e-50  1.000000e-50  6.772773e-03  1.000000e-50  2.946156e-02  7.687098e-02  1.000000e-50  3.318659e-02  2.404335e-02  4.063664e-02  1.456146e-02  1.000000e-50  1.000000e-50  3.623434e-02 
9.092948e-02  1.000000e-50  1.000000e-50  1.000000e-50  1.000000e-50  1.000000e-50  5.543222e-01  1.000000e-50  1.000000e-50  1.000000e-50  1.000000e-50  1.000000e-50  1.000000e-50  1.000000e-50  1.000000e-50  1.000000e-50  1.000000e-50  1.000000e-50  1.000000e-50  1.000000e-50  1.000000e-50  1.000000e-50  3.587846e-03  1.000000e-50  1.000000e-50  1.000000e-50  8.409014e-03  1.000000e-50  1.000000e-50  1.000000e-50  1.000000e-50  1.000000e-50  1.000000e-50  1.000000e-50  1.000000e-50  1.000000e-50  1.000000e-50  1.000000e-50  1.000000e-50  1.000000e-50  2.043951e-01  1.000000e-50  1.000000e-50  1.000000e-50  1.000000e-50  1.000000e-50  1.000000e-50  1.222110e-02  1.000000e-50  1.000000e-50  3.363606e-04  1.257989e-01  1.000000e-50  1.000000e-50  1.000000e-50 
1.000000e-50  1.000000e-50  1.000000e-50  2.957267e-03  4.140174e-03  1.522993e-02  1.000000e-50  1.000000e-50  1.000000e-50  9.611119e-03  1.000000e-50  1.000000e-50  4.302824e-02  1.000000e-50  4.731628e-03  1.000000e-50  7.541032e-03  8.428212e-03  1.000000e-50  1.000000e-50  1.000000e-50  6.358125e-03  1.000000e-50  1.000000e-50  1.060180e-01  1.000000e-50  1.000000e-50  7.393169e-04  1.000000e-50  3.579772e-01  2.158805e-02  1.000000e-50  1.079403e-02  1.000000e-50  2.513677e-03  2.424959e-02  1.000000e-50  1.000000e-50  1.000000e-50  1.000000e-50  1.000000e-50  2.067130e-01  1.407659e-01  1.000000e-50  4.140174e-03  1.000000e-50  4.288038e-03  1.000000e-50  7.393169e-03  1.000000e-50  1.000000e-50  1.000000e-50  7.836759e-03  1.000000e-50  2.957267e-03 
1.000000e-50  3.370181e-03  1.000000e-50  1.000000e-50  1.000000e-50  1.455918e-02  1.000000e-50  1.011054e-02  5.661903e-03  1.145861e-02  2.156916e-03  1.000000e-50  3.976813e-02  1.253707e-02  1.000000e-50  2.035589e-02  5.931518e-03  3.289296e-02  1.000000e-50  3.100566e-03  6.201132e-03  1.000000e-50  1.000000e-50  2.561337e-03  9.032084e-02  1.000000e-50  1.000000e-50  1.000000e-50  1.000000e-50  1.639256e-01  3.316258e-02  1.000000e-50  1.590725e-02  1.000000e-50  9.571313e-03  3.626314e-02  1.000000e-50  1.000000e-50  1.000000e-50  1.000000e-50  1.078458e-03  2.871394e-01  1.230790e-01  3.774602e-03  2.965759e-03  1.132381e-02  1.000000e-50  1.000000e-50  1.280669e-02  1.000000e-50  1.000000e-50  1.000000e-50  1.833378e-02  1.000000e-50  1.968185e-02 
1.000000e-50  1.000000e-50  1.000000e-50  1.000000e-50  1.633466e-02  1.000000e-50  1.000000e-50  1.000000e-50  1.000000e-50  1.952191e-02  1.000000e-50  1.000000e-50  1.000000e-50  1.000000e-50  1.000000e-50  1.000000e-50  1.434263e-01  1.000000e-50  1.000000e-50  1.000000e-50  1.000000e-50  1.000000e-50  1.000000e-50  1.000000e-50  1.000000e-50  1.000000e-50  1.000000e-50  1.000000e-50  2.127490e-01  1.000000e-50  1.000000e-50  1.000000e-50  1.000000e-50  1.000000e-50  1.000000e-50  1.000000e-50  1.000000e-50  1.000000e-50  1.000000e-50  1.000000e-50  1.000000e-50  1.000000e-50  1.000000e-50  6.215139e-02  1.000000e-50  1.000000e-50  1.000000e-50  1.000000e-50  1.000000e-50  4.772908e-01  1.000000e-50  7.171315e-03  1.000000e-50  6.135458e-02  1.000000e-50 
1.000000e-50  1.000000e-50  1.000000e-50  1.000000e-50  1.000000e-50  1.000000e-50  1.000000e-50  1.000000e-50  1.000000e-50  1.000000e-50  1.000000e-50  1.000000e-50  1.000000e-50  1.000000e-50  4.720280e-02  1.000000e-50  1.000000e-50  1.000000e-50  1.000000e-50  1.000000e-50  1.000000e-50  1.000000e-50  1.000000e-50  1.000000e-50  1.000000e-50  1.000000e-50  1.000000e-50  1.000000e-50  1.000000e-50  8.216783e-02  1.748252e-02  1.000000e-50  1.000000e-50  1.000000e-50  1.000000e-50  5.244755e-02  1.000000e-50  1.000000e-50  1.000000e-50  1.000000e-50  1.000000e-50  7.447552e-01  3.321678e-02  1.000000e-50  2.272727e-02  1.000000e-50  1.000000e-50  1.000000e-50  1.000000e-50  1.000000e-50  1.000000e-50  1.000000e-50  1.000000e-50  1.000000e-50  1.000000e-50 
1.000000e-50  1.559020e-02  1.000000e-50  1.000000e-50  6.681514e-03  1.000000e-50  1.000000e-50  4.206879e-02  1.000000e-50  8.413759e-02  1.000000e-50  1.000000e-50  4.701806e-03  9.601584e-02  1.410542e-02  2.276664e-02  1.000000e-50  4.503836e-02  1.000000e-50  7.300173e-02  7.943578e-02  6.434051e-03  1.000000e-50  1.512002e-01  1.000000e-50  1.000000e-50  1.000000e-50  1.000000e-50  1.000000e-50  1.000000e-50  2.227171e-02  1.000000e-50  1.328879e-01  1.000000e-50  2.474635e-04  1.880723e-02  1.000000e-50  1.000000e-50  1.000000e-50  1.000000e-50  1.000000e-50  1.000000e-50  2.796338e-02  1.000000e-50  1.000000e-50  1.000000e-50  1.000000e-50  1.000000e-50  4.305865e-02  1.000000e-50  1.000000e-50  1.000000e-50  6.557783e-02  1.000000e-50  4.800792e-02 
1.000000e-50  3.235441e-02  1.000000e-50  1.000000e-50  1.000000e-50  1.194624e-02  1.000000e-50  1.000000e-50  1.000000e-50  3.086112e-01  1.000000e-50  5.973121e-03  1.000000e-50  1.000000e-50  1.000000e-50  1.891488e-02  1.692384e-02  1.000000e-50  4.479841e-03  5.973121e-03  1.000000e-50  1.000000e-50  1.000000e-50  1.000000e-50  1.000000e-50  1.000000e-50  1.000000e-50  1.000000e-50  1.000000e-50  1.000000e-50  2.339472e-02  1.000000e-50  3.011448e-01  1.000000e-50  2.488800e-02  6.470881e-03  1.194624e-02  7.964161e-03  1.000000e-50  1.000000e-50  1.324042e-01  1.000000e-50  1.000000e-50  1.742160e-02  1.000000e-50  3.185665e-02  1.000000e-50  1.000000e-50  7.466401e-03  1.000000e-50  1.000000e-50  1.000000e-50  1.991040e-03  1.000000e-50  2.787456e-02 
2.203286e-01  1.000000e-50  1.000000e-50  1.000000e-50  1.000000e-50  1.000000e-50  8.214341e-02  1.000000e-50  1.000000e-50  1.000000e-50  1.381852e-03  1.000000e-50  1.000000e-50  1.000000e-50  1.000000e-50  1.000000e-50  1.000000e-50  1.000000e-50  1.000000e-50  1.000000e-50  1.000000e-50  1.000000e-50  1.000000e-50  1.000000e-50  1.000000e-50  1.000000e-50  1.000000e-50  1.000000e-50  2.278520e-01  1.000000e-50  1.000000e-50  1.000000e-50  1.000000e-50  1.312759e-01  1.000000e-50  1.000000e-50  1.000000e-50  1.000000e-50  2.263166e-01  1.000000e-50  1.000000e-50  1.000000e-50  1.000000e-50  1.000000e-50  1.000000e-50  1.000000e-50  1.000000e-50  4.636880e-02  1.000000e-50  6.202979e-02  1.000000e-50  2.303086e-03  1.000000e-50  1.000000e-50  1.000000e-50 
1.000000e-50  1.000000e-50  1.000000e-50  1.000000e-50  4.566305e-02  1.000000e-50  1.000000e-50  1.000000e-50  1.709758e-02  2.727273e-01  1.000000e-50  6.880734e-03  1.000000e-50  4.670559e-02  8.965805e-03  3.002502e-02  7.839867e-02  1.000000e-50  3.961635e-03  1.021685e-02  1.584654e-02  2.793995e-02  5.629691e-03  1.501251e-02  1.000000e-50  1.000000e-50  1.000000e-50  1.000000e-50  1.000000e-50  2.502085e-03  1.709758e-02  1.000000e-50  5.421184e-03  1.000000e-50  1.000000e-50  1.000834e-02  1.814012e-02  1.251043e-02  1.000000e-50  1.000000e-50  2.402002e-01  5.212677e-03  6.672227e-03  2.502085e-02  1.000000e-50  8.131776e-03  1.355296e-02  1.000000e-50  1.000000e-50  1.209341e-02  1.000000e-50  1.584654e-02  1.000000e-50  9.591326e-03  1.292744e-02 
1.000000e-50  6.352567e-03  1.000000e-50  6.352567e-03  1.074643e-01  1.000000e-50  1.000000e-50  8.549497e-02  1.000000e-50  1.000000e-50  1.000000e-50  1.000000e-50  1.000000e-50  1.000000e-50  1.000000e-50  1.000000e-50  3.435680e-01  1.000000e-50  1.000000e-50  1.000000e-50  1.000000e-50  1.000000e-50  1.000000e-50  9.264161e-03  1.000000e-50  1.000000e-50  1.000000e-50  1.000000e-50  1.000000e-50  1.000000e-50  1.000000e-50  1.000000e-50  1.000000e-50  1.000000e-50  1.000000e-50  4.764426e-03  1.000000e-50  4.076231e-02  1.000000e-50  1.000000e-50  1.000000e-50  1.000000e-50  1.000000e-50  2.276337e-02  1.000000e-50  1.000000e-50  1.000000e-50  1.000000e-50  1.376390e-02  7.570143e-02  1.000000e-50  2.117522e-02  1.000000e-50  2.625728e-01  1.000000e-50 
1.000000e-50  2.226345e-02  1.020408e-02  1.000000e-50  7.699443e-02  1.000000e-50  1.000000e-50  1.000000e-50  1.000000e-50  2.476809e-01  1.000000e-50  1.000000e-50  1.000000e-50  1.000000e-50  1.000000e-50  1.000000e-50  1.410019e-01  1.000000e-50  1.000000e-50  1.000000e-50  1.855288e-02  1.000000e-50  1.000000e-50  1.000000e-50  1.000000e-50  1.000000e-50  1.000000e-50  1.000000e-50  1.029685e-01  1.000000e-50  3.803340e-02  1.000000e-50  4.638219e-03  1.000000e-50  1.113173e-02  1.000000e-50  1.000000e-50  8.534323e-02  1.000000e-50  1.000000e-50  1.000000e-50  1.000000e-50  1.000000e-50  2.040816e-02  1.000000e-50  1.000000e-50  1.000000e-50  1.000000e-50  2.968460e-02  9.740260e-02  9.369202e-02  1.000000e-50  1.000000e-50  1.000000e-50  1.000000e-50 
2.947204e-01  1.000000e-50  1.000000e-50  4.455335e-03  1.000000e-50  1.000000e-50  1.000000e-50  2.004901e-03  1.000000e-50  1.000000e-50  1.000000e-50  1.000000e-50  1.000000e-50  1.000000e-50  1.000000e-50  1.000000e-50  2.472711e-02  1.000000e-50  1.492537e-02  1.000000e-50  8.910671e-04  1.000000e-50  8.130987e-02  1.000000e-50  1.000000e-50  1.530408e-01  1.000000e-50  1.000000e-50  1.069280e-02  1.000000e-50  1.000000e-50  1.000000e-50  5.123636e-03  1.000000e-50  1.000000e-50  1.000000e-50  9.578971e-03  1.000000e-50  2.002673e-01  6.928046e-02  1.000000e-50  1.000000e-50  1.000000e-50  5.346402e-03  1.000000e-50  1.000000e-50  3.787035e-03  1.000000e-50  1.000000e-50  2.695478e-02  1.000000e-50  6.237469e-02  1.000000e-50  3.051905e-02  1.000000e-50 
1.000000e-50  1.000000e-50  1.000000e-50  1.000000e-50  1.000000e-50  2.430556e-03  1.000000e-50  1.000000e-50  1.000000e-50  1.000000e-50  1.000000e-50  1.000000e-50  1.000000e-50  1.121528e-01  3.993056e-02  5.034722e-02  1.000000e-50  1.000000e-50  1.000000e-50  1.000000e-50  1.000000e-50  5.763889e-02  1.000000e-50  1.000000e-50  1.000000e-50  1.000000e-50  1.000000e-50  1.000000e-50  1.000000e-50  4.618056e-02  4.722222e-02  1.000000e-50  3.472222e-03  1.000000e-50  1.000000e-50  2.743056e-02  1.000000e-50  1.000000e-50  1.000000e-50  1.000000e-50  1.000000e-50  1.857639e-01  1.000000e-50  1.000000e-50  3.472222e-04  1.000000e-50  4.791667e-02  1.000000e-50  8.125000e-02  1.000000e-50  1.562500e-02  1.000000e-50  1.000000e-50  1.000000e-50  2.822917e-01 
1.000000e-50  1.000000e-50  1.000000e-50  4.063539e-03  2.401182e-02  1.000000e-50  1.000000e-50  3.435537e-02  1.000000e-50  1.000000e-50  1.000000e-50  1.034355e-02  1.000000e-50  9.826376e-02  1.000000e-50  7.129664e-02  1.000000e-50  1.000000e-50  1.000000e-50  1.440709e-02  4.654599e-02  2.430735e-01  1.000000e-50  4.432952e-02  1.329885e-02  1.000000e-50  1.000000e-50  1.000000e-50  1.000000e-50  1.000000e-50  1.000000e-50  1.000000e-50  1.000000e-50  1.000000e-50  1.000000e-50  3.287772e-02  1.000000e-50  9.198375e-02  1.000000e-50  1.000000e-50  4.137421e-02  1.000000e-50  1.000000e-50  1.847063e-02  1.000000e-50  5.134836e-02  6.206132e-02  1.000000e-50  9.789435e-02  1.000000e-50  1.000000e-50  1.000000e-50  1.000000e-50  1.000000e-50  1.000000e-50 
2.485354e-03  1.420202e-02  1.000000e-50  1.000000e-50  1.757500e-02  1.000000e-50  1.295935e-02  9.408841e-03  1.000000e-50  6.745961e-02  6.213385e-03  9.408841e-03  1.000000e-50  7.509320e-02  4.775430e-02  2.733890e-02  4.136339e-02  2.840405e-02  1.000000e-50  5.858335e-03  1.295935e-02  5.467779e-02  1.000000e-50  8.166164e-03  1.000000e-50  1.000000e-50  1.000000e-50  1.000000e-50  1.000000e-50  1.775253e-02  2.662879e-02  1.000000e-50  9.905912e-02  1.000000e-50  3.195455e-03  2.538612e-02  3.728031e-03  3.372981e-03  1.000000e-50  1.000000e-50  9.497603e-02  1.189419e-02  1.153914e-02  3.301971e-02  1.000000e-50  4.970708e-02  7.811113e-03  1.000000e-50  3.745784e-02  1.000000e-50  1.384697e-02  7.278537e-03  5.201491e-02  6.568436e-03  5.343511e-02 


#DOUBLE_1x55_DISCRETE_HIDDEN_DOMINANT-EIGENVECTOR
2.719074e-02  6.700918e-03  1.113823e-03  4.804937e-03  7.311946e-03  2.667313e-03  5.381474e-02  1.104674e-02  5.118521e-03  2.141207e-02  3.621612e-03  3.650161e-03  1.672544e-02  3.372628e-02  3.190394e-02  2.587465e-02  2.238380e-02  1.238354e-02  2.670213e-03  9.604711e-03  1.430438e-02  4.000376e-02  7.121460e-03  1.129779e-02  2.180910e-02  3.476627e-03  1.093748e-01  4.965876e-04  1.053793e-02  6.647923e-02  2.028147e-02  3.459213e-03  3.180640e-02  5.487706e-03  6.859638e-03  1.322044e-02  5.517863e-03  8.639387e-03  1.787083e-02  1.339752e-02  3.930864e-02  2.985957e-02  3.292346e-02  1.126448e-02  2.474531e-03  1.802517e-02  8.891950e-03  2.895413e-02  2.124575e-02  1.704505e-02  4.868915e-03  2.004998e-02  1.281229e-02  1.212369e-02  2.498422e-02  

#DOUBLE_55x20_DISCRETE_AA_EMISSION
6.377426e-02  1.092807e-02  4.436470e-02  6.801501e-02  6.263252e-02  3.408906e-02  2.609688e-02  1.151525e-01  5.137824e-02  1.309737e-01  2.267167e-02  2.528136e-02  1.000000e-50  3.865601e-02  4.208123e-02  3.082695e-02  4.713750e-02  1.200457e-01  1.679987e-02  4.909476e-02 
8.305648e-02  1.000000e-50  1.235880e-01  4.983389e-02  3.853821e-02  4.584718e-02  2.524917e-02  1.000000e-50  4.916944e-02  7.242525e-02  1.860465e-02  1.003322e-01  2.272425e-01  3.388704e-02  4.717608e-02  3.853821e-02  5.315615e-03  1.063123e-02  9.966777e-03  2.059801e-02 
1.547619e-01  1.000000e-50  1.071429e-01  1.000000e-50  1.000000e-50  5.158730e-02  5.952381e-02  3.412698e-01  1.000000e-50  1.000000e-50  5.555556e-02  2.777778e-02  1.000000e-50  1.000000e-50  1.000000e-50  1.000000e-50  1.388889e-01  1.000000e-50  1.000000e-50  6.349206e-02 
2.298851e-02  1.000000e-50  3.352490e-02  3.065134e-02  1.000000e-50  7.605364e-01  2.298851e-02  1.000000e-50  1.628352e-02  1.915709e-02  3.831418e-03  2.203065e-02  1.000000e-50  5.747126e-03  1.628352e-02  2.873563e-02  1.724138e-02  1.000000e-50  1.000000e-50  1.000000e-50 
3.145796e-02  1.754386e-02  5.807623e-02  3.569268e-02  6.412583e-02  2.601331e-02  5.928615e-02  5.747126e-02  6.170599e-02  8.469449e-02  1.000000e-50  1.143376e-01  1.000000e-50  4.960678e-02  6.836056e-02  3.387780e-02  8.650938e-02  6.110103e-02  1.330913e-02  7.683001e-02 
3.960396e-02  1.155116e-02  1.699670e-01  5.280528e-02  8.250825e-03  9.570957e-02  4.125413e-02  1.000000e-50  5.445545e-02  1.815182e-02  6.600660e-03  3.234323e-01  1.000000e-50  5.115512e-02  4.785479e-02  6.435644e-02  3.300330e-03  1.000000e-50  1.000000e-50  1.155116e-02 
1.230341e-01  1.146789e-02  9.526540e-02  1.688237e-01  2.318152e-02  5.021298e-02  2.187090e-02  1.539974e-02  5.635649e-02  6.503932e-02  2.481979e-02  4.284076e-02  1.000000e-50  6.282765e-02  5.439056e-02  6.077982e-02  5.119594e-02  4.005570e-02  1.245085e-02  1.998689e-02 
3.210464e-02  3.289734e-02  5.430044e-02  5.350773e-02  4.042806e-02  1.000000e-50  2.338486e-02  1.981768e-02  7.808165e-02  9.353944e-02  3.012287e-02  4.676972e-02  1.000000e-50  4.597701e-02  5.786762e-02  8.719778e-02  2.366231e-01  2.338486e-02  1.506143e-02  2.893381e-02 
7.064760e-02  2.943650e-02  1.009251e-01  6.980656e-02  3.111859e-02  1.202691e-01  3.364172e-02  3.532380e-02  6.560135e-02  5.550883e-02  1.513877e-02  9.756098e-02  6.728343e-03  2.775442e-02  5.466779e-02  7.989907e-02  3.448276e-02  3.111859e-02  1.093356e-02  2.943650e-02 
6.265306e-02  8.979592e-03  3.918367e-02  5.857143e-02  1.591837e-02  2.000000e-02  1.306122e-02  2.571429e-02  5.346939e-02  4.632653e-02  1.265306e-02  1.938776e-02  4.197959e-01  1.530612e-02  3.000000e-02  5.551020e-02  2.959184e-02  4.673469e-02  9.591837e-03  1.755102e-02 
1.000000e-50  1.000000e-50  1.234719e-01  1.809291e-01  2.078240e-02  3.056235e-02  3.178484e-02  4.278729e-02  1.320293e-01  4.523227e-02  2.689487e-02  4.645477e-02  1.000000e-50  1.000000e-50  7.212714e-02  7.701711e-02  6.234719e-02  6.112469e-02  1.000000e-50  4.645477e-02 
3.961585e-02  6.002401e-03  5.402161e-02  2.040816e-02  1.200480e-02  6.446579e-01  3.601441e-03  4.801921e-03  3.841537e-02  1.920768e-02  4.801921e-03  3.241297e-02  1.000000e-50  1.320528e-02  1.800720e-02  6.242497e-02  4.801921e-03  6.002401e-03  6.002401e-03  9.603842e-03 
4.233924e-02  3.069595e-02  1.249008e-01  4.525007e-02  6.086266e-02  6.880127e-03  3.836994e-02  1.129929e-01  4.101614e-02  1.164329e-01  2.328658e-02  8.256152e-02  1.000000e-50  2.540355e-02  3.122519e-02  3.678222e-02  1.878804e-02  1.214607e-01  1.000000e-50  4.075152e-02 
1.981107e-02  1.000000e-50  1.000000e-50  5.982682e-02  6.231960e-02  1.000000e-50  2.112306e-02  1.605878e-01  9.643138e-02  1.237208e-01  2.007347e-02  6.166361e-03  1.000000e-50  5.208607e-02  5.720283e-02  6.559958e-03  6.546838e-02  1.970611e-01  1.233272e-02  3.922855e-02 
4.021485e-02  2.203553e-02  2.410136e-02  6.142405e-02  4.462195e-02  1.253271e-02  2.382592e-02  1.061837e-01  7.891475e-02  1.003994e-01  1.638893e-02  3.208924e-02  1.000000e-50  3.635863e-02  6.707065e-02  3.759813e-02  8.332186e-02  1.483267e-01  1.955653e-02  4.503512e-02 
6.735219e-02  2.896315e-02  1.028278e-01  6.769494e-02  3.101971e-02  7.866324e-02  2.793488e-02  2.810626e-02  7.472151e-02  4.404456e-02  1.233933e-02  7.712082e-02  1.000000e-50  3.616110e-02  5.946872e-02  9.888603e-02  9.065981e-02  3.736075e-02  9.940017e-03  2.673522e-02 
3.846154e-02  6.377043e-03  1.667995e-01  5.579912e-02  4.145078e-02  6.058191e-02  3.168593e-02  8.967716e-03  4.284576e-02  8.250299e-02  2.251893e-02  1.193703e-01  4.184934e-02  4.224791e-02  4.065365e-02  6.078119e-02  6.954962e-02  1.414906e-02  1.933041e-02  3.407732e-02 
2.024584e-02  1.518438e-02  1.373825e-01  2.096891e-02  1.000000e-50  9.182936e-02  1.952278e-02  1.000000e-50  1.735358e-02  1.879971e-02  3.253796e-03  7.917570e-02  2.169197e-03  1.771511e-02  2.458424e-02  2.913955e-01  2.324657e-01  1.000000e-50  1.807664e-03  6.146059e-03 
5.369128e-02  4.865772e-02  6.711409e-02  1.208054e-01  5.704698e-02  5.872483e-02  1.000000e-50  9.060403e-02  1.000000e-50  8.053691e-02  1.000000e-50  6.040268e-02  1.174497e-02  4.194631e-02  2.852349e-02  5.369128e-02  7.382550e-02  7.382550e-02  3.187919e-02  4.697987e-02 
9.859155e-03  4.694836e-03  1.830986e-02  9.859155e-03  1.877934e-02  8.295775e-01  7.042254e-03  1.000000e-50  1.455399e-02  9.389671e-03  4.694836e-03  3.943662e-02  1.000000e-50  1.000000e-50  7.511737e-03  7.511737e-03  8.920188e-03  1.000000e-50  2.347418e-03  7.511737e-03 
5.271366e-02  1.372427e-02  1.169682e-01  5.208983e-02  2.994386e-02  1.144729e-01  3.711790e-02  9.357455e-04  1.007486e-01  2.900811e-02  1.902682e-02  2.248908e-01  1.000000e-50  5.520898e-02  6.175920e-02  4.242046e-02  5.614473e-03  3.119152e-03  1.372427e-02  2.651279e-02 
1.088989e-01  2.848972e-02  3.827962e-02  6.324937e-02  4.751952e-02  3.090969e-02  2.034980e-02  5.136949e-02  6.698933e-02  1.306787e-01  3.112969e-02  2.694973e-02  8.249918e-03  4.850951e-02  5.235948e-02  4.289957e-02  6.918931e-02  7.127929e-02  1.671983e-02  4.597954e-02 
1.315623e-01  1.000000e-50  1.000000e-50  1.315623e-01  5.376344e-02  3.921569e-02  2.024035e-02  1.000000e-50  1.049968e-01  1.929159e-01  1.000000e-50  1.960784e-02  1.391524e-02  5.060089e-02  9.614168e-02  4.554080e-02  3.289058e-02  1.000000e-50  2.783049e-02  3.921569e-02 
1.000000e-50  1.000000e-50  1.000000e-50  1.000000e-50  1.000000e-50  1.000000e+00  1.000000e-50  1.000000e-50  1.000000e-50  1.000000e-50  1.000000e-50  1.000000e-50  1.000000e-50  1.000000e-50  1.000000e-50  1.000000e-50  1.000000e-50  1.000000e-50  1.000000e-50  1.000000e-50 
7.251676e-02  2.356287e-02  4.692261e-02  4.956327e-02  3.981312e-02  3.696933e-02  1.665651e-02  4.489133e-02  6.357912e-02  1.107049e-01  1.807841e-02  2.620353e-02  1.773309e-01  2.823482e-02  4.671948e-02  4.509445e-02  2.782856e-02  6.500102e-02  2.721918e-02  3.310989e-02 
7.179487e-02  4.743590e-02  1.000000e-50  1.243590e-01  1.000000e-50  1.025641e-02  1.000000e-50  1.128205e-01  1.000000e-50  1.346154e-01  2.435897e-02  1.000000e-50  1.000000e-50  8.846154e-02  7.051282e-02  6.410256e-02  6.538462e-02  1.269231e-01  1.000000e-50  5.897436e-02 
1.399509e-01  1.309270e-02  2.888450e-02  6.207952e-02  4.403174e-02  2.497684e-02  1.808806e-02  8.379326e-02  7.251339e-02  1.457922e-01  3.202675e-02  2.344600e-02  1.000000e-50  4.693228e-02  6.659147e-02  2.823994e-02  3.617613e-02  7.992588e-02  1.538895e-02  3.806953e-02 
1.000000e-50  1.000000e-50  4.385965e-02  5.263158e-02  1.000000e-50  7.456140e-01  3.508772e-02  1.000000e-50  3.508772e-02  4.385965e-02  1.000000e-50  1.000000e-50  1.000000e-50  4.385965e-02  1.000000e-50  1.000000e-50  1.000000e-50  1.000000e-50  1.000000e-50  1.000000e-50 
1.214316e-01  1.235620e-02  8.904985e-02  6.092885e-02  3.536429e-02  3.451214e-02  3.195569e-02  1.917341e-02  6.476353e-02  1.218577e-01  3.152961e-02  9.629314e-02  1.000000e-50  4.601619e-02  6.348530e-02  6.859821e-02  3.195569e-02  2.258202e-02  9.799744e-03  3.834683e-02 
3.918330e-02  1.275274e-02  9.052465e-03  3.739923e-02  5.292718e-02  8.325624e-03  1.909608e-02  1.695520e-01  3.488833e-02  1.400819e-01  2.035153e-02  1.209198e-02  1.000000e-50  2.491080e-02  4.149597e-02  2.088014e-02  6.951236e-02  2.231399e-01  1.751024e-02  4.684816e-02 
6.937541e-02  2.723147e-02  1.113032e-01  5.684029e-02  3.371515e-02  5.403069e-02  3.868597e-02  2.896045e-02  6.051437e-02  5.035660e-02  1.728982e-02  9.098768e-02  1.000000e-50  3.911822e-02  4.776313e-02  1.180030e-01  5.597579e-02  4.581802e-02  1.599308e-02  3.803761e-02 
4.823990e-02  1.694915e-02  3.911343e-02  3.520209e-02  2.216428e-02  1.043025e-02  2.086050e-02  1.368970e-01  3.780965e-02  1.499348e-01  2.346806e-02  2.477184e-02  1.000000e-50  1.694915e-02  3.911343e-02  5.475880e-02  9.387223e-02  2.125163e-01  1.000000e-50  1.694915e-02 
5.863059e-02  3.963373e-03  2.733361e-02  4.127375e-02  8.473418e-03  2.241356e-02  4.646713e-03  3.690037e-03  4.141041e-02  1.517015e-02  6.013393e-03  7.380074e-03  6.568266e-01  1.161678e-02  1.927019e-02  2.952030e-02  2.487358e-02  1.325680e-02  1.366680e-03  2.870029e-03 
1.538462e-01  1.554828e-02  2.864157e-02  6.137480e-02  2.127660e-02  1.882160e-02  1.882160e-02  1.636661e-02  7.610475e-02  2.144026e-01  3.600655e-02  4.991817e-02  1.000000e-50  4.173486e-02  6.955810e-02  8.837971e-02  3.436989e-02  2.618658e-02  6.546645e-03  2.209493e-02 
2.816901e-02  1.408451e-02  5.313700e-02  1.000000e-50  1.000000e-50  6.197183e-01  7.682458e-03  1.000000e-50  2.304738e-02  1.664533e-02  1.216389e-02  4.225352e-02  4.353393e-02  1.280410e-03  1.984635e-02  6.017926e-02  4.609475e-02  7.042254e-03  1.000000e-50  5.121639e-03 
3.353454e-03  1.000000e-50  1.676727e-03  1.676727e-03  2.012072e-03  9.731724e-01  1.676727e-03  1.000000e-50  1.676727e-03  1.006036e-03  1.676727e-03  2.012072e-03  1.000000e-50  1.006036e-03  1.000000e-50  4.694836e-03  2.682763e-03  1.000000e-50  3.353454e-04  1.341382e-03 
1.032826e-01  1.000000e-50  3.602882e-02  8.967174e-02  3.042434e-02  6.325060e-02  2.001601e-02  2.562050e-02  7.045637e-02  6.565252e-02  1.761409e-02  4.323459e-02  1.513211e-01  4.323459e-02  4.723779e-02  6.805444e-02  4.563651e-02  2.642114e-02  2.481986e-02  2.802242e-02 
4.831169e-02  3.012987e-02  1.402597e-02  5.610390e-02  6.909091e-02  3.012987e-02  3.064935e-02  1.049351e-01  8.675325e-02  1.532468e-01  2.389610e-02  1.662338e-02  1.000000e-50  3.012987e-02  4.207792e-02  1.610390e-02  3.740260e-02  1.345455e-01  1.818182e-02  5.766234e-02 
1.106956e-01  4.736973e-03  6.058340e-02  1.266517e-01  3.216156e-02  2.692595e-02  1.844926e-02  3.041636e-02  1.209175e-01  1.039641e-01  2.966841e-02  4.188482e-02  1.000000e-50  5.933682e-02  8.626278e-02  4.338070e-02  3.590127e-02  3.789579e-02  9.473947e-03  2.069309e-02 
4.432683e-02  2.282501e-02  3.473371e-02  5.491234e-02  9.030764e-02  1.720146e-02  4.631161e-02  5.391995e-02  6.549785e-02  1.217334e-01  2.944095e-02  5.954350e-02  1.000000e-50  3.274892e-02  4.664241e-02  5.094277e-02  8.898445e-02  6.086669e-02  1.290109e-02  6.615944e-02 
9.457034e-02  9.086830e-03  4.599506e-02  8.088400e-02  3.702042e-02  3.982499e-02  1.895894e-02  5.306260e-02  5.855957e-02  8.974647e-02  1.536908e-02  2.333408e-02  1.455015e-01  3.466457e-02  4.453668e-02  4.767781e-02  3.387929e-02  6.742203e-02  2.288535e-02  3.702042e-02 
1.598160e-01  2.774892e-02  2.908443e-02  5.994955e-02  9.096305e-02  7.152396e-02  3.353613e-02  1.661968e-02  5.119454e-02  3.947173e-02  3.027155e-02  2.136816e-02  1.000000e-50  4.065885e-02  6.128506e-02  9.942128e-02  4.243953e-02  3.902656e-02  2.062621e-02  6.499481e-02 
6.290409e-02  3.138470e-02  1.939655e-02  3.232759e-02  7.893319e-02  5.563039e-02  2.141703e-02  5.684267e-02  3.502155e-02  5.845905e-02  1.818427e-02  1.993534e-02  1.000000e-50  2.720905e-02  4.364224e-02  9.199892e-02  1.318696e-01  1.039871e-01  2.370690e-02  8.714978e-02 
1.565836e-01  1.344405e-02  4.982206e-02  7.789640e-02  3.242388e-02  3.202847e-02  1.621194e-02  4.586793e-02  7.156979e-02  9.054962e-02  2.253855e-02  1.977066e-02  6.722025e-02  3.361012e-02  5.773033e-02  8.105971e-02  2.570186e-02  5.733491e-02  2.056149e-02  2.807434e-02 
8.900524e-02  1.000000e-50  7.329843e-02  6.806283e-02  3.141361e-02  3.839442e-02  2.966841e-02  5.759162e-02  9.075044e-02  1.588133e-01  2.268761e-02  3.839442e-02  1.000000e-50  4.013962e-02  5.410122e-02  5.410122e-02  3.490401e-02  7.853403e-02  1.919721e-02  2.094241e-02 
1.690621e-01  1.534714e-02  4.068210e-02  7.819732e-02  5.164434e-02  1.000000e-50  2.630938e-02  5.091352e-02  6.333739e-02  1.205847e-01  3.020706e-02  2.362972e-02  1.000000e-50  4.457978e-02  6.723508e-02  9.451888e-02  1.000000e-50  5.797808e-02  2.119367e-02  4.457978e-02 
6.350757e-02  3.175379e-02  1.221299e-01  4.005862e-02  7.669761e-02  1.954079e-03  6.985833e-02  2.735711e-02  3.859306e-02  6.008793e-02  2.686859e-02  1.489985e-01  1.000000e-50  2.979971e-02  5.959941e-02  4.103566e-02  3.957010e-02  2.784563e-02  2.051783e-02  7.376649e-02 
1.641426e-01  1.086125e-02  4.390393e-02  8.474836e-02  2.386416e-02  2.478201e-02  1.361481e-02  3.640814e-02  9.255010e-02  1.448677e-01  3.457243e-02  4.742236e-02  6.119015e-04  5.858957e-02  8.031207e-02  5.124675e-02  2.371118e-02  3.334863e-02  1.254398e-02  1.789812e-02 
2.370157e-02  4.554823e-02  3.176010e-01  4.967024e-02  1.607585e-02  7.213520e-03  3.586150e-02  2.081616e-02  2.741138e-02  2.864798e-02  8.244023e-03  1.848722e-01  1.174773e-02  1.401484e-02  3.050289e-02  9.666117e-02  2.164056e-02  2.452597e-02  1.236603e-02  2.287716e-02 
1.219771e-01  1.435025e-02  8.557002e-02  1.185225e-01  2.418283e-02  5.979272e-02  3.215520e-02  1.913367e-02  7.387723e-02  5.022588e-02  1.567898e-02  4.597396e-02  6.112145e-03  4.650545e-02  5.341483e-02  1.331385e-01  4.491098e-02  1.355302e-02  1.833643e-02  2.258836e-02 
1.724453e-01  1.733577e-02  5.565693e-02  1.268248e-01  2.007299e-02  6.934307e-02  1.642336e-02  5.018248e-02  9.032847e-02  1.149635e-01  1.000000e-50  1.000000e-50  1.000000e-50  5.474453e-02  5.748175e-02  5.383212e-02  5.291971e-02  2.919708e-02  1.824818e-02  1.000000e-50 
9.387395e-02  1.696783e-02  6.302336e-02  1.073160e-01  1.718819e-02  3.966505e-02  1.718819e-02  5.751432e-02  6.456589e-02  9.872190e-02  3.657999e-02  3.349493e-02  4.385192e-02  4.847951e-02  6.588806e-02  6.588806e-02  3.283385e-02  5.420890e-02  1.145879e-02  3.129132e-02 
8.505510e-02  4.476584e-03  1.404959e-01  7.920110e-02  1.411846e-02  2.444904e-02  2.513774e-02  2.341598e-02  1.229339e-01  6.370523e-02  4.476584e-03  3.168044e-02  7.541322e-02  5.130854e-02  6.473829e-02  7.196970e-02  5.027548e-02  4.373278e-02  5.165289e-03  1.825069e-02 
1.024052e-01  1.202624e-02  1.031341e-01  9.912536e-02  2.587464e-02  3.862974e-02  2.332362e-02  1.166181e-02  7.689504e-02  8.527697e-02  1.822157e-02  3.061224e-02  1.000000e-50  6.960641e-02  5.466472e-02  1.410350e-01  5.466472e-02  9.839650e-03  1.275510e-02  3.024781e-02 
7.217039e-02  3.186059e-02  4.699877e-02  4.963915e-02  5.087133e-02  2.552368e-02  4.242211e-02  1.179370e-02  3.802148e-02  9.857419e-03  1.302588e-02  5.333568e-02  1.000000e-50  3.467699e-02  5.615209e-02  1.751452e-01  1.939799e-01  2.693188e-02  1.425805e-02  5.333568e-02 


#DOUBLE_55x3_DISCRETE_SS_EMISSION
1.000000e+00  1.000000e-50  1.000000e-50 
5.252791e-03  1.050558e-02  9.842416e-01 
1.000000e+00  1.000000e-50  1.000000e-50 
1.937984e-03  7.751938e-03  9.903101e-01 
1.000000e-50  1.000000e-50  1.000000e+00 
1.000000e-50  2.372323e-01  7.627677e-01 
1.000000e+00  1.000000e-50  1.000000e-50 
1.000000e-50  1.000000e-50  1.000000e+00 
1.000000e-50  1.666667e-02  9.833333e-01 
1.000000e-50  8.336722e-03  9.916633e-01 
1.000000e-50  1.000000e-50  1.000000e+00 
4.368932e-02  1.000000e-50  9.563107e-01 
1.000000e-50  1.000000e+00  1.000000e-50 
1.000000e-50  1.000000e-50  1.000000e+00 
1.000000e-50  9.931899e-01  6.810133e-03 
1.000000e-50  1.000000e-50  1.000000e+00 
7.930214e-04  1.070579e-02  9.885012e-01 
1.000000e-50  4.307251e-02  9.569275e-01 
4.568528e-01  1.000000e-50  5.431472e-01 
1.000000e-50  1.000000e-50  1.000000e+00 
5.332497e-03  2.195734e-03  9.924718e-01 
1.000000e-50  1.000000e-50  1.000000e+00 
9.987484e-01  1.000000e-50  1.251564e-03 
1.000000e-50  1.059239e-02  9.894076e-01 
1.000000e-50  1.000000e+00  1.000000e-50 
1.000000e+00  1.000000e-50  1.000000e-50 
1.000000e+00  1.000000e-50  1.000000e-50 
1.000000e-50  1.000000e-50  1.000000e+00 
1.000000e-50  1.000000e-50  1.000000e+00 
1.000000e-50  1.000000e+00  1.000000e-50 
1.000000e-50  4.314831e-02  9.568517e-01 
1.000000e-50  9.987212e-01  1.278772e-03 
1.365747e-04  7.238459e-03  9.926250e-01 
1.000000e+00  1.000000e-50  1.000000e-50 
1.000000e-50  3.477141e-02  9.652286e-01 
1.639893e-02  2.898260e-01  6.937751e-01 
5.229794e-02  1.000000e-50  9.477021e-01 
2.254851e-02  1.000000e-50  9.774515e-01 
1.000000e+00  1.000000e-50  1.000000e-50 
1.000000e+00  1.000000e-50  1.000000e-50 
1.000000e+00  1.000000e-50  1.000000e-50 
1.000000e-50  1.000000e+00  1.000000e-50 
1.000000e-50  1.000000e+00  1.000000e-50 
1.000000e-50  1.000000e-50  1.000000e+00 
1.000000e-50  1.000000e+00  1.000000e-50 
1.000000e-50  1.000000e-50  1.000000e+00 
5.845105e-03  1.656113e-02  9.775938e-01 
1.000000e+00  1.000000e-50  1.000000e-50 
2.086376e-03  1.000000e-50  9.979136e-01 
1.000000e-50  1.000000e-50  1.000000e+00 
1.000000e-50  1.000000e-50  1.000000e+00 
9.993324e-01  1.000000e-50  6.675567e-04 
1.000000e-50  6.211180e-03  9.937888e-01 
1.000000e-50  1.000000e-50  1.000000e+00 
1.000000e-50  1.000000e-50  1.000000e+00 


#DOUBLE_55x2_DISCRETE_CIS_EMISSION
1.000000e+00  1.000000e-50 
1.000000e+00  1.000000e-50 
1.000000e+00  1.000000e-50 
1.000000e+00  1.000000e-50 
1.000000e+00  1.000000e-50 
1.000000e+00  1.000000e-50 
1.000000e+00  1.000000e-50 
1.000000e+00  1.000000e-50 
9.949452e-01  5.054760e-03 
9.938663e-01  6.133715e-03 
1.000000e+00  1.000000e-50 
1.000000e+00  1.000000e-50 
1.000000e+00  1.000000e-50 
1.000000e+00  1.000000e-50 
9.997267e-01  2.733361e-04 
9.988069e-01  1.193114e-03 
9.788803e-01  2.111974e-02 
1.000000e+00  1.000000e-50 
1.000000e+00  1.000000e-50 
1.000000e+00  1.000000e-50 
1.000000e+00  1.000000e-50 
1.000000e+00  1.000000e-50 
1.000000e+00  1.000000e-50 
1.000000e+00  1.000000e-50 
1.000000e+00  1.000000e-50 
1.000000e+00  1.000000e-50 
1.000000e+00  1.000000e-50 
1.000000e+00  1.000000e-50 
1.000000e+00  1.000000e-50 
1.000000e+00  1.000000e-50 
1.000000e+00  1.000000e-50 
1.000000e+00  1.000000e-50 
9.541890e-01  4.581098e-02 
1.000000e+00  1.000000e-50 
1.000000e+00  1.000000e-50 
1.000000e+00  1.000000e-50 
1.000000e+00  1.000000e-50 
1.000000e+00  1.000000e-50 
1.000000e+00  1.000000e-50 
1.000000e+00  1.000000e-50 
1.000000e+00  1.000000e-50 
1.000000e+00  1.000000e-50 
1.000000e+00  1.000000e-50 
1.000000e+00  1.000000e-50 
1.000000e+00  1.000000e-50 
1.000000e+00  1.000000e-50 
9.990157e-01  9.842520e-04 
1.000000e+00  1.000000e-50 
1.000000e+00  1.000000e-50 
1.000000e+00  1.000000e-50 
1.000000e+00  1.000000e-50 
1.000000e+00  1.000000e-50 
9.927636e-01  7.236389e-03 
1.000000e+00  1.000000e-50 
9.970181e-01  2.981933e-03 


#DOUBLE_55x3_TORUS_TORUS_KAPPA
2.113736e+02  1.933356e+02  7.914786e+01 
5.051143e+01  9.762968e+00  -5.575495e-01 
4.404888e+01  3.691541e+01  4.481710e+00 
4.451650e+00  2.839123e+00  -3.207884e-01 
4.250419e+01  3.471925e+01  1.119942e+01 
1.365703e+02  7.925612e+01  3.706755e+01 
3.112056e+02  2.750888e+02  1.051288e+02 
2.648753e+01  3.177243e+01  9.284806e+00 
9.071478e+00  2.929784e+00  2.283985e-01 
9.155421e+01  6.240390e+01  2.892874e+01 
1.445748e+01  1.038108e+01  -1.664002e+00 
2.826627e+01  1.113697e+01  1.426909e+00 
6.762683e+00  1.343999e+01  -2.841410e+00 
1.144177e+01  1.199544e+01  2.528636e+00 
1.069910e+01  1.481329e+01  2.277592e+00 
5.150158e+00  3.302382e+00  2.836970e-01 
5.485479e+01  4.732974e+01  1.755184e+01 
3.999191e+01  4.697393e+01  1.387478e+01 
3.766751e+00  4.930593e+00  -2.814679e-01 
9.301244e+01  4.321425e+01  2.166745e+01 
1.343707e+02  6.542776e+01  3.525231e+01 
1.843643e+01  1.611041e+01  3.070416e+00 
2.708895e+01  3.527927e+01  3.097228e+00 
3.895441e+01  3.040939e+01  1.050595e+01 
2.119312e+01  1.629340e+01  -1.106032e+00 
4.558885e+01  4.257487e+01  1.493175e+01 
3.779962e+02  3.081357e+02  1.120124e+02 
1.979845e+01  6.428325e+00  2.560966e+00 
7.952586e+01  8.502580e+01  3.196508e+01 
2.328578e+01  3.646432e+01  4.227833e+00 
5.570608e+00  3.284286e+00  -2.156082e-01 
1.859988e+01  1.079276e+01  2.848102e+00 
5.812851e+01  3.753352e+01  1.512494e+01 
1.141669e+02  1.400881e+02  5.404129e+01 
1.515615e+01  1.426381e+01  3.988977e+00 
2.602622e+00  5.991726e+00  -4.832559e-02 
1.113080e+01  6.408615e+00  1.909699e+00 
5.395705e+00  8.540936e+00  -1.149037e+00 
5.940028e+01  3.891711e+01  7.437055e+00 
2.117724e+01  2.261914e+01  7.319460e+00 
1.477960e+02  1.109132e+02  4.564114e+01 
3.394000e+01  2.394771e+01  8.155791e+00 
2.185072e+01  2.787003e+01  5.846837e+00 
2.423529e+02  1.633425e+02  7.743171e+01 
2.365217e+01  2.140942e+01  3.809013e+00 
6.998345e+01  6.057144e+01  2.096551e+01 
1.612210e+01  1.042552e+01  1.295544e+00 
2.992559e+02  1.955562e+02  8.862679e+01 
5.737606e+00  7.579412e+00  -3.739220e+00 
2.362974e+02  1.523167e+02  7.460492e+01 
4.373969e+01  5.484923e+01  1.400290e+01 
8.302478e+01  6.522649e+01  2.606623e+01 
3.306145e+01  3.870859e+01  1.126753e+01 
1.326020e+02  1.307132e+02  5.397362e+01 
1.146536e+01  1.976888e+01  1.579982e+00 


#DOUBLE_55x2_TORUS_TORUS_MU
-1.195420e+00  -8.228254e-01 
-1.431590e+00  1.224401e+00 
-9.163522e-01  -8.547968e-01 
1.721151e+00  -2.308559e-01 
-2.016158e+00  2.917592e-01 
9.174088e-01  7.656981e-01 
-1.135937e+00  -6.998741e-01 
-1.828995e+00  -1.530102e-01 
1.011372e+00  1.204076e+00 
-1.082491e+00  -4.242200e-01 
-1.345001e+00  -6.088124e-01 
1.044885e+00  -2.271187e+00 
-1.860593e+00  1.908149e+00 
-1.948536e+00  2.331493e+00 
-1.917249e+00  2.363196e+00 
-1.859289e+00  -9.219128e-02 
-1.671823e+00  9.735494e-02 
-1.402395e+00  2.882283e+00 
-1.529348e+00  -8.057139e-01 
1.329793e+00  2.281834e-01 
1.002387e+00  6.433506e-01 
-1.365393e+00  2.510372e+00 
-9.705791e-01  -9.400334e-01 
1.600415e+00  -5.606180e-03 
-1.351029e+00  2.388179e+00 
-1.498340e+00  -7.874769e-01 
-1.093161e+00  -7.524576e-01 
1.420143e+00  2.953451e+00 
-1.548588e+00  9.031967e-02 
-2.039645e+00  2.238814e+00 
-2.407826e+00  2.484732e+00 
-1.851265e+00  -4.529895e-01 
-1.136227e+00  2.568651e+00 
-1.423683e+00  -2.366301e-01 
-1.613733e+00  -2.974881e+00 
2.162190e+00  -3.042486e+00 
-1.072968e+00  -8.223299e-01 
-1.645659e+00  -6.792868e-01 
-1.307884e+00  -5.777105e-01 
-1.650688e+00  -3.940596e-01 
-1.009230e+00  -7.083634e-01 
-2.614918e+00  2.616113e+00 
-2.239281e+00  2.717704e+00 
-1.005369e+00  -5.652047e-01 
-1.432201e+00  -6.273523e-01 
-1.100863e+00  2.412861e+00 
-2.287383e+00  1.291924e+00 
-1.086135e+00  -5.840142e-01 
-1.462671e+00  2.042031e+00 
-1.147305e+00  -2.953802e-01 
-1.008748e+00  -7.210307e-01 
-1.056208e+00  -5.314169e-01 
-1.363675e+00  -5.466830e-01 
-1.407575e+00  -2.337578e-01 
-2.431625e+00  2.798851e+00 


