#DOUBLE_1x45_DISCRETE_HIDDEN_START
7.596685e-02  9.254144e-02  2.071823e-02  1.000000e-50  1.312155e-02  1.000000e-50  8.287293e-03  1.000000e-50  2.071823e-02  1.000000e-50  4.834254e-03  1.000000e-50  9.668508e-03  1.000000e-50  1.795580e-02  1.243094e-02  1.000000e-50  1.035912e-02  7.527624e-02  1.000000e-50  1.000000e-50  1.000000e-50  8.287293e-03  1.000000e-50  1.000000e-50  5.524862e-03  6.215470e-02  2.486188e-02  1.795580e-02  1.000000e-50  4.005525e-02  9.875691e-02  1.000000e-50  1.000000e-50  8.977901e-02  1.000000e-50  1.000000e-50  3.798343e-02  2.071823e-02  1.450276e-02  6.629834e-02  1.000000e-50  1.000000e-50  1.284530e-01  2.279006e-02  

#DOUBLE_45x45_DISCRETE_HIDDEN_TRANSITION
2.261670e-02  5.930309e-02  3.142669e-02  1.406969e-02  2.024984e-02  1.000000e-50  9.467456e-03  1.608153e-01  6.574622e-03  2.366864e-03  1.000000e-50  1.000000e-50  1.000000e-50  2.629849e-04  7.232084e-02  4.207758e-02  1.000000e-50  1.000000e-50  1.000000e-50  1.000000e-50  1.000000e-50  1.880342e-02  3.024326e-03  8.323471e-02  1.000000e-50  8.678501e-03  5.575279e-02  5.522682e-03  2.103879e-02  1.000000e-50  5.259698e-04  1.420118e-01  1.000000e-50  1.000000e-50  4.089415e-02  5.522682e-03  7.100592e-03  1.196581e-02  4.089415e-02  1.314924e-02  1.380671e-02  1.000000e-50  1.000000e-50  6.364234e-02  2.287968e-02 
9.350522e-02  1.979439e-01  8.110313e-02  1.000000e-50  5.221932e-03  1.000000e-50  2.839426e-02  1.000000e-50  1.000000e-50  1.000000e-50  1.000000e-50  1.000000e-50  1.000000e-50  1.000000e-50  1.000000e-50  9.954308e-03  1.000000e-50  1.000000e-50  4.552872e-02  1.631854e-02  1.000000e-50  4.095953e-02  9.627937e-03  1.000000e-50  1.000000e-50  6.527415e-03  7.000653e-02  1.000000e-50  1.000000e-50  1.000000e-50  9.464752e-03  1.093342e-02  2.610966e-03  1.000000e-50  1.171671e-01  1.000000e-50  2.056136e-02  1.925587e-02  3.116841e-02  3.312663e-02  5.711488e-02  1.000000e-50  1.000000e-50  5.646214e-02  3.704308e-02 
6.002501e-02  1.734056e-01  1.000000e-50  6.252605e-03  3.751563e-03  1.000000e-50  2.417674e-02  1.000000e-50  1.000000e-50  1.000000e-50  2.375990e-02  1.000000e-50  1.000000e-50  1.000000e-50  1.000000e-50  7.086286e-03  1.000000e-50  1.000000e-50  1.104627e-01  1.000000e-50  1.000000e-50  3.918299e-02  2.167570e-02  1.000000e-50  2.042518e-02  2.542726e-02  4.168404e-02  1.000000e-50  1.000000e-50  1.000000e-50  1.125469e-02  1.292205e-02  1.000000e-50  1.208837e-02  1.392247e-01  1.000417e-02  1.000000e-50  1.792414e-02  3.376407e-02  1.917466e-02  4.710296e-02  1.458941e-02  1.000000e-50  8.962068e-02  3.501459e-02 
1.116639e-01  7.960199e-02  1.000000e-50  1.000000e-50  5.914870e-02  1.000000e-50  1.000000e-50  1.000000e-50  1.547816e-02  1.000000e-50  1.199558e-01  1.000000e-50  1.000000e-50  1.000000e-50  1.000000e-50  1.000000e-50  1.000000e-50  1.000000e-50  1.072416e-01  1.000000e-50  1.000000e-50  1.000000e-50  1.000000e-50  1.000000e-50  1.000000e-50  1.000000e-50  2.598121e-02  1.000000e-50  1.000000e-50  1.000000e-50  1.000000e-50  1.000000e-50  2.763958e-03  4.256495e-02  1.000000e-50  1.000000e-50  1.000000e-50  1.381979e-02  2.537313e-01  1.713654e-02  1.000000e-50  1.000000e-50  1.000000e-50  1.321172e-01  1.879491e-02 
1.001601e-01  3.415762e-02  5.337129e-03  1.000000e-50  9.428927e-03  1.000000e-50  3.504714e-02  1.000000e-50  2.383917e-02  1.000000e-50  8.735101e-02  1.000000e-50  1.000000e-50  1.000000e-50  1.000000e-50  1.031845e-02  1.000000e-50  1.174168e-02  1.859100e-01  4.625511e-03  1.000000e-50  1.031845e-02  1.000000e-50  1.000000e-50  6.226650e-03  5.337129e-03  4.305284e-02  1.725672e-02  1.000000e-50  1.000000e-50  1.000000e-50  1.000000e-50  1.000000e-50  5.141434e-02  2.152642e-02  1.209749e-02  1.000000e-50  2.063690e-02  4.234122e-02  1.903576e-02  3.024373e-02  4.127379e-02  1.000000e-50  1.570895e-01  1.423234e-02 
7.037457e-02  2.875520e-02  3.745743e-02  1.000000e-50  1.000000e-50  1.000000e-50  1.000000e-50  1.000000e-50  1.000000e-50  1.000000e-50  2.977677e-01  1.000000e-50  1.000000e-50  1.000000e-50  1.000000e-50  1.324253e-02  1.000000e-50  1.000000e-50  1.078320e-01  1.778282e-02  1.000000e-50  7.945516e-03  1.000000e-50  1.210745e-02  1.000000e-50  1.551267e-02  1.000000e-50  1.000000e-50  8.323874e-03  1.000000e-50  1.000000e-50  1.000000e-50  1.000000e-50  2.716610e-01  1.891790e-03  1.000000e-50  1.000000e-50  5.297011e-03  2.875520e-02  1.000000e-50  1.000000e-50  2.459327e-02  1.000000e-50  4.578131e-02  4.918653e-03 
4.846939e-02  3.571429e-02  2.168367e-02  1.000000e-50  5.102041e-03  1.000000e-50  2.721088e-02  1.062925e-02  5.314626e-02  5.229592e-02  1.000000e-50  1.000000e-50  1.000000e-50  3.826531e-03  1.955782e-02  1.232993e-02  1.000000e-50  1.000000e-50  4.931973e-02  1.000000e-50  1.000000e-50  3.656463e-02  7.610544e-02  1.000000e-50  1.000000e-50  1.000000e-50  1.000000e-50  4.591837e-02  6.377551e-03  1.000000e-50  1.092687e-01  7.057823e-02  1.000000e-50  1.000000e-50  6.037415e-02  1.000000e-50  1.000000e-50  8.418367e-02  3.741497e-02  1.190476e-02  5.187075e-02  1.000000e-50  5.527211e-03  5.017007e-02  1.445578e-02 
1.317523e-02  1.000000e-50  1.000000e-50  3.040184e-01  1.712780e-01  1.000000e-50  1.000000e-50  1.000000e-50  1.000000e-50  1.000000e-50  1.000000e-50  1.000000e-50  1.000000e-50  1.000000e-50  1.000000e-50  3.675889e-01  1.000000e-50  1.000000e-50  1.000000e-50  4.512516e-02  1.000000e-50  2.700922e-02  1.000000e-50  1.000000e-50  1.000000e-50  1.000000e-50  1.943347e-02  1.000000e-50  1.000000e-50  1.000000e-50  3.623188e-03  1.000000e-50  1.000000e-50  1.000000e-50  1.000000e-50  1.000000e-50  1.000000e-50  1.000000e-50  3.491436e-02  1.000000e-50  1.000000e-50  7.905138e-03  1.000000e-50  1.000000e-50  5.928854e-03 
1.769912e-02  7.374631e-04  9.955752e-03  1.000000e-50  1.000000e-50  1.000000e-50  3.687316e-04  1.000000e-50  4.609145e-02  1.585546e-02  1.000000e-50  1.000000e-50  1.000000e-50  2.935103e-01  1.000000e-50  1.000000e-50  1.000000e-50  1.000000e-50  2.470501e-02  1.000000e-50  1.000000e-50  1.000000e-50  1.000000e-50  1.000000e-50  9.255162e-02  1.000000e-50  1.000000e-50  1.718289e-01  1.000000e-50  1.000000e-50  1.065634e-01  1.000000e-50  1.000000e-50  1.000000e-50  5.162242e-03  1.000000e-50  1.000000e-50  1.751475e-01  1.000000e-50  1.000000e-50  7.374631e-04  1.000000e-50  1.000000e-50  3.908555e-02  1.000000e-50 
4.699093e-02  1.000000e-50  1.000000e-50  1.000000e-50  1.937345e-02  1.000000e-50  1.896125e-02  1.000000e-50  1.000000e-50  1.607585e-02  8.244023e-03  1.000000e-50  1.000000e-50  1.000000e-50  1.000000e-50  4.286892e-02  1.000000e-50  3.503710e-02  8.573784e-02  1.000000e-50  1.000000e-50  4.657873e-02  8.944765e-02  3.338829e-02  5.234955e-02  1.112943e-02  1.000000e-50  2.967848e-02  1.030503e-02  1.000000e-50  1.842539e-01  1.000000e-50  1.000000e-50  1.000000e-50  4.369332e-02  1.000000e-50  1.000000e-50  1.607585e-02  2.967848e-02  4.946414e-03  4.122012e-02  4.369332e-02  1.000000e-50  6.924979e-02  2.102226e-02 
2.158273e-02  3.442960e-02  4.624872e-03  1.000000e-50  2.723535e-02  1.000000e-50  5.395683e-03  1.000000e-50  2.595067e-02  1.000000e-50  4.367934e-03  1.000000e-50  7.708119e-03  1.000000e-50  1.000000e-50  1.772867e-02  1.000000e-50  4.779034e-02  2.440904e-01  5.138746e-04  1.000000e-50  1.000000e-50  1.000000e-50  1.000000e-50  4.110997e-03  3.597122e-03  5.395683e-03  1.875642e-02  4.110997e-03  1.000000e-50  1.130524e-02  1.000000e-50  1.000000e-50  1.284687e-03  4.547790e-02  7.708119e-03  1.000000e-50  5.909558e-02  2.569373e-02  4.367934e-03  4.701953e-02  1.000000e-50  1.000000e-50  3.047276e-01  1.593011e-02 
4.024014e-02  1.216940e-02  7.463897e-03  1.000000e-50  1.000000e-50  1.000000e-50  1.460328e-03  1.000000e-50  1.000000e-50  1.000000e-50  1.622586e-03  8.469901e-02  2.417654e-02  1.000000e-50  1.000000e-50  1.000000e-50  2.026610e-01  1.000000e-50  1.168262e-02  1.000000e-50  1.768619e-02  1.000000e-50  1.000000e-50  1.000000e-50  1.000000e-50  1.000000e-50  1.233166e-02  1.000000e-50  6.749959e-02  2.896317e-01  1.000000e-50  1.000000e-50  1.298069e-02  1.000000e-50  1.000000e-50  1.007626e-01  1.000000e-50  1.000000e-50  1.000000e-50  4.380983e-03  7.463897e-03  2.920656e-03  9.070258e-02  1.947104e-03  5.516794e-03 
1.000000e-50  1.000000e-50  1.000000e-50  1.000000e-50  1.000000e-50  1.000000e-50  1.000000e-50  1.000000e-50  1.000000e-50  1.000000e-50  1.000000e-50  3.081216e-02  3.636998e-01  1.000000e-50  1.000000e-50  1.000000e-50  6.999593e-02  1.000000e-50  1.000000e-50  1.000000e-50  1.000000e-50  1.000000e-50  1.000000e-50  1.000000e-50  1.000000e-50  1.000000e-50  1.000000e-50  1.000000e-50  1.000000e-50  1.000000e-50  1.000000e-50  1.000000e-50  1.000000e-50  1.000000e-50  1.000000e-50  5.339224e-01  1.569676e-03  1.000000e-50  1.000000e-50  1.000000e-50  1.000000e-50  1.000000e-50  1.000000e-50  1.000000e-50  1.000000e-50 
1.000000e-50  1.000000e-50  2.207506e-03  1.000000e-50  1.000000e-50  1.000000e-50  1.272995e-01  1.000000e-50  1.000000e-50  1.000000e-50  1.000000e-50  1.000000e-50  1.471670e-03  2.060338e-02  1.000000e-50  1.000000e-50  1.000000e-50  1.000000e-50  1.000000e-50  1.000000e-50  1.000000e-50  1.000000e-50  6.431199e-01  1.000000e-50  3.679176e-02  5.150846e-03  1.000000e-50  1.000000e-50  1.000000e-50  1.000000e-50  1.236203e-01  1.000000e-50  1.000000e-50  1.000000e-50  1.000000e-50  1.000000e-50  1.000000e-50  3.973510e-02  1.000000e-50  1.000000e-50  1.000000e-50  1.000000e-50  1.000000e-50  1.000000e-50  1.000000e-50 
8.347245e-02  1.000000e-50  1.335559e-02  1.000000e-50  1.202003e-01  5.843072e-03  2.170284e-02  1.000000e-50  1.000000e-50  1.000000e-50  1.000000e-50  1.000000e-50  1.000000e-50  7.512521e-03  1.000000e-50  1.000000e-50  4.173623e-03  2.921536e-02  8.096828e-02  5.175292e-02  1.000000e-50  7.095159e-02  2.337229e-02  1.335559e-02  1.000000e-50  5.008347e-03  1.000000e-50  1.000000e-50  1.000000e-50  1.000000e-50  2.754591e-02  1.000000e-50  1.000000e-50  1.669449e-02  1.819699e-01  1.000000e-50  1.000000e-50  2.838063e-02  8.096828e-02  3.088481e-02  5.091820e-02  2.003339e-02  1.000000e-50  3.171953e-02  1.000000e-50 
9.982384e-03  1.213545e-02  1.957330e-03  8.259933e-02  5.341554e-01  1.000000e-50  5.284792e-03  1.000000e-50  1.000000e-50  1.000000e-50  1.000000e-50  1.000000e-50  1.000000e-50  1.000000e-50  1.000000e-50  1.338814e-01  1.000000e-50  1.174398e-02  1.000000e-50  2.329223e-02  1.000000e-50  1.605011e-02  9.786651e-04  1.000000e-50  1.000000e-50  1.000000e-50  1.996477e-02  1.000000e-50  1.000000e-50  1.000000e-50  2.153063e-03  1.000000e-50  1.000000e-50  1.000000e-50  1.000000e-50  1.000000e-50  1.000000e-50  1.000000e-50  1.266393e-01  3.327461e-03  1.000000e-50  5.676258e-03  1.000000e-50  4.501859e-03  5.676258e-03 
5.394662e-03  1.000000e-50  8.091993e-03  1.000000e-50  1.000000e-50  3.280806e-01  1.000000e-50  1.000000e-50  1.000000e-50  1.000000e-50  2.413401e-03  5.271153e-01  1.000000e-50  1.000000e-50  1.000000e-50  1.000000e-50  1.504827e-02  1.000000e-50  1.000000e-50  4.400909e-03  9.014764e-02  1.000000e-50  1.000000e-50  1.000000e-50  1.000000e-50  1.000000e-50  1.000000e-50  1.000000e-50  1.000000e-50  1.000000e-50  1.000000e-50  2.697331e-03  7.666099e-03  1.561613e-03  1.000000e-50  1.000000e-50  1.000000e-50  1.000000e-50  4.258944e-03  1.000000e-50  7.098240e-04  1.000000e-50  1.000000e-50  1.000000e-50  2.413401e-03 
8.958228e-02  1.000000e-50  1.000000e-50  1.000000e-50  1.000000e-50  1.000000e-50  1.000000e-50  1.000000e-50  1.000000e-50  1.000000e-50  1.000000e-50  2.516356e-03  1.000000e-50  1.000000e-50  1.000000e-50  1.000000e-50  1.000000e-50  1.000000e-50  1.000000e-50  1.000000e-50  1.000000e-50  1.000000e-50  1.665828e-01  1.000000e-50  1.308505e-02  1.000000e-50  1.000000e-50  1.000000e-50  1.000000e-50  1.000000e-50  2.249623e-01  6.542526e-03  1.000000e-50  1.000000e-50  3.694011e-01  1.000000e-50  1.000000e-50  2.767992e-02  1.000000e-50  1.000000e-50  1.000000e-50  1.000000e-50  1.000000e-50  9.964771e-02  1.000000e-50 
5.495495e-02  2.483912e-02  1.000000e-50  1.000000e-50  1.814672e-02  1.000000e-50  1.428571e-02  4.157014e-02  3.050193e-02  1.000000e-50  9.472329e-02  1.000000e-50  1.000000e-50  2.574003e-04  1.000000e-50  6.435006e-03  1.000000e-50  5.289575e-02  2.342342e-02  1.000000e-50  1.000000e-50  3.590734e-02  1.544402e-02  3.140283e-02  4.247104e-03  1.132561e-02  2.960103e-03  2.985843e-02  1.000000e-50  1.000000e-50  2.419562e-02  1.478764e-01  7.722008e-04  3.732304e-02  5.842986e-02  1.000000e-50  1.000000e-50  3.770914e-02  4.182754e-02  4.504505e-03  6.576577e-02  1.000000e-50  1.000000e-50  6.872587e-02  1.969112e-02 
1.213675e-01  1.641026e-01  1.000000e-50  1.000000e-50  9.401709e-02  2.717949e-01  1.000000e-50  1.000000e-50  1.000000e-50  1.000000e-50  1.000000e-50  1.000000e-50  1.000000e-50  1.000000e-50  1.000000e-50  1.000000e-50  1.000000e-50  1.000000e-50  1.000000e-50  1.000000e-50  1.000000e-50  5.811966e-02  1.000000e-50  1.000000e-50  1.000000e-50  1.000000e-50  4.615385e-02  1.000000e-50  1.000000e-50  1.000000e-50  1.000000e-50  1.000000e-50  1.000000e-50  1.000000e-50  1.000000e-50  1.000000e-50  1.000000e-50  1.000000e-50  1.000000e-50  1.025641e-02  1.000000e-50  1.025641e-01  1.179487e-01  1.000000e-50  1.367521e-02 
1.000000e-50  1.000000e-50  1.000000e-50  1.000000e-50  4.790909e-01  1.000000e-50  1.000000e-50  1.000000e-50  1.000000e-50  1.000000e-50  2.727273e-02  1.000000e-50  1.000000e-50  1.000000e-50  1.000000e-50  1.263636e-01  6.363636e-03  1.000000e-50  1.000000e-50  1.000000e-50  1.000000e-50  5.545455e-02  1.000000e-50  1.000000e-50  1.000000e-50  1.000000e-50  1.000000e-50  1.000000e-50  1.000000e-50  1.000000e-50  1.000000e-50  1.000000e-50  1.045455e-01  1.000000e-50  4.545455e-03  1.000000e-50  1.000000e-50  1.000000e-50  1.890909e-01  7.272727e-03  1.000000e-50  1.000000e-50  1.000000e-50  1.000000e-50  1.000000e-50 
1.099629e-01  8.081611e-02  2.305246e-02  1.000000e-50  1.000000e-50  1.000000e-50  1.000000e-50  1.000000e-50  4.769475e-03  1.000000e-50  1.000000e-50  1.000000e-50  1.000000e-50  1.000000e-50  1.000000e-50  9.697933e-02  1.000000e-50  1.000000e-50  1.000000e-50  1.000000e-50  1.000000e-50  1.308956e-01  6.624271e-03  1.000000e-50  1.000000e-50  2.199258e-02  1.000000e-50  1.000000e-50  1.000000e-50  1.000000e-50  1.000000e-50  4.239534e-03  1.000000e-50  1.000000e-50  1.295707e-01  1.000000e-50  1.147324e-01  1.000000e-50  8.055114e-02  1.483837e-02  6.306306e-02  3.736089e-02  4.239534e-03  5.219926e-02  2.411235e-02 
1.391217e-02  8.380825e-03  4.022796e-03  1.000000e-50  1.055984e-02  1.000000e-50  3.251760e-02  1.000000e-50  2.413678e-02  5.967147e-02  5.028495e-04  1.000000e-50  1.000000e-50  4.860878e-03  1.000000e-50  9.218907e-03  1.000000e-50  1.000000e-50  6.704660e-04  1.000000e-50  1.000000e-50  1.190077e-02  1.878981e-01  1.000000e-50  4.190412e-02  2.145491e-02  1.000000e-50  7.559504e-02  1.000000e-50  1.000000e-50  2.683540e-01  1.005699e-02  1.000000e-50  1.000000e-50  1.827020e-02  1.000000e-50  3.352330e-03  1.350989e-01  1.374455e-02  9.554140e-03  2.011398e-02  1.000000e-50  1.000000e-50  1.223600e-02  2.011398e-03 
1.733853e-03  1.000000e-50  1.000000e-50  1.000000e-50  1.000000e-50  1.000000e-50  1.000000e-50  1.000000e-50  1.000000e-50  1.000000e-50  1.000000e-50  1.000000e-50  3.970524e-01  1.000000e-50  1.000000e-50  1.000000e-50  1.473775e-01  1.000000e-50  1.000000e-50  1.000000e-50  1.000000e-50  1.000000e-50  1.000000e-50  1.000000e-50  1.000000e-50  1.000000e-50  2.886866e-01  1.000000e-50  1.651495e-01  1.000000e-50  1.000000e-50  1.000000e-50  1.000000e-50  1.000000e-50  1.000000e-50  1.000000e-50  1.000000e-50  1.000000e-50  1.000000e-50  1.000000e-50  1.000000e-50  1.000000e-50  1.000000e-50  1.000000e-50  1.000000e-50 
2.090946e-02  4.303695e-02  1.000000e-50  1.000000e-50  2.009744e-02  1.000000e-50  1.380430e-02  1.867641e-02  8.018676e-02  7.856273e-02  1.000000e-50  1.000000e-50  1.000000e-50  5.988632e-02  1.000000e-50  1.989444e-02  1.000000e-50  1.000000e-50  1.725538e-02  1.000000e-50  1.000000e-50  6.272838e-02  2.842063e-03  1.000000e-50  1.751929e-01  2.902964e-02  8.526188e-03  1.000000e-50  1.000000e-50  1.000000e-50  1.000000e-50  3.451076e-02  1.000000e-50  1.000000e-50  2.436054e-02  1.000000e-50  5.481121e-03  1.071864e-01  5.542022e-02  4.364596e-02  2.984166e-02  1.000000e-50  1.000000e-50  2.699959e-02  2.192448e-02 
3.012048e-02  2.530120e-02  7.108434e-02  1.000000e-50  1.000000e-50  1.000000e-50  1.000000e-50  1.000000e-50  6.204819e-02  3.072289e-02  2.246988e-01  1.000000e-50  1.000000e-50  6.024096e-03  1.144578e-02  4.216867e-02  6.024096e-04  1.000000e-50  1.000000e-50  1.000000e-50  1.000000e-50  3.313253e-02  2.168675e-02  1.987952e-02  5.421687e-03  1.144578e-02  1.000000e-50  1.000000e-50  1.000000e-50  1.000000e-50  2.409639e-02  8.192771e-02  1.000000e-50  9.457831e-02  5.783133e-02  1.000000e-50  1.000000e-50  3.132530e-02  1.566265e-02  1.000000e-50  3.614458e-02  1.000000e-50  1.000000e-50  5.722892e-02  5.421687e-03 
1.000000e-50  1.000000e-50  1.000000e-50  1.000000e-50  1.000000e-50  1.000000e-50  1.000000e-50  1.000000e-50  1.000000e-50  1.000000e-50  1.000000e-50  1.782030e-01  2.675541e-01  1.000000e-50  1.000000e-50  1.000000e-50  1.763727e-02  1.000000e-50  1.000000e-50  1.000000e-50  1.000000e-50  1.000000e-50  1.000000e-50  1.000000e-50  1.000000e-50  1.000000e-50  2.715474e-01  1.000000e-50  7.154742e-03  1.000000e-50  1.000000e-50  1.000000e-50  3.777038e-02  1.000000e-50  1.000000e-50  1.327787e-01  1.830283e-03  1.000000e-50  1.000000e-50  1.000000e-50  1.000000e-50  1.000000e-50  8.552413e-02  1.000000e-50  1.000000e-50 
1.353093e-02  1.000000e-50  1.000000e-50  1.000000e-50  1.000000e-50  1.000000e-50  7.731959e-03  1.000000e-50  1.492698e-02  1.750430e-02  1.000000e-50  1.000000e-50  1.000000e-50  1.000000e-50  1.288660e-03  1.000000e-50  1.000000e-50  1.000000e-50  1.106100e-02  1.000000e-50  1.000000e-50  1.000000e-50  1.073883e-02  1.000000e-50  1.763316e-01  9.450172e-03  1.000000e-50  3.980885e-01  1.000000e-50  1.000000e-50  4.478093e-02  1.000000e-50  1.000000e-50  1.000000e-50  6.980241e-03  1.000000e-50  1.000000e-50  2.528995e-01  1.000000e-50  1.000000e-50  2.233677e-02  1.000000e-50  1.000000e-50  1.234966e-02  1.000000e-50 
1.000000e-50  1.000000e-50  1.000000e-50  1.000000e-50  1.000000e-50  5.175159e-03  1.000000e-50  1.000000e-50  1.000000e-50  1.000000e-50  1.000000e-50  1.234076e-02  6.572452e-01  1.000000e-50  1.000000e-50  1.000000e-50  1.367834e-01  1.000000e-50  1.000000e-50  1.000000e-50  1.441083e-02  1.000000e-50  1.000000e-50  1.000000e-50  1.000000e-50  1.000000e-50  1.000000e-50  1.000000e-50  1.000000e-50  1.000000e-50  1.000000e-50  1.000000e-50  1.000000e-50  1.000000e-50  1.000000e-50  1.667197e-01  6.130573e-03  1.000000e-50  1.000000e-50  1.000000e-50  1.000000e-50  1.000000e-50  1.194268e-03  1.000000e-50  1.000000e-50 
1.327220e-01  1.307915e-01  3.330116e-02  1.000000e-50  1.000000e-50  1.000000e-50  1.158301e-02  1.000000e-50  1.000000e-50  1.000000e-50  7.432432e-02  1.000000e-50  1.000000e-50  1.000000e-50  1.000000e-50  1.785714e-02  1.000000e-50  1.000000e-50  9.604247e-02  1.000000e-50  1.000000e-50  1.000000e-50  1.000000e-50  1.000000e-50  1.000000e-50  2.654440e-02  1.000000e-50  1.000000e-50  1.303089e-02  1.000000e-50  1.000000e-50  1.000000e-50  4.922780e-02  4.971042e-02  5.212355e-02  1.000000e-50  1.013514e-02  1.689189e-02  3.571429e-02  9.025097e-02  1.000000e-50  5.550193e-02  4.295367e-02  6.129344e-02  1.000000e-50 
1.492819e-02  1.889645e-03  7.558579e-04  1.000000e-50  2.173091e-03  1.000000e-50  1.322751e-02  1.000000e-50  4.790249e-02  7.530234e-02  2.173091e-03  1.000000e-50  1.000000e-50  3.401361e-03  1.133787e-03  1.000000e-50  1.000000e-50  1.000000e-50  9.826153e-03  1.000000e-50  1.000000e-50  3.779289e-03  7.275132e-02  1.000000e-50  8.871882e-02  1.747921e-02  1.000000e-50  2.517007e-01  1.000000e-50  1.000000e-50  1.669501e-01  1.303855e-02  1.000000e-50  2.362056e-03  9.448224e-03  1.000000e-50  1.000000e-50  1.602419e-01  7.086168e-03  7.747543e-03  2.229781e-02  1.000000e-50  1.000000e-50  1.000000e-50  3.684807e-03 
3.375315e-02  2.720403e-02  3.652393e-02  1.000000e-50  3.778338e-03  1.000000e-50  1.637280e-02  5.944584e-02  1.000000e-50  1.000000e-50  7.392947e-02  1.000000e-50  1.000000e-50  1.000000e-50  2.141058e-02  1.309824e-02  1.000000e-50  3.337531e-02  9.042821e-02  1.000000e-50  1.000000e-50  3.035264e-02  1.712846e-02  7.984887e-02  7.556675e-03  2.644836e-03  8.690176e-03  2.644836e-02  1.259446e-04  1.000000e-50  2.871537e-02  9.433249e-02  1.000000e-50  3.287154e-02  5.881612e-02  1.000000e-50  1.000000e-50  2.670025e-02  1.624685e-02  5.667506e-03  3.350126e-02  1.000000e-50  6.171285e-03  9.722922e-02  1.763224e-02 
1.800327e-02  9.656301e-02  1.000000e-50  1.000000e-50  1.000000e-50  6.710311e-02  1.000000e-50  1.000000e-50  1.000000e-50  1.000000e-50  1.000000e-50  8.019640e-02  1.000000e-50  1.000000e-50  1.000000e-50  1.000000e-50  1.000000e-50  1.000000e-50  1.000000e-50  1.000000e-50  1.000000e-50  1.000000e-50  1.000000e-50  1.000000e-50  1.000000e-50  1.000000e-50  1.000000e-50  1.000000e-50  1.000000e-50  4.337152e-01  1.000000e-50  1.000000e-50  1.000000e-50  1.000000e-50  1.000000e-50  4.909984e-02  1.000000e-50  1.000000e-50  1.000000e-50  1.000000e-50  1.000000e-50  5.564648e-02  1.800327e-01  1.000000e-50  1.963993e-02 
6.139992e-02  3.315596e-02  1.000000e-50  1.000000e-50  4.625460e-02  1.000000e-50  1.391731e-02  1.000000e-50  1.000000e-50  1.000000e-50  3.029063e-02  1.000000e-50  1.000000e-50  1.000000e-50  1.000000e-50  1.473598e-02  1.000000e-50  4.993860e-02  1.248465e-01  1.000000e-50  1.000000e-50  1.000000e-50  7.777323e-03  1.000000e-50  1.000000e-50  8.186656e-03  1.801064e-02  1.801064e-02  5.730659e-03  1.000000e-50  4.625460e-02  1.000000e-50  1.000000e-50  2.824396e-02  1.097012e-01  5.321326e-03  1.000000e-50  4.175194e-02  5.812526e-02  1.000000e-50  1.000000e-50  1.000000e-50  1.000000e-50  2.525583e-01  2.578797e-02 
7.879477e-02  4.025014e-02  1.148380e-02  1.000000e-50  1.728255e-02  1.000000e-50  1.523593e-02  3.877203e-02  1.057419e-02  4.775441e-03  4.320637e-03  1.000000e-50  1.000000e-50  1.000000e-50  2.046617e-02  1.000000e-50  1.000000e-50  3.058556e-02  7.401933e-02  1.000000e-50  1.000000e-50  3.399659e-02  1.193860e-02  1.364412e-02  4.661740e-03  1.159750e-02  1.023309e-02  2.057987e-02  1.000000e-50  1.000000e-50  2.785674e-02  1.434906e-01  1.000000e-50  4.434338e-03  8.789085e-02  1.000000e-50  1.000000e-50  2.740193e-02  2.956225e-02  3.194997e-02  6.878908e-02  1.000000e-50  1.000000e-50  9.926094e-02  2.615122e-02 
1.000000e-50  1.000000e-50  3.953090e-04  1.000000e-50  1.000000e-50  3.426011e-03  1.000000e-50  1.000000e-50  1.000000e-50  1.000000e-50  1.000000e-50  6.193174e-03  1.000000e-50  1.000000e-50  1.000000e-50  1.000000e-50  1.380287e-01  1.000000e-50  1.000000e-50  1.000000e-50  1.027803e-02  1.000000e-50  1.000000e-50  1.000000e-50  1.000000e-50  1.000000e-50  1.000000e-50  1.000000e-50  6.825010e-01  4.875478e-03  1.000000e-50  1.000000e-50  1.000000e-50  1.000000e-50  1.000000e-50  1.421795e-01  3.953090e-04  1.000000e-50  1.000000e-50  4.611938e-04  1.000000e-50  1.000000e-50  1.126631e-02  1.000000e-50  1.000000e-50 
6.545741e-02  1.348580e-01  4.179811e-02  1.000000e-50  1.735016e-02  1.000000e-50  1.498423e-02  1.000000e-50  1.000000e-50  1.000000e-50  1.892744e-02  1.000000e-50  1.000000e-50  1.000000e-50  1.000000e-50  1.182965e-02  1.000000e-50  1.000000e-50  9.621451e-02  1.000000e-50  1.000000e-50  5.362776e-02  1.000000e-50  1.000000e-50  6.309148e-03  5.520505e-02  1.000000e-50  1.000000e-50  3.233438e-02  1.000000e-50  2.129338e-02  1.000000e-50  5.520505e-03  6.703470e-02  5.362776e-02  1.000000e-50  1.000000e-50  8.044164e-02  7.334385e-02  6.309148e-03  7.097792e-02  1.000000e-50  1.000000e-50  7.255521e-02  1.000000e-50 
1.736865e-02  1.519757e-02  3.690838e-03  1.000000e-50  1.000000e-50  1.000000e-50  2.138515e-02  8.684325e-04  2.377334e-02  3.658272e-02  2.279635e-03  1.000000e-50  1.000000e-50  1.574034e-02  4.125054e-03  4.667825e-03  1.000000e-50  1.000000e-50  1.074685e-02  1.000000e-50  1.000000e-50  1.074685e-02  1.525185e-01  1.000000e-50  5.178029e-02  1.128962e-02  8.684325e-04  6.795484e-02  1.000000e-50  1.000000e-50  4.131568e-01  6.838906e-03  1.000000e-50  1.000000e-50  2.247069e-02  1.000000e-50  1.000000e-50  5.840208e-02  1.000000e-50  1.845419e-03  3.365176e-02  1.000000e-50  1.000000e-50  7.707338e-03  4.342162e-03 
7.103303e-02  2.654191e-02  2.692381e-02  4.009929e-03  1.603972e-02  1.000000e-50  2.367768e-02  2.749666e-02  1.000000e-50  1.000000e-50  4.277258e-02  1.000000e-50  1.000000e-50  1.000000e-50  1.000000e-50  3.780791e-02  1.000000e-50  1.000000e-50  1.376742e-01  1.000000e-50  1.000000e-50  3.494367e-02  2.520527e-02  3.360703e-02  1.000000e-50  1.336643e-02  1.050220e-02  1.012030e-02  1.546687e-02  1.000000e-50  2.654191e-02  1.000000e-50  1.000000e-50  4.124499e-02  1.338553e-01  7.256063e-03  4.582776e-03  1.279358e-02  2.577812e-02  2.329578e-02  9.700210e-02  1.000000e-50  1.000000e-50  6.205843e-02  8.401757e-03 
5.161290e-02  6.451613e-02  3.027295e-02  2.233251e-02  8.138958e-02  1.000000e-50  1.488834e-02  2.828784e-02  1.000000e-50  1.000000e-50  1.000000e-50  1.000000e-50  1.000000e-50  1.000000e-50  1.000000e-50  7.146402e-02  1.000000e-50  6.451613e-03  2.431762e-02  1.000000e-50  1.000000e-50  1.191067e-02  1.290323e-02  1.000000e-50  4.962779e-03  1.240695e-02  7.841191e-02  1.000000e-50  2.828784e-02  1.000000e-50  1.091811e-02  5.012407e-02  1.000000e-50  1.000000e-50  6.799007e-02  1.000000e-50  1.081886e-01  1.985112e-02  5.012407e-02  3.225806e-02  3.473945e-02  1.000000e-50  1.000000e-50  5.806452e-02  2.332506e-02 
1.671450e-02  3.798751e-02  1.283134e-02  2.971467e-02  1.587034e-02  1.000000e-50  1.097417e-02  3.748101e-02  1.000000e-50  1.000000e-50  1.000000e-50  1.000000e-50  1.000000e-50  1.000000e-50  1.013000e-02  1.229107e-01  1.000000e-50  1.000000e-50  6.905284e-02  1.000000e-50  1.000000e-50  7.344251e-02  1.046767e-02  1.000000e-50  1.000000e-50  7.597501e-03  1.038325e-01  1.000000e-50  1.296640e-01  1.000000e-50  1.857167e-02  4.389667e-02  3.376667e-04  4.052001e-03  6.685801e-02  1.502617e-02  2.346784e-02  1.401317e-02  3.427317e-02  1.874050e-02  2.245484e-02  1.000000e-50  1.874050e-02  1.924700e-02  1.164950e-02 
1.000000e-50  1.000000e-50  1.000000e-50  1.180401e-01  1.314031e-01  1.000000e-50  1.000000e-50  1.013363e-01  1.000000e-50  1.000000e-50  1.000000e-50  1.000000e-50  1.000000e-50  1.000000e-50  1.000000e-50  4.643653e-01  1.000000e-50  1.000000e-50  1.000000e-50  1.000000e-50  1.000000e-50  1.000000e-50  1.000000e-50  8.908686e-03  1.000000e-50  1.000000e-50  1.000000e-50  1.000000e-50  1.000000e-50  1.000000e-50  1.000000e-50  1.000000e-50  1.559020e-02  1.000000e-50  1.000000e-50  1.000000e-50  1.236080e-01  1.000000e-50  3.674833e-02  1.000000e-50  1.000000e-50  1.000000e-50  1.000000e-50  1.000000e-50  1.000000e-50 
1.000000e-50  1.000000e-50  3.326864e-03  1.000000e-50  1.000000e-50  8.871638e-03  1.000000e-50  1.000000e-50  1.000000e-50  1.000000e-50  1.000000e-50  1.000000e-50  1.000000e-50  1.000000e-50  1.000000e-50  1.000000e-50  7.125035e-02  1.000000e-50  1.000000e-50  1.607984e-02  8.871638e-03  1.000000e-50  1.000000e-50  8.233989e-02  1.000000e-50  1.000000e-50  2.719712e-01  1.000000e-50  1.000000e-50  1.000000e-50  1.000000e-50  3.049626e-03  1.000000e-50  1.000000e-50  2.772387e-03  1.000000e-50  1.000000e-50  1.000000e-50  1.000000e-50  1.000000e-50  1.000000e-50  2.772387e-03  5.151095e-01  1.000000e-50  1.358470e-02 
9.124232e-02  2.546067e-02  1.297801e-02  1.000000e-50  1.000000e-50  1.000000e-50  1.020408e-02  1.000000e-50  2.526253e-02  1.188825e-02  1.585100e-03  1.000000e-50  1.000000e-50  1.000000e-50  1.020408e-02  1.000000e-50  1.000000e-50  4.943531e-02  3.160293e-02  1.000000e-50  1.000000e-50  1.218546e-02  4.259956e-03  1.000000e-50  6.340400e-03  1.208639e-02  1.000000e-50  2.159699e-02  1.000000e-50  1.000000e-50  1.634634e-02  2.350902e-01  1.000000e-50  6.340400e-03  8.202893e-02  1.000000e-50  1.000000e-50  4.329305e-02  1.763424e-02  6.934813e-03  9.480880e-02  1.000000e-50  1.000000e-50  1.367149e-01  3.447593e-02 
4.281475e-02  1.348029e-01  3.603222e-02  1.695634e-03  1.441289e-02  1.000000e-50  1.865197e-02  1.949979e-02  1.000000e-50  1.000000e-50  1.000000e-50  1.000000e-50  1.000000e-50  1.000000e-50  1.000000e-50  3.730394e-02  1.000000e-50  2.967359e-03  6.740144e-02  1.000000e-50  1.000000e-50  1.000000e-50  1.822806e-02  1.000000e-50  9.325986e-03  1.000000e-50  3.815176e-02  1.000000e-50  2.713014e-02  1.000000e-50  1.992370e-02  1.000000e-50  1.000000e-50  1.000000e-50  2.280627e-01  1.356507e-02  1.000000e-50  1.526070e-02  4.196694e-02  1.271725e-02  6.612972e-02  1.000000e-50  1.780415e-02  8.986859e-02  2.628232e-02 


#DOUBLE_1x45_DISCRETE_HIDDEN_DOMINANT-EIGENVECTOR
3.364329e-02  2.740478e-02  1.065247e-02  8.089206e-03  2.508250e-02  1.186079e-02  1.049133e-02  1.352308e-02  1.191403e-02  1.102492e-02  1.752361e-02  2.725647e-02  7.592874e-02  6.012592e-03  5.273282e-03  2.265913e-02  3.132665e-02  9.008072e-03  3.489585e-02  2.591170e-03  4.937698e-03  1.710735e-02  2.631039e-02  1.010528e-02  2.208271e-02  7.415561e-03  2.664701e-02  4.101561e-02  5.533512e-02  9.439039e-03  4.753301e-02  3.496268e-02  2.805626e-03  1.111085e-02  3.943679e-02  6.724637e-02  5.802749e-03  4.050340e-02  2.340499e-02  9.066613e-03  2.618709e-02  4.014454e-03  1.612174e-02  4.462073e-02  1.062519e-02  

#DOUBLE_45x20_DISCRETE_AA_EMISSION
3.916449e-02  3.276762e-02  2.295039e-01  4.569191e-02  3.746736e-02  1.266319e-02  4.386423e-02  3.159269e-02  4.569191e-02  4.268930e-02  1.475196e-02  1.584856e-01  1.000000e-50  2.545692e-02  4.817232e-02  7.193211e-02  3.107050e-02  3.550914e-02  1.266319e-02  4.086162e-02 
6.628426e-02  2.979605e-02  5.114723e-02  7.648184e-02  3.537285e-02  7.727852e-02  3.218611e-02  4.668579e-02  7.855322e-02  7.998725e-02  1.704908e-02  3.664755e-02  2.103250e-02  3.266412e-02  5.178458e-02  8.030593e-02  7.695985e-02  6.389420e-02  1.609305e-02  2.979605e-02 
3.981938e-02  1.108374e-02  5.706076e-02  4.269294e-02  1.642036e-02  5.217570e-01  2.668309e-02  1.231527e-02  3.858785e-02  3.735632e-02  1.272578e-02  4.885057e-02  1.642036e-03  1.847291e-02  2.832512e-02  3.530378e-02  2.011494e-02  1.313629e-02  5.336617e-03  1.231527e-02 
8.063631e-02  1.000000e-50  2.166758e-01  1.272628e-01  1.865058e-02  6.198574e-02  2.797586e-02  3.839824e-03  2.852441e-02  2.907296e-02  1.371366e-02  6.527702e-02  1.000000e-50  3.839824e-02  4.882063e-02  1.481075e-01  5.650027e-02  1.000000e-50  1.865058e-02  1.590784e-02 
6.157941e-02  1.242236e-02  1.208518e-01  6.495120e-02  4.560781e-02  3.762201e-02  2.910382e-02  1.526176e-02  7.329193e-02  1.110914e-01  2.200532e-02  8.322981e-02  1.000000e-50  6.299911e-02  4.543035e-02  8.145519e-02  6.885537e-02  1.295475e-02  1.508429e-02  3.620231e-02 
1.349739e-01  2.348993e-02  2.647278e-02  6.413125e-02  3.169277e-02  2.423565e-02  2.721849e-02  1.491424e-02  6.599553e-02  1.644295e-01  3.504847e-02  6.450410e-02  1.000000e-50  4.660701e-02  6.823266e-02  7.755406e-02  5.480984e-02  2.908277e-02  1.081283e-02  3.579418e-02 
8.027038e-03  1.000000e-50  1.309675e-02  2.957330e-03  2.112379e-03  9.425433e-01  5.914660e-03  1.000000e-50  2.957330e-03  1.000000e-50  1.267427e-03  4.647233e-03  1.000000e-50  1.000000e-50  3.379806e-03  7.604563e-03  4.224757e-03  1.000000e-50  1.267427e-03  1.000000e-50 
9.440212e-02  1.000000e-50  3.444849e-02  6.061610e-02  2.153031e-02  1.589930e-02  5.631004e-03  3.577343e-02  5.498509e-02  4.637297e-02  1.490560e-02  1.225571e-02  3.928453e-01  2.086784e-02  4.107320e-02  4.736668e-02  2.186154e-02  4.736668e-02  1.358066e-02  1.821795e-02 
5.270918e-02  2.100995e-02  1.769259e-02  6.413564e-02  3.391080e-02  4.423148e-03  1.068927e-02  1.467011e-01  6.819020e-02  1.525986e-01  2.469591e-02  1.879838e-02  1.000000e-50  3.427940e-02  4.754884e-02  1.068927e-02  5.860671e-02  1.960929e-01  1.990417e-02  1.732400e-02 
6.171843e-02  2.299314e-02  4.759984e-02  4.719645e-02  2.864058e-02  4.517951e-02  1.411860e-02  1.000000e-50  5.929810e-02  6.978620e-02  1.169827e-02  2.339653e-02  3.311819e-01  2.581686e-02  5.203711e-02  6.252521e-02  3.267447e-02  5.647438e-03  2.581686e-02  3.267447e-02 
1.022234e-03  1.000000e-50  1.000000e-50  1.000000e-50  4.855610e-03  9.800664e-01  1.000000e-50  1.000000e-50  1.000000e-50  1.000000e-50  1.277792e-03  8.177869e-03  1.000000e-50  1.000000e-50  1.000000e-50  5.111168e-04  4.088934e-03  1.000000e-50  1.000000e-50  1.000000e-50 
7.777237e-02  1.201494e-02  4.465011e-02  9.839260e-02  4.286410e-02  2.208151e-02  2.419224e-02  5.828868e-02  9.108622e-02  1.224225e-01  2.955025e-02  3.783082e-02  3.247280e-04  5.601559e-02  6.851762e-02  4.026628e-02  5.487904e-02  6.738107e-02  1.688586e-02  3.458354e-02 
1.497562e-01  1.062224e-02  7.969584e-02  1.441258e-01  1.352450e-02  5.009287e-02  2.170885e-02  1.480149e-02  8.480381e-02  6.263060e-02  2.675876e-02  4.138612e-02  1.000000e-50  7.447179e-02  7.516833e-02  5.949617e-02  4.672626e-02  2.025772e-02  8.764801e-03  1.520780e-02 
6.332842e-02  1.030928e-02  5.596465e-02  5.007364e-02  2.577320e-02  2.282769e-02  2.724595e-02  1.008837e-01  5.964654e-02  1.509573e-01  2.356406e-02  2.871870e-02  1.000000e-50  3.166421e-02  4.786451e-02  5.522828e-02  6.480118e-02  1.524300e-01  1.030928e-02  1.840943e-02 
2.205882e-02  1.000000e-50  1.225490e-02  8.169935e-04  5.718954e-03  1.000000e-50  1.307190e-02  1.143791e-02  1.715686e-02  1.000000e-50  1.000000e-50  4.901961e-03  8.104575e-01  8.169935e-03  8.169935e-04  3.676471e-02  2.124183e-02  3.513072e-02  1.000000e-50  1.000000e-50 
1.016585e-01  1.560976e-02  7.414634e-02  1.059512e-01  2.146341e-02  5.209756e-02  2.907317e-02  2.380488e-02  7.492683e-02  5.697561e-02  1.385366e-02  3.824390e-02  5.951220e-02  4.136585e-02  5.385366e-02  1.200000e-01  4.409756e-02  2.868293e-02  1.951220e-02  2.517073e-02 
1.530194e-01  9.616744e-03  5.869043e-02  1.104511e-01  2.078914e-02  2.715316e-02  1.371800e-02  3.323434e-02  9.234903e-02  1.165323e-01  3.083015e-02  4.355820e-02  2.828454e-04  5.996323e-02  8.329798e-02  5.897327e-02  2.616320e-02  3.337576e-02  8.909631e-03  1.909207e-02 
5.802048e-02  4.875670e-03  1.716236e-01  8.386153e-02  1.950268e-02  1.755241e-02  1.000000e-50  3.071672e-02  1.491955e-01  7.118479e-02  1.000000e-50  2.925402e-02  1.000000e-50  5.899561e-02  7.703559e-02  8.044856e-02  7.508532e-02  4.924427e-02  1.000000e-50  2.340322e-02 
1.696778e-01  2.754264e-02  6.696147e-02  6.430828e-02  4.535692e-02  4.308275e-02  2.375237e-02  2.072015e-02  4.712571e-02  9.917877e-02  2.981680e-02  2.830069e-02  6.317119e-04  4.219836e-02  5.622236e-02  9.425142e-02  5.192672e-02  3.246999e-02  1.591914e-02  4.055591e-02 
3.541315e-02  1.000000e-50  6.239460e-02  1.163575e-01  3.878583e-02  1.000000e-50  4.047218e-02  6.576728e-02  9.106239e-02  6.576728e-02  1.000000e-50  5.564924e-02  1.000000e-50  4.721754e-02  4.890388e-02  4.047218e-02  9.106239e-02  1.231029e-01  1.011804e-02  6.745363e-02 
1.901729e-01  2.183803e-02  5.277525e-02  7.006369e-02  1.182894e-02  5.550500e-02  7.279345e-03  2.274795e-02  8.917197e-02  1.101001e-01  3.548681e-02  4.640582e-02  1.000000e-50  6.005460e-02  4.367607e-02  1.082803e-01  4.731574e-02  1.182894e-02  1.000000e-50  1.546861e-02 
1.247363e-01  2.241561e-02  7.779536e-02  1.041667e-01  2.241561e-02  3.771097e-02  2.716245e-02  3.111814e-02  8.016878e-02  8.095992e-02  2.399789e-02  3.375527e-02  5.353376e-02  3.164557e-02  5.432489e-02  7.357595e-02  4.799578e-02  4.140295e-02  1.476793e-02  1.635021e-02 
1.656566e-01  3.047138e-02  3.686869e-02  5.067340e-02  9.191919e-02  8.282828e-02  3.585859e-02  6.902357e-03  4.141414e-02  3.265993e-02  2.306397e-02  2.373737e-02  1.000000e-50  3.316498e-02  5.387205e-02  1.271044e-01  5.622896e-02  1.127946e-02  2.441077e-02  7.188552e-02 
9.724047e-02  5.256242e-03  4.073587e-02  8.190977e-02  2.277705e-02  2.759527e-02  1.314060e-02  3.810775e-02  5.519054e-02  8.628997e-02  1.000000e-50  1.000000e-50  2.790188e-01  2.671923e-02  4.248795e-02  4.818222e-02  3.372755e-02  4.993430e-02  2.759527e-02  2.409111e-02 
4.935275e-02  3.054207e-02  1.177184e-01  4.308252e-02  5.764563e-02  9.101942e-03  3.580097e-02  9.668285e-02  4.105987e-02  1.106392e-01  2.366505e-02  7.706311e-02  2.022654e-02  2.629450e-02  3.681230e-02  4.368932e-02  1.699029e-02  1.051780e-01  1.334951e-02  4.510518e-02 
5.641330e-02  2.137767e-02  1.454869e-01  5.760095e-02  2.019002e-02  6.591449e-02  4.156770e-02  4.750594e-03  6.710214e-02  3.325416e-02  1.603325e-02  2.553444e-01  1.000000e-50  4.988124e-02  4.334917e-02  6.591449e-02  1.187648e-02  7.125891e-03  7.719715e-03  2.909739e-02 
6.598482e-02  9.567799e-03  6.367535e-02  9.848235e-02  4.882877e-02  5.394259e-02  2.754866e-02  4.833388e-02  4.585945e-02  6.697460e-02  2.391950e-02  3.942593e-02  1.240515e-01  3.579677e-02  3.893105e-02  6.219070e-02  3.810624e-02  5.229297e-02  2.012537e-02  3.596173e-02 
2.837794e-02  8.921853e-03  1.214662e-02  3.783726e-02  4.202945e-02  5.912071e-03  1.838117e-02  1.954208e-01  3.751478e-02  1.559712e-01  1.730625e-02  1.451145e-02  1.000000e-50  2.225089e-02  3.643986e-02  1.332903e-02  7.341718e-02  2.301408e-01  1.257659e-02  3.751478e-02 
1.408316e-01  1.354150e-02  4.484626e-02  8.347937e-02  2.485264e-02  2.979130e-02  1.537359e-02  4.962562e-02  7.814242e-02  1.489565e-01  2.947268e-02  3.735861e-02  1.099251e-02  4.628007e-02  7.312410e-02  3.162339e-02  2.915405e-02  6.659232e-02  1.632946e-02  2.963199e-02 
4.622642e-02  1.981132e-02  3.018868e-02  5.094340e-02  8.915094e-02  1.509434e-02  4.386792e-02  5.801887e-02  5.518868e-02  1.325472e-01  2.783019e-02  5.849057e-02  1.000000e-50  3.254717e-02  4.764151e-02  4.858491e-02  9.481132e-02  5.896226e-02  1.367925e-02  7.641509e-02 
4.903418e-02  1.653046e-02  5.200594e-03  5.219168e-02  5.683507e-02  5.479198e-03  2.330981e-02  1.250929e-01  4.736256e-02  6.909361e-02  2.600297e-02  1.328009e-02  1.000000e-50  3.445394e-02  6.147845e-02  4.114042e-02  8.553120e-02  2.149889e-01  1.458024e-02  5.841382e-02 
5.624844e-02  3.741581e-03  3.354951e-02  4.577201e-02  8.106760e-03  1.297082e-02  1.234722e-02  6.111250e-03  4.315291e-02  2.382140e-02  7.109005e-03  1.571464e-02  5.947867e-01  8.855076e-03  2.494388e-02  5.612372e-02  2.095286e-02  1.384385e-02  3.616862e-03  8.231479e-03 
5.180534e-02  6.279435e-02  2.825746e-02  1.350078e-01  1.036107e-01  1.726845e-02  1.000000e-50  9.576138e-02  1.067504e-01  9.890110e-02  1.883830e-02  1.000000e-50  1.000000e-50  3.924647e-02  4.709576e-02  6.907378e-02  1.000000e-50  7.692308e-02  1.000000e-50  4.866562e-02 
4.407602e-02  1.132228e-02  1.091791e-01  4.933279e-02  3.113627e-02  1.649818e-01  3.356247e-02  1.000000e-50  1.059442e-01  2.345330e-02  1.374848e-02  2.203801e-01  1.000000e-50  4.811969e-02  6.712495e-02  3.841488e-02  1.000000e-50  1.000000e-50  1.455722e-02  2.466640e-02 
7.575419e-02  2.435754e-02  3.016760e-02  6.446927e-02  6.268156e-02  1.240223e-02  4.715084e-02  4.134078e-02  6.312849e-02  4.614525e-02  2.044693e-02  3.787709e-02  1.000000e-50  4.849162e-02  6.703911e-02  1.040223e-01  9.441341e-02  8.424581e-02  1.798883e-02  5.787709e-02 
9.897409e-02  1.269236e-02  1.387610e-02  3.827437e-02  8.312508e-02  1.413916e-02  1.940024e-02  1.383664e-01  3.636722e-02  1.701302e-01  3.031698e-02  1.039064e-02  1.000000e-50  2.341181e-02  3.603841e-02  1.979482e-02  3.834013e-02  1.350783e-01  2.084703e-02  6.043667e-02 
4.056162e-02  9.360374e-03  2.238690e-01  5.460218e-02  3.978159e-02  1.287051e-01  2.184087e-02  1.000000e-50  5.304212e-02  4.446178e-02  1.482059e-02  1.669267e-01  3.198128e-02  1.560062e-02  4.134165e-02  5.850234e-02  3.276131e-02  1.000000e-50  1.000000e-50  2.184087e-02 
7.020417e-02  3.275467e-02  2.456600e-02  3.897805e-02  8.276013e-02  4.694836e-02  2.183645e-02  4.738509e-02  5.939513e-02  1.106016e-01  1.735997e-02  2.674965e-02  5.459111e-04  3.177203e-02  4.869527e-02  6.638279e-02  9.509772e-02  7.489901e-02  2.784147e-02  7.522655e-02 
3.593156e-02  1.787072e-02  8.307985e-02  4.030418e-02  5.570342e-02  2.699620e-02  4.372624e-02  3.403042e-02  5.532319e-02  6.634981e-02  1.920152e-02  1.041825e-01  1.000000e-50  3.840304e-02  6.045627e-02  5.589354e-02  1.423954e-01  4.448669e-02  1.711027e-02  5.855513e-02 
2.309582e-02  4.422604e-03  3.095823e-02  1.670762e-02  1.081081e-02  7.700246e-01  4.422604e-03  3.931204e-03  2.309582e-02  1.326781e-02  2.948403e-03  2.014742e-02  1.000000e-50  8.353808e-03  1.523342e-02  3.341523e-02  7.862408e-03  2.948403e-03  1.965602e-03  6.388206e-03 
1.863041e-02  1.762336e-02  1.359517e-01  1.527358e-02  1.000000e-50  2.163478e-01  1.258812e-02  1.000000e-50  1.728768e-02  1.158107e-02  5.203088e-03  8.878818e-02  1.258812e-02  1.225243e-02  1.460222e-02  1.995636e-01  2.151729e-01  8.392078e-04  1.000000e-50  5.706613e-03 
1.702128e-01  1.000000e-50  2.015677e-02  7.054871e-02  4.703247e-02  4.591265e-02  2.239642e-02  6.382979e-02  9.966405e-02  1.489362e-01  1.000000e-50  1.000000e-50  1.000000e-50  4.703247e-02  5.711086e-02  4.703247e-02  4.143337e-02  5.599104e-02  2.127660e-02  4.143337e-02 
1.151498e-01  1.581576e-02  3.357381e-02  8.795782e-02  1.000000e-50  4.245283e-02  1.748058e-02  8.518313e-02  7.685905e-02  1.628746e-01  2.691454e-02  1.886792e-02  1.000000e-50  5.493896e-02  7.602664e-02  3.218646e-02  4.106548e-02  6.409545e-02  1.498335e-02  3.357381e-02 
3.969421e-02  1.646575e-02  1.000000e-50  6.478487e-02  5.204352e-02  1.000000e-50  1.195727e-02  1.408409e-01  9.291385e-02  1.498579e-01  2.264040e-02  1.430952e-02  4.998530e-03  5.302362e-02  4.900519e-02  1.156523e-02  5.949231e-02  1.587768e-01  1.724983e-02  4.038028e-02 
7.256711e-02  1.048658e-02  1.375839e-01  5.033557e-02  3.439597e-02  4.739933e-02  2.936242e-02  2.013423e-02  4.404362e-02  6.753356e-02  1.929530e-02  1.073826e-01  1.728188e-01  3.397651e-02  4.530201e-02  4.865772e-02  1.971477e-02  1.300336e-02  8.808725e-03  1.719799e-02 


#DOUBLE_45x3_DISCRETE_SS_EMISSION
2.216717e-03  4.955014e-03  9.928283e-01 
1.007033e-02  1.000000e-50  9.899297e-01 
1.000000e-50  6.947282e-03  9.930527e-01 
1.000000e-50  1.000000e-50  1.000000e+00 
1.000000e-50  5.922469e-03  9.940775e-01 
3.323364e-01  1.000000e-50  6.676636e-01 
1.000000e-50  4.393747e-01  5.606253e-01 
1.000000e-50  1.000000e-50  1.000000e+00 
1.000000e-50  1.000000e+00  1.000000e-50 
1.000000e-50  9.979871e-01  2.012882e-03 
2.568713e-04  4.623684e-03  9.951194e-01 
1.000000e+00  1.000000e-50  1.000000e-50 
1.000000e+00  1.000000e-50  1.000000e-50 
1.000000e-50  9.918939e-01  8.106116e-03 
2.481390e-03  2.398677e-02  9.735318e-01 
1.000000e-50  4.482557e-03  9.955174e-01 
1.000000e+00  1.000000e-50  1.000000e-50 
1.000000e-50  9.364219e-03  9.906358e-01 
1.000000e-50  1.000000e-50  1.000000e+00 
1.375212e-01  1.000000e-50  8.624788e-01 
4.716981e-01  1.000000e-50  5.283019e-01 
1.000000e-50  1.000000e-50  1.000000e+00 
1.000000e-50  1.000000e+00  1.000000e-50 
1.000000e+00  1.000000e-50  1.000000e-50 
1.000000e-50  1.000000e+00  1.000000e-50 
4.784689e-03  9.808612e-02  8.971292e-01 
1.000000e+00  1.000000e-50  1.000000e-50 
1.000000e-50  1.000000e+00  1.000000e-50 
1.000000e+00  1.000000e-50  1.000000e-50 
1.000000e+00  1.000000e-50  1.000000e-50 
1.000000e-50  1.000000e+00  1.000000e-50 
2.481697e-04  1.000000e-50  9.997518e-01 
8.484848e-01  1.000000e-50  1.515152e-01 
3.610108e-03  1.000000e-50  9.963899e-01 
1.000000e-50  1.000000e-50  1.000000e+00 
1.000000e+00  1.000000e-50  1.000000e-50 
5.455963e-03  1.000000e-50  9.945440e-01 
1.000000e-50  1.000000e+00  1.000000e-50 
5.643341e-04  1.000000e-50  9.994357e-01 
4.133858e-02  4.921260e-03  9.537402e-01 
3.373819e-04  2.682186e-02  9.728408e-01 
1.477273e-02  1.000000e-50  9.852273e-01 
1.000000e+00  1.000000e-50  1.000000e-50 
1.000000e-50  1.000000e-50  1.000000e+00 
2.474227e-03  1.030928e-02  9.872165e-01 


#DOUBLE_45x2_DISCRETE_CIS_EMISSION
1.000000e+00  1.000000e-50 
1.000000e+00  1.000000e-50 
9.991813e-01  8.186656e-04 
1.000000e+00  1.000000e-50 
1.000000e+00  1.000000e-50 
1.000000e+00  1.000000e-50 
9.970301e-01  2.969877e-03 
1.000000e+00  1.000000e-50 
1.000000e+00  1.000000e-50 
9.950900e-01  4.909984e-03 
1.000000e+00  1.000000e-50 
1.000000e+00  1.000000e-50 
1.000000e+00  1.000000e-50 
1.000000e+00  1.000000e-50 
8.721311e-01  1.278689e-01 
1.000000e+00  1.000000e-50 
1.000000e+00  1.000000e-50 
1.000000e+00  1.000000e-50 
1.000000e+00  1.000000e-50 
1.000000e+00  1.000000e-50 
1.000000e+00  1.000000e-50 
1.000000e+00  1.000000e-50 
1.000000e+00  1.000000e-50 
1.000000e+00  1.000000e-50 
1.000000e+00  1.000000e-50 
1.000000e+00  1.000000e-50 
1.000000e+00  1.000000e-50 
1.000000e+00  1.000000e-50 
1.000000e+00  1.000000e-50 
1.000000e+00  1.000000e-50 
1.000000e+00  1.000000e-50 
9.612247e-01  3.877525e-02 
9.967690e-01  3.231018e-03 
1.000000e+00  1.000000e-50 
9.986570e-01  1.343033e-03 
1.000000e+00  1.000000e-50 
1.000000e+00  1.000000e-50 
9.997835e-01  2.165440e-04 
1.000000e+00  1.000000e-50 
1.000000e+00  1.000000e-50 
9.984897e-01  1.510321e-03 
1.000000e+00  1.000000e-50 
1.000000e+00  1.000000e-50 
1.000000e+00  1.000000e-50 
9.946036e-01  5.396430e-03 


#DOUBLE_45x3_TORUS_TORUS_KAPPA
1.641884e+00  4.731814e+00  -6.366587e+00 
4.333061e+00  3.992826e+00  2.126862e-01 
8.568943e+00  4.816338e+00  1.748736e+00 
1.300743e+02  7.907574e+01  3.810643e+01 
8.518096e+01  7.205562e+01  3.106248e+01 
5.711165e+01  5.167450e+01  1.842282e+01 
2.425644e+00  4.980730e+00  -5.292980e-01 
1.678865e+02  1.098235e+02  5.270341e+01 
1.855446e+01  1.769547e+01  -1.018616e+01 
3.853381e+01  3.070792e+01  7.714934e+00 
4.761256e+01  3.662615e+01  1.494085e+01 
5.734170e+01  4.195053e+01  1.310534e+01 
3.762135e+02  3.244704e+02  1.243225e+02 
1.495365e+01  1.371988e+01  3.642411e+00 
4.872664e+01  3.411478e+01  1.549111e+01 
2.101516e+02  1.243148e+02  6.092227e+01 
1.666126e+02  1.259320e+02  4.942283e+01 
2.372984e+01  3.128325e+01  8.254976e+00 
5.625806e+01  4.579636e+01  1.787695e+01 
9.297015e+00  2.006751e+01  1.406259e+00 
1.861465e+02  1.322253e+02  6.255794e+01 
4.563593e+01  4.577057e+01  1.462633e+01 
3.200194e+01  1.773791e+01  2.829991e+00 
2.299979e+02  1.687037e+02  7.646796e+01 
5.350868e+00  1.004234e+01  -4.634917e+00 
7.240345e+01  3.555271e+01  1.480482e+01 
7.087026e+01  4.740025e+01  1.854309e+01 
3.533404e+01  4.948843e+01  4.333865e+00 
4.849693e+02  3.732639e+02  1.679704e+02 
2.051469e+01  2.672888e+01  8.007362e+00 
4.169841e+01  1.990526e+01  4.376386e+00 
6.127663e+01  3.999746e+01  1.676832e+01 
1.156220e+01  7.215864e+00  -5.158858e-01 
1.605242e+02  7.707761e+01  4.332658e+01 
1.026960e+01  1.063411e+01  6.807924e-01 
2.996936e+02  2.783761e+02  9.408429e+01 
3.467814e+01  3.013502e+01  1.095536e+01 
2.160385e+01  2.876828e+01  7.383063e+00 
2.571071e+01  1.603558e+01  5.248975e+00 
2.581257e+01  1.374644e+01  7.193905e+00 
5.326064e+00  1.182507e+01  5.539628e-01 
8.842242e+01  6.662696e+01  2.473692e+01 
3.185414e+01  3.139244e+01  2.123868e+00 
9.965235e+00  1.231638e+01  1.183554e+00 
3.066459e+01  4.361983e+00  -3.997390e+00 


#DOUBLE_45x2_TORUS_TORUS_MU
-1.826353e+00  1.810539e+00 
-1.700842e+00  -6.057933e-01 
1.376258e+00  2.944727e-01 
-1.369678e+00  -1.438651e-01 
-1.602760e+00  -4.703336e-02 
-1.552858e+00  -2.630899e-02 
2.701254e+00  -3.018298e+00 
-9.957061e-01  -5.223900e-01 
-1.459907e+00  2.189021e+00 
-1.263309e+00  2.504364e+00 
1.508561e+00  5.910901e-02 
-1.347085e+00  -6.625887e-01 
-1.131201e+00  -7.156389e-01 
-1.670341e+00  -5.177306e-01 
-1.281590e+00  -2.607975e-01 
-1.122065e+00  -3.467835e-01 
-1.111154e+00  -5.405924e-01 
-1.527638e+00  -5.007886e-01 
-1.187130e+00  2.521377e+00 
-1.565471e+00  -8.272881e-01 
-1.153054e+00  -2.883845e-01 
-1.127150e+00  -6.210847e-01 
-2.671011e+00  2.711676e+00 
-9.556634e-01  -6.965170e-01 
-1.775247e+00  1.953273e+00 
9.170229e-01  8.028069e-01 
-1.042403e+00  -6.481009e-01 
-1.960711e+00  2.195004e+00 
-1.061528e+00  -7.021005e-01 
-1.646285e+00  -3.621783e-01 
-2.304191e+00  2.394345e+00 
-1.134834e+00  2.563015e+00 
-1.714339e+00  -5.631263e-01 
1.047337e+00  5.762454e-01 
-2.427243e+00  2.643444e+00 
-1.111959e+00  -7.909136e-01 
-1.595142e+00  2.699998e-01 
-1.954293e+00  2.584292e+00 
-1.998234e+00  1.809399e-01 
1.273087e+00  -2.777242e+00 
-1.775401e+00  3.007856e+00 
-9.602172e-01  -6.713893e-01 
-9.993875e-01  -8.815538e-01 
-1.623484e+00  2.372682e+00 
-1.439690e+00  1.250113e+00 


