#DOUBLE_1x30_DISCRETE_HIDDEN_START
5.455801e-02  1.892265e-01  7.803867e-02  6.837017e-02  2.209945e-02  4.558011e-02  5.593923e-02  1.000000e-50  8.977901e-03  1.657459e-02  3.107735e-02  1.000000e-50  1.000000e-50  1.000000e-50  1.000000e-50  1.000000e-50  2.348066e-02  1.000000e-50  4.281768e-02  1.305249e-01  1.174033e-02  5.524862e-03  4.558011e-02  8.149171e-02  1.000000e-50  1.864641e-02  1.000000e-50  9.668508e-03  4.143646e-02  1.864641e-02  

#DOUBLE_30x30_DISCRETE_HIDDEN_TRANSITION
3.012253e-02  1.000000e-50  1.000000e-50  1.000000e-50  1.000000e-50  1.000000e-50  1.000000e-50  1.000000e-50  2.118788e-01  3.439415e-01  1.000000e-50  4.782165e-02  1.000000e-50  1.000000e-50  1.000000e-50  1.000000e-50  1.000000e-50  1.000000e-50  1.000000e-50  1.000000e-50  1.000000e-50  1.000000e-50  1.000000e-50  1.000000e-50  3.485364e-01  1.000000e-50  1.000000e-50  1.769912e-02  1.000000e-50  1.000000e-50 
1.000000e-50  1.520539e-01  1.118100e-01  6.084724e-02  3.896021e-02  7.625160e-02  6.200257e-02  1.000000e-50  1.000000e-50  1.000000e-50  1.931964e-02  1.000000e-50  5.070603e-03  2.567394e-04  7.445443e-03  1.046213e-02  1.001284e-02  1.065469e-02  2.175866e-02  2.298460e-01  1.000000e-50  2.002567e-02  2.368421e-02  6.630295e-02  1.000000e-50  2.143774e-02  1.000000e-50  1.000000e-50  5.179718e-02  1.000000e-50 
1.018605e-01  1.364341e-01  1.000000e-50  1.426357e-02  1.000000e-50  1.953488e-02  7.271318e-02  1.000000e-50  2.806202e-02  1.000000e-50  2.387597e-02  1.000000e-50  1.000000e-50  1.000000e-50  1.240310e-03  1.000000e-50  4.449612e-02  8.341085e-02  2.480620e-02  7.906977e-03  9.565891e-02  6.976744e-03  3.209302e-02  1.213953e-01  1.000000e-50  9.953488e-02  1.000000e-50  3.906977e-02  9.767442e-03  3.689922e-02 
1.000000e-50  7.300130e-03  1.000000e-50  5.253738e-01  9.060403e-02  4.297657e-03  1.000000e-50  1.000000e-50  1.000000e-50  1.000000e-50  1.000000e-50  1.000000e-50  1.177440e-03  7.182385e-03  3.036030e-01  1.000000e-50  1.000000e-50  1.000000e-50  6.046156e-02  1.000000e-50  1.000000e-50  1.000000e-50  1.000000e-50  1.000000e-50  1.000000e-50  1.000000e-50  1.000000e-50  1.000000e-50  1.000000e-50  1.000000e-50 
1.000580e-02  8.178654e-02  2.581206e-02  1.271752e-01  4.393852e-02  2.262181e-02  4.654872e-02  1.000000e-50  1.000000e-50  1.000000e-50  8.555684e-03  1.000000e-50  4.350348e-03  1.526972e-01  2.136021e-01  1.000000e-50  1.000000e-50  2.769722e-02  9.918794e-02  2.827726e-02  4.799884e-02  5.510441e-03  1.232599e-02  2.291183e-02  1.000000e-50  3.770302e-03  1.000000e-50  9.280742e-03  1.000000e-50  5.945476e-03 
9.541435e-02  5.120296e-02  1.974090e-02  3.187333e-02  7.402838e-03  2.652684e-02  4.030434e-02  1.000000e-50  1.026116e-01  1.000000e-50  2.303105e-02  1.000000e-50  1.000000e-50  1.000000e-50  5.552128e-03  3.043389e-02  1.028172e-02  2.652684e-02  3.886490e-02  1.108369e-01  1.353074e-01  1.377750e-02  1.686202e-02  4.894098e-02  1.850709e-03  3.927617e-02  1.000000e-50  2.673247e-02  4.791281e-02  4.873535e-02 
1.000000e-50  1.328229e-01  5.589987e-02  5.091749e-02  8.020416e-03  6.464941e-02  1.000000e-50  1.000000e-50  1.409649e-02  4.739336e-03  4.095273e-02  1.000000e-50  3.390448e-02  1.000000e-50  1.000000e-50  1.000000e-50  5.760117e-02  1.000000e-50  7.109005e-02  5.905942e-02  4.897314e-02  4.423381e-02  3.426905e-02  1.986876e-01  9.721716e-04  1.000000e-50  1.000000e-50  2.065865e-02  3.268927e-02  2.576255e-02 
1.000000e-50  8.491818e-02  3.095975e-02  2.432552e-03  4.422822e-03  2.034498e-02  3.538257e-02  2.235736e-01  1.304732e-02  1.000000e-50  5.440071e-02  1.000000e-50  5.528527e-02  1.000000e-50  1.000000e-50  1.000000e-50  4.201681e-02  1.216276e-01  3.538257e-03  5.395843e-02  3.759398e-02  4.444936e-02  7.474569e-02  1.149934e-02  1.000000e-50  1.000000e-50  1.105705e-02  7.474569e-02  1.000000e-50  1.000000e-50 
1.000000e-50  1.000000e-50  1.000000e-50  1.000000e-50  1.000000e-50  1.000000e-50  1.000000e-50  2.298851e-03  3.767737e-01  4.934998e-01  5.152596e-04  1.045581e-01  1.000000e-50  1.000000e-50  1.000000e-50  1.000000e-50  1.000000e-50  1.000000e-50  1.000000e-50  1.000000e-50  1.000000e-50  1.000000e-50  1.000000e-50  1.000000e-50  2.235434e-02  1.000000e-50  1.000000e-50  1.000000e-50  1.000000e-50  1.000000e-50 
1.000000e-50  1.000000e-50  1.000000e-50  1.000000e-50  1.000000e-50  1.000000e-50  1.000000e-50  9.651700e-03  7.337690e-01  6.786164e-02  4.795876e-04  1.604820e-01  1.000000e-50  1.000000e-50  1.000000e-50  1.000000e-50  1.000000e-50  1.000000e-50  1.000000e-50  1.000000e-50  1.000000e-50  1.000000e-50  4.795876e-04  1.000000e-50  9.052215e-03  1.000000e-50  1.000000e-50  1.822433e-02  1.000000e-50  1.000000e-50 
3.595238e-02  8.166667e-02  5.642857e-02  6.571429e-02  5.476190e-02  3.047619e-02  8.357143e-02  1.000000e-50  8.571429e-03  3.809524e-03  4.476190e-02  1.000000e-50  1.000000e-50  1.190476e-03  1.357143e-02  1.000000e-50  2.476190e-02  3.738095e-02  7.238095e-02  8.476190e-02  5.785714e-02  1.000000e-02  2.809524e-02  6.285714e-02  1.000000e-50  3.000000e-02  1.000000e-50  1.547619e-02  1.738095e-02  7.857143e-02 
1.000000e-50  1.000000e-50  3.213282e-03  1.000000e-50  1.000000e-50  1.000000e-50  1.000000e-50  1.618691e-01  1.000000e-50  1.000000e-50  1.000000e-50  3.199893e-02  3.079395e-03  1.000000e-50  1.000000e-50  1.000000e-50  9.104298e-03  1.000000e-50  1.000000e-50  1.000000e-50  6.935333e-02  1.000000e-50  2.811621e-03  1.000000e-50  3.940287e-01  1.000000e-50  3.245414e-01  1.000000e-50  1.000000e-50  1.000000e-50 
1.000000e-50  4.605231e-01  3.226595e-02  4.717673e-02  1.955512e-02  6.550966e-02  6.966512e-02  1.000000e-50  1.002200e-02  7.577609e-03  8.555365e-03  1.000000e-50  6.110975e-03  1.000000e-50  5.059888e-02  1.000000e-50  1.000000e-50  1.000000e-50  1.000000e-50  8.506478e-02  1.271083e-02  7.822048e-03  1.002200e-02  2.322171e-02  1.000000e-50  1.000000e-50  1.000000e-50  7.577609e-03  4.864336e-02  2.737717e-02 
1.000000e-50  1.000000e-50  1.000000e-50  1.000000e-50  1.507538e-02  1.000000e-50  1.000000e-50  1.000000e-50  1.000000e-50  1.000000e-50  8.758076e-02  1.000000e-50  1.000000e-50  2.297200e-02  1.371141e-01  1.000000e-50  1.000000e-50  1.000000e-50  7.300790e-01  1.000000e-50  1.000000e-50  4.307251e-03  1.000000e-50  2.871500e-03  1.000000e-50  1.000000e-50  1.000000e-50  1.000000e-50  1.000000e-50  1.000000e-50 
1.653612e-03  3.777198e-02  3.202785e-02  6.440383e-03  2.111401e-01  5.578764e-02  3.550914e-02  1.000000e-50  1.000000e-50  1.000000e-50  5.805048e-02  1.000000e-50  1.000000e-50  7.745866e-03  2.395126e-01  1.000000e-50  7.832898e-03  1.296780e-02  5.517842e-02  4.290688e-02  1.766754e-02  5.204526e-02  2.645779e-02  4.055701e-02  1.000000e-50  1.314186e-02  1.000000e-50  1.000000e-50  3.925152e-02  6.353351e-03 
6.020696e-01  1.000000e-50  1.000000e-50  1.000000e-50  1.000000e-50  1.000000e-50  1.000000e-50  1.000000e-50  3.537159e-01  1.000000e-50  1.000000e-50  4.421449e-02  1.000000e-50  1.000000e-50  1.000000e-50  1.000000e-50  1.000000e-50  1.000000e-50  1.000000e-50  1.000000e-50  1.000000e-50  1.000000e-50  1.000000e-50  1.000000e-50  1.000000e-50  1.000000e-50  1.000000e-50  1.000000e-50  1.000000e-50  1.000000e-50 
2.655229e-02  1.919935e-01  5.147059e-02  1.184641e-02  2.165033e-02  4.901961e-02  7.230392e-02  1.000000e-50  1.000000e-50  1.307190e-02  3.880719e-02  1.000000e-50  4.901961e-03  1.000000e-50  1.000000e-50  1.000000e-50  7.230392e-02  1.086601e-01  3.308824e-02  6.372549e-02  1.797386e-02  1.225490e-02  3.962418e-02  1.115196e-01  6.127451e-03  1.143791e-02  6.944444e-03  1.000000e-50  3.472222e-02  1.000000e-50 
1.916376e-02  1.095625e-01  8.768873e-02  1.000000e-50  1.000000e-50  1.974448e-02  1.515679e-01  1.000000e-50  1.000000e-50  1.000000e-50  6.213705e-02  1.000000e-50  1.000000e-50  1.000000e-50  1.000000e-50  3.097174e-03  1.000000e-50  2.700348e-01  1.000000e-50  1.219512e-02  2.632598e-02  1.000000e-50  7.530004e-02  1.000000e-50  9.485095e-03  2.245451e-02  2.013163e-02  6.736353e-02  4.374758e-02  1.000000e-50 
1.000000e-50  8.412510e-03  1.583531e-03  3.189826e-01  8.719319e-02  9.006334e-03  1.019398e-02  1.000000e-50  1.000000e-50  1.000000e-50  2.147664e-02  1.000000e-50  1.000000e-50  7.719715e-03  1.332146e-01  1.000000e-50  2.276326e-03  1.000000e-50  3.669834e-01  6.037213e-03  1.000000e-50  4.552652e-03  3.859857e-03  1.326207e-02  1.000000e-50  1.000000e-50  1.000000e-50  1.000000e-50  1.000000e-50  5.245447e-03 
7.751285e-03  1.172803e-01  4.440138e-02  6.116775e-02  1.432303e-02  3.311147e-02  4.322184e-02  1.000000e-50  1.000000e-50  1.000000e-50  1.954672e-02  1.000000e-50  1.097818e-01  1.000000e-50  2.274834e-03  3.926194e-02  2.544444e-02  1.415452e-02  3.420676e-02  1.633668e-01  4.119976e-02  3.909344e-02  1.423877e-02  6.032522e-02  1.000000e-50  4.709748e-02  1.000000e-50  1.137417e-02  5.737636e-02  1.000000e-50 
1.851622e-02  3.728097e-04  1.031440e-02  1.000000e-50  1.000000e-50  1.000000e-50  1.176836e-01  1.000000e-50  1.000000e-50  1.000000e-50  3.603828e-03  1.000000e-50  2.236858e-03  1.000000e-50  1.000000e-50  1.000000e-50  3.852367e-03  2.298993e-02  1.615509e-03  1.000000e-50  2.424506e-01  1.000000e-50  9.941593e-04  1.000000e-50  1.000000e-50  1.000000e-50  1.000000e-50  1.000000e-50  3.665962e-02  5.387101e-01 
9.973046e-03  2.234501e-01  4.258760e-02  3.827493e-02  3.611860e-02  3.180593e-02  6.765499e-02  1.000000e-50  4.582210e-03  1.000000e-50  8.086253e-03  1.000000e-50  1.339623e-01  2.156334e-03  5.929919e-03  7.277628e-03  1.051213e-02  1.778976e-02  6.010782e-02  6.819407e-02  2.884097e-02  6.415094e-02  2.425876e-02  5.902965e-02  1.000000e-50  4.043127e-03  1.000000e-50  5.929919e-03  2.857143e-02  1.671159e-02 
8.670665e-02  6.546727e-02  5.747126e-02  1.249375e-02  2.123938e-02  1.474263e-02  3.373313e-02  1.000000e-50  7.496252e-03  1.000000e-50  3.623188e-02  1.000000e-50  1.000000e-50  1.000000e-50  1.000000e-50  1.000000e-50  2.198901e-02  6.596702e-02  1.299350e-02  2.196402e-01  5.047476e-02  4.247876e-03  2.248876e-02  3.898051e-02  1.000000e-50  1.994003e-01  1.000000e-50  1.699150e-02  1.000000e-50  1.124438e-02 
3.374954e-02  1.207813e-01  5.797997e-02  4.561751e-02  1.063172e-02  4.017802e-02  4.858450e-02  1.000000e-50  2.138707e-02  3.090617e-03  4.920262e-02  1.000000e-50  3.337866e-03  1.000000e-50  3.337866e-03  1.310422e-02  1.174434e-02  3.350229e-02  2.966992e-02  1.384596e-01  6.477933e-02  1.508221e-02  3.535666e-02  8.319941e-02  1.000000e-50  3.782915e-02  1.000000e-50  1.434046e-02  5.179874e-02  3.325504e-02 
1.000000e-50  1.000000e-50  1.000000e-50  1.000000e-50  1.000000e-50  1.000000e-50  1.000000e-50  2.918247e-01  9.130896e-02  1.487942e-01  1.000000e-50  2.065827e-01  1.000000e-50  1.000000e-50  1.000000e-50  1.000000e-50  1.971788e-03  1.365084e-03  1.000000e-50  3.488548e-03  1.000000e-50  1.000000e-50  1.971788e-02  1.000000e-50  1.274079e-01  1.000000e-50  1.000000e-50  1.075383e-01  1.000000e-50  1.000000e-50 
1.000000e-50  5.592705e-02  3.069909e-02  2.279635e-02  3.343465e-03  8.510638e-03  4.468085e-02  1.000000e-50  1.000000e-50  1.000000e-50  2.066869e-02  3.647416e-03  1.000000e-50  1.000000e-50  1.000000e-50  1.000000e-50  9.726444e-03  6.717325e-02  1.000000e-50  1.033435e-02  1.978723e-01  6.686930e-03  2.735562e-02  8.206687e-02  1.000000e-50  1.000000e-50  1.215805e-03  1.094225e-02  6.474164e-02  3.316109e-01 
5.688282e-03  8.229048e-02  4.550626e-02  4.171407e-03  1.896094e-03  1.971938e-02  7.963595e-02  1.000000e-50  8.342814e-03  1.000000e-50  2.275313e-03  1.000000e-50  3.102010e-01  1.000000e-50  1.000000e-50  1.000000e-50  2.502844e-02  2.123625e-02  1.000000e-50  6.029579e-02  2.654532e-02  2.480091e-01  2.123625e-02  1.000000e-50  1.000000e-50  1.000000e-50  1.000000e-50  1.630641e-02  1.251422e-02  9.101251e-03 
3.967322e-01  1.000000e-50  1.015228e-02  1.000000e-50  1.000000e-50  1.000000e-50  1.000000e-50  2.664975e-02  1.000000e-50  1.000000e-50  1.000000e-50  4.124365e-02  1.000000e-50  1.000000e-50  1.000000e-50  1.000000e-50  1.000000e-50  1.506980e-02  1.000000e-50  1.000000e-50  2.855330e-03  1.000000e-50  1.903553e-03  1.000000e-50  1.000000e-50  1.000000e-50  1.000000e-50  5.053934e-01  1.000000e-50  1.000000e-50 
1.000000e-50  1.244209e-01  5.603353e-02  3.573792e-02  3.309067e-03  6.618134e-03  1.014780e-01  1.000000e-50  1.000000e-50  1.000000e-50  2.603133e-02  1.000000e-50  7.500552e-03  1.000000e-50  1.000000e-50  1.000000e-50  2.956100e-02  3.353188e-02  9.221266e-02  9.927201e-03  7.875579e-02  2.095742e-02  8.206486e-02  2.060446e-01  1.985440e-03  3.970880e-03  1.963380e-02  1.000000e-50  6.022502e-02  1.000000e-50 
1.000000e-50  2.367566e-01  6.808871e-02  3.107784e-02  2.005933e-02  2.867637e-02  1.339172e-01  1.000000e-50  8.617036e-03  1.000000e-50  4.181382e-02  1.000000e-50  9.408108e-02  1.000000e-50  6.215567e-03  1.991807e-02  3.390309e-03  3.065405e-02  1.000000e-50  1.025569e-01  3.715214e-02  5.156095e-02  4.209634e-02  1.000000e-50  1.000000e-50  1.000000e-50  1.000000e-50  2.867637e-02  1.469134e-02  1.000000e-50 


#DOUBLE_1x30_DISCRETE_HIDDEN_DOMINANT-EIGENVECTOR
2.571638e-02  6.932008e-02  2.879506e-02  7.535912e-02  3.064887e-02  2.159654e-02  3.667677e-02  2.024184e-02  1.117063e-01  7.401063e-02  1.869097e-02  3.336627e-02  1.824038e-02  6.178923e-03  5.079396e-02  4.730744e-03  1.087493e-02  2.350181e-02  4.482572e-02  5.224009e-02  3.562100e-02  1.678377e-02  1.776955e-02  3.604692e-02  2.943256e-02  1.471145e-02  1.201467e-02  2.833268e-02  2.014788e-02  3.162418e-02  

#DOUBLE_30x20_DISCRETE_AA_EMISSION
7.041531e-02  5.469151e-03  6.169885e-02  1.117758e-01  2.358571e-02  4.221501e-02  2.307298e-02  3.708768e-02  5.417877e-02  4.939327e-02  1.418561e-02  2.905486e-02  2.028713e-01  3.879679e-02  3.059306e-02  6.956076e-02  3.777132e-02  4.751325e-02  1.640745e-02  3.435310e-02 
5.454775e-02  2.110103e-02  9.385236e-03  6.582263e-02  5.637440e-02  3.653313e-03  2.166793e-02  1.155203e-01  7.974301e-02  1.378811e-01  2.721088e-02  1.769967e-02  1.000000e-50  5.139834e-02  5.492567e-02  2.368355e-02  6.481481e-02  1.298816e-01  1.795163e-02  4.673721e-02 
4.184549e-02  3.264868e-02  2.423360e-01  4.843654e-02  2.406499e-02  2.207235e-02  2.651747e-02  1.088289e-02  4.184549e-02  4.337830e-02  8.890251e-03  1.571122e-01  1.079093e-01  2.375843e-02  3.540773e-02  6.713673e-02  1.394850e-02  2.222563e-02  1.011649e-02  1.946658e-02 
3.750660e-02  1.496742e-02  1.121089e-02  4.132183e-02  5.182837e-02  6.573927e-03  1.983917e-02  1.644656e-01  4.079357e-02  1.384633e-01  1.989787e-02  1.637612e-02  1.000000e-50  2.218700e-02  4.325879e-02  1.954569e-02  7.894582e-02  2.103070e-01  1.625873e-02  4.625227e-02 
6.633907e-02  2.428097e-02  6.070241e-02  5.304235e-02  4.046828e-02  2.905044e-02  1.907790e-02  6.200318e-02  6.084694e-02  1.151901e-01  1.821072e-02  3.251915e-02  1.334008e-01  3.020668e-02  4.408151e-02  4.090186e-02  3.309727e-02  8.093655e-02  2.341379e-02  3.223009e-02 
2.034174e-02  1.301871e-02  1.124898e-01  1.098454e-02  1.000000e-50  2.733930e-01  1.444264e-02  1.000000e-50  1.505289e-02  1.606998e-02  1.220504e-03  6.285598e-02  3.213995e-02  1.322213e-02  1.688365e-02  2.264036e-01  1.655818e-01  1.000000e-50  1.000000e-50  5.899105e-03 
3.431725e-02  2.663787e-02  8.063355e-02  4.847612e-02  4.451644e-02  3.755700e-02  3.107751e-02  3.815695e-02  7.895368e-02  6.863451e-02  1.799856e-02  8.999280e-02  1.000000e-50  4.163667e-02  6.083513e-02  6.899448e-02  1.345092e-01  4.355652e-02  1.319894e-02  4.031677e-02 
6.575223e-02  2.416721e-02  3.309384e-02  6.988896e-02  6.662312e-02  1.676464e-02  3.657740e-02  4.876987e-02  7.075985e-02  1.319399e-01  2.939255e-02  5.312432e-02  1.000000e-50  3.701285e-02  5.660788e-02  5.704333e-02  7.685609e-02  5.900283e-02  1.262791e-02  5.399521e-02 
1.563985e-01  1.203674e-02  5.178967e-02  9.423503e-02  2.941875e-02  3.512037e-02  1.611498e-02  4.980995e-02  7.376465e-02  1.278904e-01  3.076497e-02  3.413050e-02  1.979728e-04  5.353183e-02  6.703358e-02  3.947577e-02  3.226956e-02  5.634305e-02  1.492715e-02  2.474659e-02 
9.249282e-02  1.281130e-02  4.022989e-02  8.249521e-02  5.705220e-02  2.747845e-02  2.382663e-02  9.225335e-02  5.801006e-02  1.139248e-01  2.723898e-02  2.167146e-02  1.000000e-50  4.621648e-02  5.435824e-02  3.657807e-02  5.375958e-02  9.644397e-02  1.484674e-02  4.831178e-02 
1.875293e-02  2.578528e-03  2.133146e-02  1.125176e-02  6.797937e-03  8.335677e-01  5.391467e-03  2.578528e-03  1.383029e-02  9.142053e-03  2.344116e-03  1.359587e-02  1.406470e-03  7.969995e-03  8.907642e-03  2.555087e-02  6.329114e-03  3.516174e-03  9.376465e-04  4.219409e-03 
1.584911e-01  1.159691e-02  4.598774e-02  9.477473e-02  2.172754e-02  2.959211e-02  1.093042e-02  3.745668e-02  9.250866e-02  1.328979e-01  3.279126e-02  4.465476e-02  1.000000e-50  5.745135e-02  8.597707e-02  5.891762e-02  2.332711e-02  3.132498e-02  9.330845e-03  2.026126e-02 
2.924689e-03  1.462345e-03  6.336827e-03  3.412137e-03  9.992688e-03  9.505240e-01  2.437241e-03  1.000000e-50  4.143310e-03  2.680965e-03  2.680965e-03  1.023641e-02  1.000000e-50  1.000000e-50  1.000000e-50  1.000000e-50  3.168413e-03  1.000000e-50  1.000000e-50  1.000000e-50 
6.187050e-02  1.079137e-02  5.323741e-02  4.748201e-02  2.517986e-02  2.446043e-02  2.302158e-02  1.000000e-01  5.755396e-02  1.496403e-01  2.086331e-02  3.381295e-02  1.366906e-02  3.093525e-02  4.604317e-02  5.539568e-02  6.978417e-02  1.489209e-01  9.352518e-03  1.798561e-02 
4.753628e-02  2.711393e-02  4.875293e-02  4.353872e-02  6.239680e-02  2.311636e-02  2.746155e-02  8.768576e-02  5.136004e-02  9.020596e-02  2.094377e-02  3.988876e-02  1.000000e-50  3.641262e-02  5.275050e-02  5.865995e-02  7.221691e-02  1.354827e-01  1.468671e-02  5.978969e-02 
1.131179e-01  1.140684e-02  7.604563e-02  8.840304e-02  1.000000e-50  3.707224e-02  1.140684e-02  4.372624e-02  6.178707e-02  1.083650e-01  1.000000e-50  2.376426e-02  2.433460e-01  3.136882e-02  5.418251e-02  1.000000e-50  1.000000e-50  5.513308e-02  4.087452e-02  1.000000e-50 
3.756058e-02  1.332795e-02  5.331179e-02  4.159935e-02  1.000000e-50  5.250404e-01  2.625202e-02  1.090468e-02  3.756058e-02  3.432956e-02  1.211632e-02  6.381260e-02  1.000000e-50  1.777060e-02  3.109855e-02  4.119548e-02  2.059774e-02  1.494346e-02  6.865913e-03  1.171244e-02 
8.466604e-02  1.825024e-02  5.456256e-02  9.294450e-02  3.668862e-02  8.579492e-02  2.389464e-02  5.004704e-02  8.617121e-02  8.824083e-02  1.843838e-02  1.000000e-50  2.728128e-02  3.254939e-02  5.456256e-02  6.660395e-02  6.396990e-02  7.055503e-02  1.411101e-02  3.066792e-02 
1.298138e-01  2.698710e-02  2.078203e-02  4.983749e-02  8.578745e-02  8.421156e-02  2.895696e-02  2.718408e-02  4.717817e-02  3.388161e-02  2.432778e-02  1.920615e-02  1.000000e-50  3.417709e-02  5.476214e-02  1.038117e-01  7.406678e-02  5.643652e-02  2.511573e-02  7.347582e-02 
1.205204e-01  1.040705e-02  4.934956e-02  5.614771e-02  2.106588e-02  1.393202e-02  1.787663e-02  1.158204e-02  4.926563e-02  4.616030e-02  1.586236e-02  1.678556e-02  3.772556e-01  2.266051e-02  3.776752e-02  5.807805e-02  2.559799e-02  2.198909e-02  7.301721e-03  2.039446e-02 
1.322017e-01  1.090323e-02  6.851691e-02  1.054392e-01  2.440838e-02  4.386074e-02  2.626688e-02  3.419651e-02  7.545533e-02  7.211002e-02  1.771775e-02  3.171850e-02  2.862099e-02  4.088713e-02  5.550737e-02  1.094040e-01  3.964812e-02  3.642671e-02  2.168257e-02  2.502788e-02 
5.062617e-02  1.438849e-02  1.300293e-01  5.329070e-02  3.197442e-02  8.926192e-02  3.756994e-02  2.131628e-03  9.352518e-02  2.611244e-02  1.438849e-02  2.472689e-01  1.000000e-50  5.249134e-02  6.075140e-02  4.956035e-02  4.529710e-03  1.598721e-03  1.172395e-02  2.877698e-02 
5.570686e-02  2.253033e-02  1.599406e-01  4.407031e-02  5.174548e-02  2.079723e-02  5.669720e-02  2.822481e-02  4.753652e-02  5.125031e-02  1.832137e-02  1.515227e-01  1.000000e-50  3.367170e-02  5.768755e-02  5.595444e-02  3.812825e-02  3.589998e-02  1.510275e-02  5.521169e-02 
6.926829e-02  2.280488e-02  6.000000e-02  5.073171e-02  4.878049e-02  4.439024e-02  3.841463e-02  1.853659e-02  4.878049e-02  2.073171e-02  1.609756e-02  5.987805e-02  1.000000e-50  3.560976e-02  5.524390e-02  1.514634e-01  1.454878e-01  5.451220e-02  1.463415e-02  4.463415e-02 
8.761558e-02  1.061088e-02  6.108837e-02  1.182356e-01  3.850235e-02  2.576929e-02  2.304078e-02  6.487797e-02  8.094588e-02  1.144460e-01  2.789147e-02  3.819918e-02  1.061088e-03  5.426709e-02  6.381689e-02  3.956344e-02  4.577838e-02  6.002729e-02  1.515841e-02  2.910414e-02 
2.957317e-02  7.926829e-03  1.158537e-02  2.500000e-02  1.097561e-02  9.146341e-03  1.000000e-50  9.756098e-03  3.048780e-02  1.707317e-02  7.012195e-03  1.554878e-02  7.292683e-01  5.487805e-03  1.615854e-02  1.463415e-02  1.768293e-02  3.475610e-02  1.000000e-50  7.926829e-03 
1.330104e-01  1.453055e-02  3.576751e-02  6.408346e-02  3.278689e-02  3.837556e-02  3.129657e-02  1.453055e-02  7.339791e-02  1.460507e-01  3.576751e-02  8.196721e-02  1.000000e-50  4.955291e-02  6.780924e-02  7.339791e-02  4.321908e-02  2.235469e-02  7.451565e-03  3.464978e-02 
1.004250e-01  1.259248e-02  3.651818e-02  8.216591e-02  4.564773e-02  4.690697e-02  2.062018e-02  7.146230e-02  5.855501e-02  1.433968e-01  2.471273e-02  1.904612e-02  1.149063e-02  4.297182e-02  6.249016e-02  4.029592e-02  3.919408e-02  7.649929e-02  1.936093e-02  4.564773e-02 
1.022576e-01  1.350155e-02  1.212926e-01  1.020363e-01  2.412572e-02  3.120850e-02  2.567508e-02  3.386454e-02  1.051350e-01  8.432935e-02  1.040283e-02  3.541390e-02  1.000000e-50  4.537406e-02  5.843293e-02  8.233732e-02  5.245684e-02  4.448871e-02  7.304117e-03  2.036299e-02 
6.080514e-02  1.020408e-02  1.631255e-01  7.310595e-02  4.053676e-02  4.794521e-02  3.256919e-02  8.946044e-03  4.962259e-02  8.219178e-02  1.873078e-02  9.281521e-02  4.333240e-03  5.046128e-02  4.431088e-02  9.714845e-02  5.870841e-02  7.688007e-03  1.845122e-02  3.830025e-02 


#DOUBLE_30x3_DISCRETE_SS_EMISSION
1.000000e+00  1.000000e-50  1.000000e-50 
1.000000e-50  1.000000e-50  1.000000e+00 
1.672749e-03  1.000000e-50  9.983273e-01 
1.000000e-50  1.000000e+00  1.000000e-50 
1.000000e-50  1.000000e+00  1.000000e-50 
1.000000e-50  3.143379e-02  9.685662e-01 
1.000000e-50  1.000000e-50  1.000000e+00 
9.978204e-01  1.000000e-50  2.179599e-03 
1.000000e+00  1.000000e-50  1.000000e-50 
1.000000e+00  1.000000e-50  1.000000e-50 
2.100543e-02  1.810243e-01  7.979703e-01 
1.000000e+00  1.000000e-50  1.000000e-50 
1.000000e-50  5.832321e-03  9.941677e-01 
1.000000e-50  9.899353e-01  1.006470e-02 
1.000000e-50  1.000000e+00  1.000000e-50 
1.000000e+00  1.000000e-50  1.000000e-50 
1.000000e-50  1.000000e-50  1.000000e+00 
1.958920e-02  1.000000e-50  9.804108e-01 
1.000000e-50  1.000000e+00  1.000000e-50 
1.677290e-04  1.000000e-50  9.998323e-01 
1.000000e-50  1.236858e-03  9.987631e-01 
3.990423e-03  4.150040e-02  9.545092e-01 
4.218362e-03  1.215881e-02  9.836228e-01 
1.000000e-50  1.000000e-50  1.000000e+00 
9.995448e-01  1.000000e-50  4.552352e-04 
1.513317e-03  5.750605e-03  9.927361e-01 
1.509363e-01  1.000000e-50  8.490637e-01 
1.000000e+00  1.000000e-50  1.000000e-50 
1.000000e-50  1.000000e-50  1.000000e+00 
1.000000e-50  5.190797e-03  9.948092e-01 


#DOUBLE_30x2_DISCRETE_CIS_EMISSION
1.000000e+00  1.000000e-50 
1.000000e+00  1.000000e-50 
9.897381e-01  1.026191e-02 
1.000000e+00  1.000000e-50 
9.981273e-01  1.872659e-03 
9.973727e-01  2.627324e-03 
9.982017e-01  1.798346e-03 
1.000000e+00  1.000000e-50 
1.000000e+00  1.000000e-50 
1.000000e+00  1.000000e-50 
9.983510e-01  1.648999e-03 
1.000000e+00  1.000000e-50 
1.000000e+00  1.000000e-50 
1.000000e+00  1.000000e-50 
9.996526e-01  3.473730e-04 
1.000000e+00  1.000000e-50 
1.000000e+00  1.000000e-50 
1.000000e+00  1.000000e-50 
1.000000e+00  1.000000e-50 
9.772440e-01  2.275601e-02 
1.000000e+00  1.000000e-50 
1.000000e+00  1.000000e-50 
1.000000e+00  1.000000e-50 
9.982962e-01  1.703785e-03 
1.000000e+00  1.000000e-50 
9.633777e-01  3.662228e-02 
1.000000e+00  1.000000e-50 
1.000000e+00  1.000000e-50 
1.000000e+00  1.000000e-50 
1.000000e+00  1.000000e-50 


#DOUBLE_30x3_TORUS_TORUS_KAPPA
1.418812e+02  1.042361e+02  4.340546e+01 
7.397664e+00  1.092840e+01  7.089492e-01 
1.345495e+01  2.477490e+00  -1.801167e+00 
2.114792e+01  2.757134e+01  3.674434e+00 
2.006349e+01  1.121281e+01  -2.909396e+00 
2.791462e+01  2.282238e+01  8.078187e+00 
1.425540e+01  7.992165e+00  1.945675e+00 
1.683036e+01  1.874471e+01  4.671764e+00 
4.779895e+02  4.056551e+02  1.714594e+02 
4.092386e+02  3.600036e+02  1.433928e+02 
3.589060e+00  4.862913e+00  8.285269e-01 
1.803169e+02  1.146202e+02  4.838580e+01 
5.129700e+01  4.012011e+01  1.698210e+01 
1.416838e+01  1.328713e+01  3.172960e+00 
1.276453e+01  9.041155e+00  2.196045e+00 
3.187552e+02  2.192006e+02  1.057431e+02 
9.548029e+00  5.866875e+00  2.323504e+00 
4.043973e+00  3.631973e+00  -5.244685e-02 
1.706075e+01  2.114951e+01  3.625653e+00 
7.433294e+01  4.995424e+01  2.091288e+01 
2.053306e+02  1.214597e+02  6.486497e+01 
1.269007e+02  6.570857e+01  3.463243e+01 
8.965619e+00  4.810695e+00  -7.225549e-01 
1.131898e+01  1.015010e+01  1.909531e-01 
6.670304e+01  3.669537e+01  7.287806e+00 
7.395148e+01  5.903012e+01  2.730854e+01 
7.868394e+01  7.691850e+01  3.127467e+01 
3.874635e+01  3.445427e+01  4.921560e+00 
4.328943e+01  4.439852e+01  1.484737e+01 
6.980118e+01  6.616057e+01  2.739436e+01 


#DOUBLE_30x2_TORUS_TORUS_MU
-1.037732e+00  -6.115366e-01 
-1.654860e+00  2.409263e+00 
-1.420584e+00  1.855055e+00 
-2.021600e+00  2.273944e+00 
-1.374774e+00  2.331265e+00 
-1.454333e+00  2.964368e+00 
-1.895982e+00  -4.003265e-02 
-1.575919e+00  -4.019486e-01 
-1.086718e+00  -7.131272e-01 
-1.134282e+00  -7.831428e-01 
1.805282e+00  -2.899034e+00 
-1.101775e+00  -5.481862e-01 
1.479908e+00  8.086108e-02 
-1.659120e+00  -5.243280e-01 
-2.109327e+00  2.317158e+00 
-9.361421e-01  -7.281844e-01 
1.371430e+00  3.002914e-01 
-1.550357e+00  -6.387551e-01 
-2.500562e+00  2.686028e+00 
-1.118235e+00  2.523092e+00 
-1.084079e+00  -4.171043e-01 
9.839981e-01  6.791965e-01 
-2.311620e+00  1.434370e+00 
-2.493557e+00  2.768743e+00 
-1.304212e+00  -6.608309e-01 
-1.091994e+00  -4.241566e-01 
-1.540605e+00  2.695727e-02 
-9.967941e-01  -8.452519e-01 
-1.244665e+00  -6.028422e-01 
-1.565618e+00  -2.784069e-02 


