#DOUBLE_1x55_DISCRETE_HIDDEN_DOMINANT-EIGENVECTOR
2.082500e-02 9.718270e-03 5.522970e-02 4.742980e-03 1.158960e-02 8.639210e-03 5.733510e-03 8.279530e-03 2.146030e-02 6.541660e-03 4.297590e-02 2.775680e-02 5.347510e-02 7.666890e-03 3.934810e-03 1.400380e-02 2.980440e-02 2.701620e-02 1.855750e-02 2.245140e-02 2.619660e-02 8.131730e-03 1.227540e-02 1.103670e-02 2.521020e-02 4.151220e-02 8.121520e-03 6.351500e-03 1.437710e-02 2.661050e-03 1.924700e-02 6.135680e-02 9.423230e-03 6.803850e-03 2.740670e-02 2.024960e-02 3.144930e-02 6.070720e-03 3.663000e-03 2.865560e-02 3.273710e-02 2.721430e-02 5.477840e-03 4.360810e-03 8.560320e-03 2.673330e-02 1.539790e-02 3.887500e-02 8.672240e-03 1.453670e-02 1.301020e-02 7.079140e-03 1.012940e-02 1.307820e-02 3.535050e-03 

#DOUBLE_1x55_DISCRETE_HIDDEN_START
4.355400e-02 1.742160e-02 4.065040e-02 8.130080e-03 1.800230e-02 1.000000e-50 1.000000e-50 1.000000e-50 1.000000e-50 1.000000e-50 2.032520e-02 7.200930e-02 1.341460e-01 1.000000e-50 1.000000e-50 9.291520e-03 1.000000e-50 1.000000e-50 6.504070e-02 3.077820e-02 8.652730e-02 1.000000e-50 1.335660e-02 5.226480e-03 4.703830e-02 4.471540e-02 1.000000e-50 1.000000e-50 1.000000e-50 1.000000e-50 1.103370e-02 3.890820e-02 4.065040e-03 1.000000e-50 6.329850e-02 3.310100e-02 7.955870e-02 1.000000e-50 1.000000e-50 1.000000e-50 1.000000e-50 2.322880e-03 1.000000e-50 1.000000e-50 1.000000e-50 6.445990e-02 1.000000e-50 1.000000e-50 1.000000e-50 2.729380e-02 1.974450e-02 1.000000e-50 1.000000e-50 1.000000e-50 1.000000e-50 

#DOUBLE_1x55_TORUS_TORUS_LOGNORMCONST
2.558106e+02 8.005099e+01 7.237935e+01 7.988766e+01 6.611502e+01 1.231139e+02 6.283394e+01 1.125996e+02 5.082402e+02 2.536850e+02 6.115615e+01 1.107738e+01 1.724881e+01 2.321435e+02 3.745964e+02 5.178944e+01 1.083717e+03 6.775466e+02 5.661977e+01 2.667359e+02 8.780563e+00 1.597919e+02 8.693663e+01 3.122064e+02 8.771792e+01 4.664908e+01 2.574441e+01 5.853126e+01 3.702181e+01 3.464368e+01 4.210069e+01 3.402960e+01 2.072470e+02 3.229827e+01 3.516102e+01 7.710030e+00 2.062223e+01 2.311958e+01 4.948654e+01 8.770515e+02 9.252855e+02 2.642982e+01 2.663558e+02 2.271323e+02 4.680416e+02 7.466244e+01 3.807690e+02 1.091905e+03 1.137155e+02 2.033603e+01 1.089817e+02 3.054941e+02 2.351899e+02 1.900252e+02 2.347608e+02 

#DOUBLE_1x55_TORUS_TORUS_SCALE-ENVELOPE
3.765282e-03 2.980607e-03 -4.289107e-03 2.511569e-02 -1.497723e-03 1.893885e-02 1.440972e-03 9.299097e-04 2.144705e-03 5.837949e-03 5.122776e-02 4.087988e-05 7.402291e-04 1.422229e-02 6.667240e-03 -4.298307e-05 2.012867e-03 5.337476e-03 -3.165721e-03 2.166966e-03 1.318177e-04 8.904412e-03 2.744750e-03 1.344863e-02 -1.108522e-03 -2.015249e-03 -1.395619e-02 -2.881217e-03 -4.699097e-03 2.467320e-05 -3.390154e-03 -5.188411e-03 1.174098e-02 -6.163998e-03 -1.931911e-03 2.864372e-03 5.160447e-05 -9.116550e-03 4.936141e-03 2.983804e-03 1.215025e-03 -1.186995e-02 1.483627e-03 1.345271e-02 2.914697e-03 2.856652e-03 1.172820e-04 8.927083e-04 5.419418e-04 6.077914e-04 2.461328e-03 1.162178e-02 1.089020e-02 1.501112e-04 5.731378e-03 

#DOUBLE_55x20_DISCRETE_AA_EMISSION
1.057880e-01 1.157610e-02 4.113980e-02 7.586820e-02 3.455030e-02 4.113980e-02 1.923420e-02 5.164740e-02 6.055210e-02 1.089940e-01 1.923420e-02 2.386460e-02 1.275160e-01 4.256460e-02 4.398930e-02 4.149600e-02 3.081030e-02 6.607300e-02 2.172750e-02 3.223510e-02 
7.974060e-02 3.433800e-03 1.484170e-01 9.194960e-02 1.945820e-02 2.975960e-02 2.060280e-02 2.518120e-02 1.182750e-01 7.134680e-02 8.775280e-03 3.204880e-02 5.570390e-02 4.769170e-02 6.409770e-02 7.210990e-02 4.425790e-02 4.311330e-02 6.486070e-03 1.755060e-02 
2.863440e-02 1.174740e-02 4.472030e-03 4.091580e-02 4.258440e-02 3.404080e-03 1.535180e-02 1.918300e-01 3.864640e-02 1.280870e-01 1.969030e-02 1.021230e-02 1.000000e-50 2.362840e-02 4.158320e-02 1.321590e-02 8.717130e-02 2.465630e-01 1.034570e-02 4.191700e-02 
3.134800e-02 1.000000e-50 1.724140e-02 1.000000e-50 1.000000e-50 2.742950e-02 1.000000e-50 1.000000e-50 1.000000e-50 1.000000e-50 1.000000e-50 2.351100e-02 8.275860e-01 1.000000e-50 1.567400e-02 4.937300e-02 1.000000e-50 7.836990e-03 1.000000e-50 1.000000e-50 
1.073020e-01 1.809520e-02 3.777780e-02 1.060320e-01 2.984130e-02 5.492060e-02 2.253970e-02 7.333330e-02 6.190480e-02 1.215870e-01 2.349210e-02 2.095240e-02 3.206350e-02 3.333330e-02 6.158730e-02 4.095240e-02 4.095240e-02 6.285710e-02 2.000000e-02 3.047620e-02 
5.654630e-02 1.435410e-02 1.122230e-01 7.872990e-02 5.698130e-02 2.870810e-02 2.696820e-02 1.304920e-02 7.612010e-02 1.170070e-01 1.826880e-02 7.046540e-02 1.000000e-50 7.133540e-02 5.785120e-02 5.785120e-02 4.132230e-02 1.957370e-02 1.826880e-02 6.437580e-02 
2.036790e-02 2.562420e-02 2.102500e-02 3.810780e-02 1.136660e-01 1.248360e-02 6.833110e-02 3.547960e-02 2.825230e-02 1.044680e-01 1.576870e-02 7.950070e-02 1.000000e-50 1.773980e-02 3.613670e-02 5.519050e-02 1.327200e-01 4.730620e-02 2.233900e-02 1.254930e-01 
9.990790e-02 5.524860e-03 5.156540e-02 1.187850e-01 2.163900e-02 2.762430e-02 1.749540e-02 5.478820e-02 1.008290e-01 9.622470e-02 2.624310e-02 2.348070e-02 7.044200e-02 5.156540e-02 8.333330e-02 3.821360e-02 2.762430e-02 5.018420e-02 5.064460e-03 2.946590e-02 
8.457800e-02 7.815210e-03 4.897530e-02 9.291420e-02 4.220220e-02 3.768670e-02 2.726640e-02 8.006250e-02 5.696420e-02 1.043770e-01 2.031960e-02 2.622440e-02 1.000000e-50 5.626950e-02 4.393890e-02 3.699200e-02 6.512680e-02 1.085450e-01 1.354640e-02 4.619660e-02 
1.126920e-01 2.504270e-02 5.862270e-02 8.651110e-02 3.870230e-02 6.488330e-02 3.756400e-02 5.634600e-02 4.097890e-02 1.013090e-01 3.528740e-02 4.439390e-02 1.764370e-02 2.447350e-02 4.040980e-02 9.049520e-02 2.333520e-02 3.130340e-02 3.073420e-02 3.927150e-02 
2.581600e-02 8.576180e-03 6.292120e-02 2.975410e-02 1.592720e-02 5.409990e-01 2.135290e-02 1.400190e-03 4.515620e-02 1.636480e-02 8.051110e-03 1.174410e-01 1.000000e-50 2.406580e-02 2.949160e-02 2.441590e-02 5.950820e-03 2.537850e-03 5.513260e-03 1.426450e-02 
6.562170e-02 1.819870e-02 1.222100e-01 5.313500e-02 4.675880e-02 3.971840e-02 4.636030e-02 1.926140e-02 5.592450e-02 6.376200e-02 2.072260e-02 1.235390e-01 6.309780e-02 3.453770e-02 5.565890e-02 5.725290e-02 3.666310e-02 2.523910e-02 1.075980e-02 4.157810e-02 
3.645720e-02 1.850690e-02 1.000000e-50 6.644400e-02 5.837330e-02 1.000000e-50 1.815900e-02 1.346970e-01 8.982120e-02 1.295480e-01 2.567310e-02 1.544560e-02 1.000000e-50 5.127670e-02 5.468590e-02 1.767200e-02 6.011270e-02 1.653800e-01 1.704580e-02 4.070130e-02 
8.247930e-02 1.000000e-50 3.562710e-02 4.880430e-02 2.196190e-02 1.903370e-02 1.000000e-50 4.099560e-02 4.685210e-02 7.174230e-02 1.708150e-02 1.000000e-50 3.338210e-01 2.684240e-02 3.513910e-02 6.002930e-02 4.734020e-02 5.514890e-02 2.391410e-02 3.318690e-02 
1.947070e-01 1.000000e-50 4.064270e-02 7.088850e-02 1.606810e-02 6.143670e-02 7.561440e-03 1.000000e-50 7.372400e-02 1.465030e-01 3.119090e-02 5.198490e-02 1.000000e-50 4.631380e-02 4.725900e-02 1.691870e-01 3.024570e-02 1.000000e-50 8.506620e-03 3.780720e-03 
4.782030e-02 2.060770e-02 1.077940e-01 2.747690e-02 5.072660e-02 3.910170e-02 3.328930e-02 3.566710e-02 3.804490e-02 9.299870e-02 2.721270e-02 1.273450e-01 1.000000e-50 3.778070e-02 4.623510e-02 6.076620e-02 1.022460e-01 4.993390e-02 1.611620e-02 3.883750e-02 
1.401240e-01 1.378880e-02 3.204970e-02 5.826090e-02 3.689440e-02 2.385090e-02 1.403730e-02 8.621120e-02 5.838510e-02 1.765220e-01 3.080750e-02 2.136650e-02 1.000000e-50 4.149070e-02 5.701860e-02 2.248450e-02 3.180120e-02 1.009940e-01 1.540370e-02 3.850930e-02 
1.188710e-01 1.983470e-02 3.842980e-02 7.438020e-02 3.829200e-02 2.851240e-02 1.666670e-02 3.622590e-02 7.988980e-02 1.630850e-01 3.842980e-02 4.931130e-02 1.000000e-50 5.358130e-02 8.567490e-02 4.352620e-02 3.181820e-02 3.939390e-02 1.749310e-02 2.658400e-02 
1.594120e-01 2.007550e-02 7.414030e-02 6.618960e-02 4.134370e-02 3.915720e-02 2.087060e-02 1.391370e-02 5.684750e-02 1.303920e-01 3.200160e-02 3.995230e-02 5.764260e-03 4.452400e-02 5.187840e-02 5.466110e-02 5.148080e-02 3.120650e-02 1.947920e-02 4.671040e-02 
8.252820e-02 1.473720e-03 1.121660e-01 1.709510e-01 2.325200e-02 4.748650e-02 2.456200e-02 1.915830e-02 6.287870e-02 2.931060e-02 9.988540e-03 3.782540e-02 9.562800e-02 4.503030e-02 4.028160e-02 8.056330e-02 4.339280e-02 3.143930e-02 2.046830e-02 2.161450e-02 
5.804640e-02 2.600140e-02 5.172170e-02 7.350670e-02 4.356990e-02 9.009140e-02 3.007730e-02 5.130010e-02 7.280390e-02 8.348560e-02 1.503870e-02 3.836960e-02 2.262830e-02 3.513700e-02 4.919180e-02 7.210120e-02 6.521430e-02 6.971190e-02 1.461700e-02 3.738580e-02 
1.287080e-01 1.323600e-02 3.605660e-02 6.435420e-02 4.472840e-02 2.738480e-02 2.921040e-02 1.597440e-02 6.024650e-02 1.592880e-01 3.149250e-02 9.949790e-02 1.000000e-50 6.435420e-02 6.709270e-02 5.705160e-02 3.149250e-02 2.236420e-02 9.584660e-03 3.788220e-02 
3.530130e-02 6.695070e-03 2.720630e-01 6.390750e-02 2.373710e-02 6.877660e-02 3.499700e-02 4.260500e-03 4.747410e-02 3.134510e-02 1.369450e-02 1.591600e-01 1.000000e-50 3.043210e-02 3.560560e-02 6.786370e-02 5.416920e-02 1.000000e-50 1.186850e-02 3.864880e-02 
9.522210e-02 1.278600e-02 9.253030e-02 1.315610e-01 2.153430e-02 5.013460e-02 3.196500e-02 1.816960e-02 6.695830e-02 4.138630e-02 1.413190e-02 4.104980e-02 4.744280e-02 4.508750e-02 5.148050e-02 1.315610e-01 4.576040e-02 1.816960e-02 2.052490e-02 2.254370e-02 
1.521450e-01 2.109090e-02 5.032730e-02 8.130910e-02 4.712730e-02 1.818180e-02 3.200000e-02 4.058180e-02 6.705450e-02 9.890910e-02 2.850910e-02 2.880000e-02 1.000000e-50 4.058180e-02 5.847270e-02 7.767270e-02 4.770910e-02 5.440000e-02 1.381820e-02 4.130910e-02 
6.429520e-02 2.178750e-02 2.418850e-02 4.926630e-02 7.389950e-02 3.174740e-02 2.312140e-02 6.367270e-02 6.482880e-02 1.288570e-01 1.769680e-02 2.596710e-02 1.956430e-03 3.503780e-02 5.309030e-02 4.713210e-02 8.421520e-02 9.381950e-02 2.961320e-02 6.580700e-02 
7.681560e-02 2.467410e-02 3.770950e-02 9.497210e-02 4.655490e-02 1.815640e-02 1.955310e-02 7.681560e-02 7.821230e-02 1.252330e-01 4.283050e-02 2.746740e-02 1.000000e-50 5.027930e-02 5.400370e-02 5.959030e-02 5.679700e-02 7.541900e-02 1.117320e-02 2.374300e-02 
6.916760e-02 2.227430e-02 4.865180e-02 9.554510e-02 6.037510e-02 1.172330e-02 2.754980e-02 4.572100e-02 1.137160e-01 1.025790e-01 1.000000e-50 3.927320e-02 1.000000e-50 5.275500e-02 5.861660e-02 5.099650e-02 6.096130e-02 7.620160e-02 1.699880e-02 4.689330e-02 
3.127460e-02 2.812090e-02 7.516430e-02 5.781870e-02 3.180030e-02 8.935610e-03 3.180030e-02 2.812090e-02 1.001310e-01 6.412610e-02 1.498030e-02 5.545340e-02 1.000000e-50 4.494090e-02 6.859400e-02 7.752960e-02 2.044680e-01 3.206310e-02 1.156370e-02 3.311430e-02 
4.584530e-02 1.575930e-02 4.871060e-02 4.727790e-02 1.203440e-01 3.581660e-02 5.157590e-02 6.017190e-02 7.020060e-02 7.593120e-02 3.868190e-02 8.595990e-02 1.000000e-50 2.865330e-02 4.441260e-02 4.011460e-02 2.435530e-02 6.017190e-02 2.578800e-02 8.022920e-02 
5.488390e-02 2.513910e-02 4.797540e-02 4.663210e-02 3.377470e-02 1.957400e-02 1.669550e-02 6.716560e-02 6.083290e-02 1.103440e-01 2.034160e-02 2.398770e-02 1.848010e-01 2.590670e-02 4.490500e-02 4.029940e-02 3.089620e-02 9.691040e-02 2.034160e-02 2.859340e-02 
1.105690e-01 2.553940e-02 2.413750e-02 4.955500e-02 8.155550e-02 7.606970e-02 3.035470e-02 3.492620e-02 4.693400e-02 3.949770e-02 2.614900e-02 2.029750e-02 1.000000e-50 3.303670e-02 5.961230e-02 9.612340e-02 7.436300e-02 7.795930e-02 2.011460e-02 7.320490e-02 
4.992010e-02 2.795530e-03 2.915340e-02 5.710860e-02 1.837060e-02 2.236420e-02 1.198080e-02 2.396170e-02 5.591050e-02 3.154950e-02 4.392970e-03 1.757190e-02 4.552720e-01 1.797120e-02 2.795530e-02 6.908950e-02 2.675720e-02 4.313100e-02 1.198080e-02 2.276360e-02 
8.504720e-02 7.226240e-03 1.478600e-01 1.667590e-01 2.390220e-02 3.224010e-02 2.167870e-02 3.168430e-02 9.894390e-02 5.280710e-02 9.449690e-03 3.946640e-02 7.782100e-03 3.224010e-02 3.891050e-02 7.948860e-02 4.724850e-02 3.390770e-02 1.500830e-02 2.834910e-02 
3.740990e-02 1.931710e-02 1.107330e-01 2.924770e-02 7.618010e-03 2.187460e-01 1.360360e-02 3.672970e-03 2.149370e-02 3.278470e-02 8.706300e-03 6.108010e-02 1.210720e-02 1.822880e-02 2.897560e-02 1.987480e-01 1.575300e-01 3.400900e-03 4.897290e-03 1.169910e-02 
1.954340e-02 3.835620e-03 2.757990e-02 1.552510e-02 6.940640e-03 7.873970e-01 8.219180e-03 5.479450e-03 1.917810e-02 1.388130e-02 3.470320e-03 1.406390e-02 9.132420e-04 1.004570e-02 1.205480e-02 2.849320e-02 1.059360e-02 6.575340e-03 9.132420e-04 5.296800e-03 
6.961430e-02 2.210720e-02 7.114300e-02 4.503760e-02 4.256820e-02 5.420980e-02 4.562560e-02 1.187680e-02 4.456730e-02 1.563970e-02 1.387580e-02 6.726250e-02 1.000000e-50 3.527750e-02 5.009410e-02 1.675680e-01 1.540450e-01 2.798680e-02 1.528690e-02 4.621350e-02 
6.169030e-02 9.870450e-03 4.935230e-02 4.750150e-02 2.590990e-02 2.405920e-02 2.344230e-02 1.067240e-01 5.552130e-02 1.585440e-01 1.912400e-02 3.146210e-02 1.295500e-02 2.714370e-02 4.318320e-02 5.181990e-02 7.341150e-02 1.474400e-01 9.870450e-03 2.097470e-02 
8.333330e-02 2.439020e-02 1.239840e-01 9.857720e-02 3.760160e-02 4.878050e-02 4.471540e-02 1.219510e-02 6.605690e-02 9.552850e-02 2.235770e-02 8.028460e-02 1.000000e-50 3.760160e-02 8.028460e-02 4.166670e-02 4.268290e-02 2.032520e-02 1.727640e-02 2.235770e-02 
1.061220e-01 1.657750e-02 7.192270e-02 1.190450e-01 2.963060e-02 3.850670e-02 2.232080e-02 3.589610e-02 4.907980e-02 1.070360e-01 3.863730e-02 3.498240e-02 1.000000e-50 6.800680e-02 5.873910e-02 5.129880e-02 6.004440e-02 5.443150e-02 8.745590e-03 2.897790e-02 
8.105360e-02 1.198280e-02 1.548720e-02 4.374860e-02 8.444490e-02 1.085240e-02 2.000900e-02 1.375760e-01 4.465300e-02 1.661770e-01 3.142660e-02 1.028710e-02 1.000000e-50 1.661770e-02 4.453990e-02 2.600050e-02 3.583540e-02 1.329410e-01 2.656570e-02 5.980100e-02 
4.075100e-02 2.531290e-02 8.595270e-02 4.311540e-02 5.354660e-02 6.536860e-03 3.310150e-02 1.337970e-01 4.200280e-02 1.201670e-01 2.114050e-02 6.648120e-02 1.000000e-50 2.753820e-02 3.977750e-02 3.212800e-02 2.211400e-02 1.438110e-01 1.682890e-02 4.589710e-02 
1.324320e-01 1.000000e-50 2.635140e-02 3.581080e-02 4.189190e-02 3.378380e-03 1.081080e-02 9.729730e-02 3.648650e-02 2.351350e-01 3.581080e-02 1.216220e-02 1.000000e-50 1.000000e-50 6.689190e-02 2.500000e-02 4.864860e-02 1.141890e-01 3.445950e-02 4.324320e-02 
1.570820e-01 2.231760e-02 1.974250e-02 5.836910e-02 2.575110e-02 2.060090e-02 1.802580e-02 2.489270e-02 8.068670e-02 2.549360e-01 3.433480e-02 3.090130e-02 1.000000e-50 3.776820e-02 6.523610e-02 7.381970e-02 3.948500e-02 3.605150e-02 1.000000e-50 1.000000e-50 
1.958720e-01 5.270090e-03 5.841020e-02 1.203340e-01 1.537110e-02 2.020200e-02 1.449280e-02 3.249890e-02 1.330700e-01 7.861220e-02 2.722880e-02 3.820820e-02 1.000000e-50 8.300400e-02 8.432150e-02 4.259990e-02 1.668860e-02 1.405360e-02 5.709270e-03 1.405360e-02 
4.508250e-02 1.000000e-50 2.261060e-02 3.204330e-02 3.329170e-03 1.525870e-03 4.993760e-03 1.000000e-50 3.523370e-02 2.774310e-03 1.000000e-50 6.519630e-03 7.931750e-01 6.935770e-03 1.761690e-02 2.496880e-02 1.000000e-50 3.190460e-03 1.000000e-50 1.000000e-50 
8.306790e-02 1.519240e-02 4.974270e-02 7.008090e-02 8.698850e-02 2.621910e-02 2.768930e-02 7.547170e-02 6.591520e-02 9.777020e-02 1.739770e-02 2.425880e-02 1.000000e-50 5.268320e-02 6.616030e-02 2.744430e-02 4.851750e-02 6.665030e-02 2.621910e-02 7.253120e-02 
2.099180e-01 1.089240e-02 5.522640e-02 1.137970e-01 1.232560e-02 4.777370e-02 1.738960e-02 2.637110e-02 9.831840e-02 7.232940e-02 2.493790e-02 4.032100e-02 1.000000e-50 7.338050e-02 7.940000e-02 4.978020e-02 3.363270e-02 1.471430e-02 7.261610e-03 1.223010e-02 
7.283040e-02 1.482770e-02 3.445270e-02 7.588310e-02 5.320540e-02 3.096380e-02 1.395550e-02 1.160050e-01 6.410820e-02 1.556910e-01 2.834710e-02 2.660270e-02 1.308330e-03 5.146100e-02 5.058870e-02 2.878330e-02 3.924990e-02 8.286090e-02 1.264720e-02 4.622760e-02 
6.956970e-03 4.818350e-02 4.377740e-01 3.942280e-02 1.030660e-02 1.000000e-50 2.731250e-02 1.365630e-02 1.700590e-02 8.760630e-03 1.030660e-03 2.102550e-01 5.410980e-03 1.700590e-02 2.190160e-02 9.018290e-02 5.926310e-03 1.391390e-02 9.275960e-03 1.571760e-02 
1.408770e-01 7.637910e-03 5.629420e-02 1.066480e-01 2.234790e-02 3.140030e-02 2.715700e-02 2.659120e-02 1.021220e-01 7.298440e-02 2.291370e-02 2.461100e-02 5.318250e-02 3.677510e-02 6.591230e-02 7.100420e-02 4.101840e-02 5.063650e-02 1.527580e-02 2.461100e-02 
1.585620e-01 1.638480e-02 8.773780e-02 9.883720e-02 1.162790e-02 5.021140e-02 9.513740e-03 2.959830e-02 8.245240e-02 6.501060e-02 1.902750e-02 4.175480e-02 1.000000e-50 5.179700e-02 7.663850e-02 1.236790e-01 4.968290e-02 2.061310e-02 1.000000e-50 6.871040e-03 
9.270290e-02 1.526430e-02 6.105730e-02 7.334330e-02 2.159340e-02 3.946390e-02 2.271030e-02 7.073720e-03 7.408790e-02 8.190620e-02 1.898730e-02 3.127330e-02 1.000000e-50 6.366340e-02 6.589720e-02 1.868950e-01 9.419210e-02 1.228590e-02 1.712580e-02 2.047650e-02 
1.215870e-01 4.886460e-03 3.334290e-02 1.302100e-01 2.184540e-02 2.558210e-02 1.207240e-02 4.196610e-02 1.121010e-01 1.184250e-01 4.426560e-02 4.081630e-02 1.000000e-50 6.352400e-02 1.020410e-01 4.196610e-02 2.529460e-02 3.909170e-02 6.898530e-03 1.408450e-02 
1.043010e-01 3.440860e-02 5.161290e-02 6.559140e-02 2.795700e-02 3.978490e-02 1.397850e-02 4.946240e-02 5.268820e-02 1.645160e-01 3.655910e-02 8.172040e-02 1.000000e-50 5.483870e-02 3.333330e-02 6.451610e-02 1.935480e-02 6.666670e-02 1.000000e-50 3.870970e-02 

#DOUBLE_55x2_DISCRETE_CIS_EMISSION
1.000000e+00 1.000000e-50 
1.000000e+00 1.000000e-50 
1.000000e+00 1.000000e-50 
8.663520e-01 1.336480e-01 
1.000000e+00 1.000000e-50 
1.000000e+00 1.000000e-50 
1.000000e+00 1.000000e-50 
1.000000e+00 1.000000e-50 
1.000000e+00 1.000000e-50 
1.000000e+00 1.000000e-50 
1.000000e+00 1.000000e-50 
1.000000e+00 1.000000e-50 
1.000000e+00 1.000000e-50 
1.000000e+00 1.000000e-50 
1.000000e+00 1.000000e-50 
9.984100e-01 1.590250e-03 
1.000000e+00 1.000000e-50 
1.000000e+00 1.000000e-50 
1.000000e+00 1.000000e-50 
1.000000e+00 1.000000e-50 
9.969010e-01 3.099030e-03 
1.000000e+00 1.000000e-50 
1.000000e+00 1.000000e-50 
1.000000e+00 1.000000e-50 
1.000000e+00 1.000000e-50 
1.000000e+00 1.000000e-50 
1.000000e+00 1.000000e-50 
1.000000e+00 1.000000e-50 
1.000000e+00 1.000000e-50 
1.000000e+00 1.000000e-50 
1.000000e+00 1.000000e-50 
9.996360e-01 3.642990e-04 
1.000000e+00 1.000000e-50 
1.000000e+00 1.000000e-50 
9.970100e-01 2.989940e-03 
9.983530e-01 1.647450e-03 
1.000000e+00 1.000000e-50 
1.000000e+00 1.000000e-50 
1.000000e+00 1.000000e-50 
1.000000e+00 1.000000e-50 
1.000000e+00 1.000000e-50 
1.000000e+00 1.000000e-50 
1.000000e+00 1.000000e-50 
1.000000e+00 1.000000e-50 
1.000000e+00 1.000000e-50 
9.470270e-01 5.297280e-02 
1.000000e+00 1.000000e-50 
1.000000e+00 1.000000e-50 
1.000000e+00 1.000000e-50 
9.981960e-01 1.804120e-03 
1.000000e+00 1.000000e-50 
1.000000e+00 1.000000e-50 
1.000000e+00 1.000000e-50 
1.000000e+00 1.000000e-50 
1.000000e+00 1.000000e-50 

#DOUBLE_55x55_DISCRETE_HIDDEN_TRANSITION
1.000000e-50 1.000000e-50 1.000000e-50 1.000000e-50 1.000000e-50 1.000000e-50 1.000000e-50 1.811010e-02 1.273090e-02 1.380670e-02 1.000000e-50 1.000000e-50 1.000000e-50 1.000000e-50 1.000000e-50 1.000000e-50 1.000000e-50 1.000000e-50 1.000000e-50 6.042680e-01 1.000000e-50 1.000000e-50 1.000000e-50 1.689080e-01 1.000000e-50 1.000000e-50 1.000000e-50 1.000000e-50 1.000000e-50 1.000000e-50 1.000000e-50 1.000000e-50 1.000000e-50 1.000000e-50 1.000000e-50 1.000000e-50 1.000000e-50 1.000000e-50 1.000000e-50 4.662000e-03 5.558540e-03 1.000000e-50 1.000000e-50 1.000000e-50 1.000000e-50 1.000000e-50 8.284020e-02 8.911600e-02 1.000000e-50 1.000000e-50 1.000000e-50 1.000000e-50 1.000000e-50 1.000000e-50 1.000000e-50 
1.000000e-50 1.000000e-50 7.129310e-02 1.000000e-50 1.000000e-50 1.000000e-50 1.000000e-50 1.000000e-50 1.000000e-50 1.000000e-50 7.584380e-04 5.726200e-02 1.679940e-01 1.000000e-50 1.000000e-50 1.000000e-50 1.000000e-50 1.000000e-50 1.000000e-50 1.000000e-50 1.000000e-50 1.000000e-50 1.000000e-50 1.000000e-50 1.403110e-02 1.000000e-50 1.000000e-50 1.000000e-50 1.000000e-50 1.000000e-50 1.000000e-50 2.244980e-01 1.000000e-50 1.000000e-50 3.337130e-02 1.971940e-02 3.344710e-01 1.000000e-50 1.000000e-50 1.000000e-50 1.000000e-50 1.000000e-50 1.000000e-50 1.000000e-50 1.000000e-50 1.137660e-03 1.000000e-50 1.000000e-50 1.000000e-50 7.546450e-02 1.000000e-50 1.000000e-50 1.000000e-50 1.000000e-50 1.000000e-50 
1.000000e-50 2.012610e-03 3.603250e-01 1.000000e-50 2.012610e-04 1.000000e-50 1.000000e-50 1.000000e-50 1.000000e-50 1.000000e-50 9.995970e-03 4.830270e-03 1.469210e-02 1.000000e-50 1.000000e-50 1.000000e-50 1.000000e-50 1.000000e-50 1.000000e-50 1.000000e-50 1.000000e-50 1.000000e-50 1.000000e-50 1.000000e-50 5.501140e-03 2.251440e-01 1.000000e-50 1.000000e-50 1.000000e-50 1.000000e-50 5.595060e-02 8.546890e-02 1.000000e-50 1.000000e-50 3.146380e-02 2.549310e-03 6.977060e-03 1.475920e-03 1.000000e-50 1.000000e-50 1.000000e-50 1.820070e-01 1.000000e-50 1.000000e-50 1.000000e-50 1.811350e-03 1.000000e-50 1.000000e-50 1.000000e-50 9.593450e-03 1.000000e-50 1.000000e-50 1.000000e-50 1.000000e-50 1.000000e-50 
2.629480e-02 9.561750e-03 8.764940e-03 1.000000e-50 1.912350e-02 1.000000e-50 1.000000e-50 1.000000e-50 1.000000e-50 1.000000e-50 2.948210e-02 6.055780e-02 9.163350e-02 1.000000e-50 1.000000e-50 8.047810e-02 1.000000e-50 1.000000e-50 5.816730e-02 1.000000e-50 1.059760e-01 1.000000e-50 1.000000e-50 1.000000e-50 3.824700e-02 3.904380e-02 1.000000e-50 1.000000e-50 6.055780e-02 1.000000e-50 3.187250e-03 1.992030e-02 1.000000e-50 3.346610e-02 2.071710e-02 4.541830e-02 1.649400e-01 1.000000e-50 1.000000e-50 1.000000e-50 1.000000e-50 1.000000e-50 1.000000e-50 1.000000e-50 1.000000e-50 1.000000e-50 1.000000e-50 1.000000e-50 1.000000e-50 5.498010e-02 2.948210e-02 1.000000e-50 1.000000e-50 1.000000e-50 1.000000e-50 
1.279110e-01 1.000000e-50 1.000000e-50 1.000000e-50 4.159490e-01 1.000000e-50 1.000000e-50 3.145140e-01 1.000000e-50 1.000000e-50 1.000000e-50 1.000000e-50 1.000000e-50 1.000000e-50 1.000000e-50 1.000000e-50 1.000000e-50 2.105260e-02 1.000000e-50 3.891550e-02 1.000000e-50 1.000000e-50 1.000000e-50 1.000000e-50 1.000000e-50 1.000000e-50 1.000000e-50 1.000000e-50 1.000000e-50 1.116430e-02 1.000000e-50 1.000000e-50 1.000000e-50 1.000000e-50 2.551830e-03 5.422650e-03 2.551830e-03 1.000000e-50 5.103670e-02 1.000000e-50 1.000000e-50 1.000000e-50 1.000000e-50 1.000000e-50 1.000000e-50 1.000000e-50 1.000000e-50 1.000000e-50 6.379590e-03 1.000000e-50 1.000000e-50 2.551830e-03 1.000000e-50 1.000000e-50 1.000000e-50 
9.676030e-02 1.000000e-50 3.412530e-02 1.000000e-50 1.000000e-50 1.036720e-02 1.000000e-50 3.887690e-03 6.047520e-03 1.000000e-50 5.917930e-02 3.110150e-02 2.194380e-01 1.000000e-50 1.000000e-50 1.727860e-02 1.987040e-02 1.000000e-50 8.768900e-02 1.000000e-50 3.542120e-02 1.000000e-50 1.000000e-50 6.911450e-03 1.174950e-01 4.276460e-02 1.000000e-50 1.000000e-50 3.455720e-02 1.000000e-50 3.110150e-02 4.319650e-03 1.000000e-50 1.000000e-50 1.987040e-02 1.943840e-02 8.639310e-03 1.000000e-50 1.000000e-50 1.000000e-50 1.000000e-50 1.000000e-50 1.295900e-03 1.000000e-50 1.000000e-50 1.000000e-50 1.000000e-50 1.000000e-50 8.639310e-03 3.628510e-02 2.764580e-02 1.987040e-02 1.000000e-50 1.000000e-50 1.000000e-50 
4.749160e-02 1.000000e-50 1.000000e-50 1.000000e-50 3.210700e-02 1.000000e-50 2.408030e-02 1.000000e-50 1.000000e-50 1.000000e-50 2.581940e-01 6.956520e-02 8.227420e-02 1.000000e-50 1.000000e-50 3.277590e-02 1.000000e-50 1.000000e-50 4.280940e-02 1.000000e-50 1.063550e-01 1.000000e-50 1.000000e-50 1.000000e-50 4.214050e-02 1.000000e-50 1.000000e-50 1.000000e-50 1.000000e-50 1.000000e-50 1.000000e-50 1.404680e-02 1.000000e-50 1.000000e-50 2.341140e-02 1.451510e-01 2.474920e-02 1.000000e-50 1.000000e-50 1.000000e-50 1.000000e-50 1.000000e-50 1.000000e-50 1.000000e-50 1.000000e-50 1.000000e-50 1.000000e-50 1.000000e-50 1.000000e-50 1.672240e-02 3.812710e-02 1.000000e-50 1.000000e-50 1.000000e-50 1.000000e-50 
1.000000e-50 1.000000e-50 1.000000e-50 1.000000e-50 1.000000e-50 4.551660e-03 2.048250e-02 1.000000e-50 1.269910e-01 1.000000e-50 1.000000e-50 1.365500e-02 1.000000e-50 1.000000e-50 1.000000e-50 1.000000e-50 1.000000e-50 1.000000e-50 1.000000e-50 1.000000e-50 2.685480e-02 1.000000e-50 1.000000e-50 1.000000e-50 1.046880e-02 1.000000e-50 6.235780e-02 6.190260e-02 1.000000e-50 2.867550e-02 1.000000e-50 1.000000e-50 1.000000e-50 1.000000e-50 1.000000e-50 1.000000e-50 1.000000e-50 1.000000e-50 2.412380e-02 1.000000e-50 1.000000e-50 1.000000e-50 8.648160e-03 1.000000e-50 1.000000e-50 1.000000e-50 1.000000e-50 1.000000e-50 4.574420e-01 1.000000e-50 1.000000e-50 1.000000e-50 1.000000e-50 1.538460e-01 1.000000e-50 
1.000000e-50 1.000000e-50 1.000000e-50 1.000000e-50 1.000000e-50 1.000000e-50 1.000000e-50 1.000000e-50 1.000000e-50 1.000000e-50 1.000000e-50 1.000000e-50 1.000000e-50 1.000000e-50 1.000000e-50 1.000000e-50 3.319460e-01 1.935480e-01 1.000000e-50 1.023240e-02 1.000000e-50 1.000000e-50 1.000000e-50 1.000000e-50 1.000000e-50 1.000000e-50 1.000000e-50 1.000000e-50 1.000000e-50 1.000000e-50 1.000000e-50 1.000000e-50 1.000000e-50 1.000000e-50 1.000000e-50 1.000000e-50 1.000000e-50 1.000000e-50 1.000000e-50 9.538670e-03 5.740550e-02 1.000000e-50 1.444680e-01 1.000000e-50 5.393690e-02 1.000000e-50 1.772460e-01 1.000000e-50 1.000000e-50 1.000000e-50 1.000000e-50 1.000000e-50 1.000000e-50 1.000000e-50 2.167880e-02 
1.000000e-50 1.000000e-50 1.000000e-50 1.000000e-50 1.000000e-50 1.000000e-50 1.000000e-50 1.000000e-50 6.235700e-02 2.002290e-01 1.000000e-50 1.000000e-50 1.000000e-50 1.000000e-50 1.201370e-02 1.000000e-50 1.000000e-50 1.000000e-50 1.000000e-50 1.121280e-01 1.000000e-50 1.000000e-50 1.000000e-50 3.541190e-01 1.000000e-50 1.000000e-50 1.000000e-50 4.118990e-02 1.000000e-50 8.009150e-03 1.000000e-50 1.000000e-50 1.000000e-50 1.000000e-50 1.000000e-50 1.000000e-50 1.000000e-50 1.000000e-50 1.693360e-01 1.000000e-50 1.000000e-50 1.000000e-50 9.153320e-03 1.000000e-50 1.000000e-50 1.000000e-50 1.000000e-50 1.000000e-50 3.146450e-02 1.000000e-50 1.000000e-50 1.000000e-50 1.000000e-50 1.000000e-50 1.000000e-50 
9.158960e-03 2.615590e-02 1.734920e-02 1.000000e-50 9.687360e-04 1.000000e-50 1.000000e-50 1.000000e-50 2.553940e-03 9.423160e-03 9.872300e-02 3.505060e-02 1.961250e-01 1.000000e-50 1.000000e-50 2.703650e-02 1.000000e-50 1.000000e-50 1.911050e-01 5.812420e-03 4.790840e-02 1.000000e-50 4.051080e-03 1.000000e-50 2.166450e-02 4.808450e-02 1.000000e-50 1.000000e-50 2.721270e-02 1.000000e-50 8.806690e-03 3.293700e-02 1.849410e-03 1.937470e-03 3.681200e-02 1.488330e-02 4.491410e-02 1.056800e-03 1.000000e-50 2.818140e-03 1.000000e-50 1.453100e-02 1.000000e-50 1.000000e-50 1.000000e-50 8.894760e-03 5.019820e-03 1.000000e-50 1.321000e-03 2.404230e-02 9.247030e-03 9.423160e-03 1.312200e-02 1.000000e-50 1.000000e-50 
4.110330e-02 5.678750e-03 1.027580e-02 2.095730e-02 1.433210e-02 1.000000e-50 1.000000e-50 1.000000e-50 1.000000e-50 1.000000e-50 2.650080e-02 7.679830e-02 1.107360e-01 5.029750e-02 1.000000e-50 2.798810e-02 6.625200e-03 1.000000e-50 2.041640e-02 1.000000e-50 1.088430e-01 1.000000e-50 1.000000e-50 1.000000e-50 3.326120e-02 9.599780e-03 2.163330e-03 1.000000e-50 1.000000e-50 1.000000e-50 1.554890e-02 2.001080e-02 7.490540e-02 1.000000e-50 3.353160e-02 4.881020e-02 1.085720e-01 1.000000e-50 1.000000e-50 3.650620e-03 1.000000e-50 1.000000e-50 1.000000e-50 1.000000e-50 1.000000e-50 1.042460e-01 1.000000e-50 1.000000e-50 1.000000e-50 6.625200e-03 1.568420e-02 1.000000e-50 2.839370e-03 1.000000e-50 1.000000e-50 
1.000000e-50 4.279250e-02 2.107790e-02 5.587780e-03 1.000000e-50 1.000000e-50 1.000000e-50 1.000000e-50 1.000000e-50 1.000000e-50 2.468520e-02 5.906070e-02 1.688360e-01 1.000000e-50 1.000000e-50 1.000000e-50 1.000000e-50 1.000000e-50 1.000000e-50 1.000000e-50 2.468520e-02 1.000000e-50 1.000000e-50 1.000000e-50 7.285330e-02 4.845100e-02 1.000000e-50 1.000000e-50 3.968030e-02 1.000000e-50 1.513650e-02 2.121940e-02 1.000000e-50 1.000000e-50 9.951900e-02 2.489740e-02 5.934360e-02 1.000000e-50 1.000000e-50 1.000000e-50 1.000000e-50 1.789500e-02 1.000000e-50 1.000000e-50 1.000000e-50 1.928140e-01 1.000000e-50 1.000000e-50 1.000000e-50 5.297780e-02 8.487760e-03 1.000000e-50 1.000000e-50 1.000000e-50 1.000000e-50 
1.000000e-50 1.000000e-50 1.000000e-50 1.000000e-50 1.000000e-50 1.000000e-50 1.000000e-50 1.000000e-50 5.525930e-02 1.061560e-01 1.000000e-50 1.000000e-50 1.000000e-50 1.000000e-50 1.454190e-03 1.000000e-50 1.000000e-50 1.000000e-50 1.000000e-50 1.609310e-01 1.000000e-50 1.000000e-50 1.000000e-50 5.501700e-01 1.000000e-50 1.000000e-50 1.000000e-50 1.000000e-50 1.000000e-50 1.000000e-50 1.000000e-50 1.000000e-50 1.000000e-50 1.000000e-50 1.000000e-50 1.000000e-50 1.000000e-50 1.000000e-50 1.027630e-01 1.000000e-50 1.000000e-50 1.000000e-50 1.000000e-50 1.000000e-50 1.000000e-50 1.000000e-50 1.000000e-50 1.000000e-50 2.326710e-02 1.000000e-50 1.000000e-50 1.000000e-50 1.000000e-50 1.000000e-50 1.000000e-50 
1.000000e-50 1.000000e-50 1.000000e-50 1.000000e-50 1.000000e-50 2.649010e-02 9.271520e-02 1.000000e-50 1.000000e-50 1.000000e-50 6.244090e-02 1.513720e-02 1.229900e-02 1.000000e-50 1.000000e-50 1.362350e-01 1.000000e-50 1.000000e-50 1.000000e-50 1.000000e-50 1.000000e-50 8.798490e-02 2.554400e-02 1.000000e-50 1.000000e-50 1.000000e-50 1.116370e-01 1.466410e-01 1.000000e-50 1.000000e-50 1.000000e-50 1.000000e-50 1.000000e-50 1.000000e-50 1.000000e-50 1.000000e-50 1.000000e-50 1.000000e-50 1.000000e-50 1.000000e-50 1.000000e-50 1.000000e-50 1.000000e-50 3.500470e-02 1.000000e-50 1.000000e-50 1.000000e-50 1.000000e-50 1.000000e-50 1.000000e-50 1.000000e-50 6.244090e-02 1.854300e-01 1.000000e-50 1.000000e-50 
4.694590e-02 1.200320e-02 2.667380e-03 1.000000e-50 1.000000e-50 1.000000e-50 1.000000e-50 1.000000e-50 1.000000e-50 1.000000e-50 1.186980e-01 2.080550e-02 6.428380e-02 3.014140e-02 1.000000e-50 4.587890e-02 2.934120e-03 1.000000e-50 2.720730e-02 1.920510e-02 4.961320e-02 1.000000e-50 2.934120e-03 1.000000e-50 8.989060e-02 8.268870e-03 1.000000e-50 1.000000e-50 1.000000e-50 1.000000e-50 5.334760e-03 2.774070e-02 6.401710e-03 1.000000e-50 1.016270e-01 7.708720e-02 1.002930e-01 5.334760e-04 1.000000e-50 1.000000e-50 2.400640e-03 1.520410e-02 1.000000e-50 1.000000e-50 1.000000e-50 1.000000e-50 1.000000e-50 1.000000e-50 1.000000e-50 2.160580e-02 7.388640e-02 1.000000e-50 2.640700e-02 1.000000e-50 1.000000e-50 
1.000000e-50 1.000000e-50 1.000000e-50 1.000000e-50 1.000000e-50 1.000000e-50 1.000000e-50 1.000000e-50 1.000000e-50 1.000000e-50 1.000000e-50 1.000000e-50 1.000000e-50 1.000000e-50 1.000000e-50 1.000000e-50 1.614510e-03 1.698960e-01 1.000000e-50 1.614510e-03 1.000000e-50 1.000000e-50 1.000000e-50 1.000000e-50 1.000000e-50 1.000000e-50 1.000000e-50 1.000000e-50 1.000000e-50 1.000000e-50 1.000000e-50 1.000000e-50 1.000000e-50 1.000000e-50 1.000000e-50 1.000000e-50 1.000000e-50 1.000000e-50 1.000000e-50 1.000000e-50 1.265520e-01 1.000000e-50 1.000000e-50 1.000000e-50 5.004970e-02 1.000000e-50 7.165920e-02 5.644560e-01 1.000000e-50 1.000000e-50 1.000000e-50 1.000000e-50 1.000000e-50 1.000000e-50 1.415800e-02 
1.000000e-50 1.000000e-50 1.000000e-50 1.000000e-50 1.000000e-50 2.492730e-03 1.000000e-50 1.000000e-50 3.221160e-01 1.000000e-50 1.800300e-03 9.693950e-04 1.000000e-50 1.000000e-50 8.918430e-02 1.000000e-50 1.000000e-50 3.517520e-02 1.000000e-50 4.154550e-04 1.000000e-50 1.000000e-50 1.000000e-50 1.000000e-50 1.000000e-50 1.000000e-50 1.000000e-50 2.963580e-02 1.000000e-50 1.000000e-50 1.000000e-50 1.000000e-50 1.000000e-50 1.000000e-50 1.000000e-50 2.215760e-03 1.000000e-50 1.000000e-50 1.000000e-50 2.333470e-01 1.000000e-50 1.000000e-50 1.000000e-50 4.279190e-02 3.600610e-02 1.000000e-50 1.000000e-50 1.000000e-50 1.329460e-02 1.000000e-50 1.000000e-50 3.739090e-03 1.000000e-50 1.868160e-01 1.000000e-50 
1.000000e-50 6.532160e-02 1.184580e-01 1.000000e-50 2.397120e-03 1.000000e-50 1.000000e-50 1.000000e-50 1.000000e-50 1.000000e-50 1.000000e-50 3.475830e-02 6.851780e-02 6.791850e-03 1.000000e-50 1.000000e-50 1.000000e-50 1.000000e-50 4.434680e-02 1.000000e-50 8.190170e-03 1.000000e-50 1.000000e-50 1.000000e-50 1.238510e-02 1.540150e-01 1.000000e-50 1.000000e-50 5.952860e-02 1.000000e-50 7.311230e-02 4.614460e-02 1.000000e-50 1.000000e-50 9.169000e-02 5.593290e-03 2.856570e-02 9.988010e-04 1.000000e-50 1.000000e-50 1.000000e-50 3.236120e-02 1.000000e-50 1.000000e-50 1.000000e-50 1.004790e-01 1.000000e-50 1.000000e-50 1.000000e-50 4.634440e-02 1.000000e-50 1.000000e-50 1.000000e-50 1.000000e-50 1.000000e-50 
1.000000e-50 1.000000e-50 1.000000e-50 1.000000e-50 1.000000e-50 1.000000e-50 1.000000e-50 1.000000e-50 3.469820e-01 1.000000e-50 1.000000e-50 1.000000e-50 1.000000e-50 1.000000e-50 1.000000e-50 1.000000e-50 1.000000e-50 1.808910e-02 1.000000e-50 4.736060e-02 1.000000e-50 1.000000e-50 1.000000e-50 1.000000e-50 1.000000e-50 1.000000e-50 1.000000e-50 1.726690e-02 1.000000e-50 1.000000e-50 1.000000e-50 1.000000e-50 1.000000e-50 1.000000e-50 1.000000e-50 1.000000e-50 1.000000e-50 1.000000e-50 5.920080e-03 4.821580e-01 2.713370e-02 1.000000e-50 1.000000e-50 1.000000e-50 1.000000e-50 1.000000e-50 1.000000e-50 1.000000e-50 2.187140e-02 1.000000e-50 1.000000e-50 1.000000e-50 1.000000e-50 3.321820e-02 1.000000e-50 
1.628570e-02 2.142860e-03 2.571430e-03 1.000000e-50 4.185710e-02 1.000000e-50 1.000000e-50 1.271430e-02 3.714290e-03 1.000000e-50 4.185710e-02 1.260000e-01 8.628570e-02 1.714290e-02 1.000000e-50 2.485710e-02 1.000000e-50 1.000000e-50 2.614290e-02 1.000000e-50 1.808570e-01 4.000000e-03 9.285710e-03 1.000000e-50 3.528570e-02 1.528570e-02 1.000000e-50 1.000000e-50 2.685710e-02 1.000000e-50 4.428570e-03 1.271430e-02 1.000000e-50 2.214290e-02 4.228570e-02 7.314290e-02 8.757140e-02 1.000000e-50 1.000000e-50 1.000000e-50 1.000000e-50 1.271430e-02 1.000000e-50 1.000000e-50 1.000000e-50 9.285710e-03 4.571430e-03 1.000000e-50 5.714290e-03 1.157140e-02 3.728570e-02 3.428570e-03 1.000000e-50 1.000000e-50 1.000000e-50 
3.637200e-02 1.000000e-50 1.000000e-50 1.000000e-50 5.064460e-03 1.000000e-50 1.000000e-50 1.000000e-50 1.000000e-50 1.000000e-50 6.873850e-01 1.565380e-02 2.302030e-02 1.000000e-50 1.000000e-50 2.440150e-02 1.000000e-50 1.000000e-50 1.000000e-50 1.000000e-50 1.381220e-02 1.000000e-50 1.000000e-50 1.000000e-50 6.952120e-02 1.000000e-50 1.000000e-50 1.000000e-50 3.360960e-02 1.000000e-50 2.762430e-03 1.000000e-50 1.000000e-50 1.000000e-50 1.979740e-02 1.000000e-50 1.000000e-50 1.000000e-50 1.000000e-50 1.000000e-50 1.000000e-50 1.000000e-50 1.000000e-50 1.000000e-50 1.000000e-50 1.000000e-50 1.000000e-50 1.000000e-50 1.000000e-50 3.591160e-02 2.486190e-02 7.826890e-03 1.000000e-50 1.000000e-50 1.000000e-50 
2.720880e-02 1.000000e-50 2.843170e-02 1.000000e-50 1.161720e-02 1.000000e-50 1.000000e-50 1.000000e-50 1.000000e-50 1.000000e-50 2.060530e-01 3.821460e-02 1.180070e-01 1.834300e-03 1.000000e-50 1.039440e-02 1.000000e-50 1.000000e-50 1.256500e-01 3.362890e-03 3.760320e-02 1.000000e-50 1.000000e-50 1.000000e-50 8.376640e-02 7.979210e-02 1.000000e-50 1.000000e-50 6.420060e-03 1.000000e-50 1.000000e-50 5.502900e-03 1.000000e-50 1.000000e-50 4.371750e-02 4.585750e-02 1.284010e-02 1.000000e-50 1.000000e-50 1.000000e-50 1.000000e-50 1.895440e-02 1.000000e-50 1.000000e-50 1.000000e-50 1.000000e-50 1.345150e-02 1.000000e-50 1.000000e-50 5.625190e-02 1.100580e-02 1.406300e-02 1.000000e-50 1.000000e-50 1.000000e-50 
1.000000e-50 1.000000e-50 1.000000e-50 1.000000e-50 1.000000e-50 6.952280e-01 1.000000e-50 1.000000e-50 1.000000e-50 4.099460e-02 1.000000e-50 1.000000e-50 1.000000e-50 1.000000e-50 1.000000e-50 1.000000e-50 1.000000e-50 1.000000e-50 1.000000e-50 1.000000e-50 1.000000e-50 1.000000e-50 1.000000e-50 3.864250e-02 1.000000e-50 1.000000e-50 3.360220e-02 8.198920e-02 1.000000e-50 7.560480e-02 1.000000e-50 1.000000e-50 1.000000e-50 1.000000e-50 1.000000e-50 1.000000e-50 1.000000e-50 1.000000e-50 1.000000e-50 1.000000e-50 1.000000e-50 1.000000e-50 1.000000e-50 3.393820e-02 1.000000e-50 1.000000e-50 1.000000e-50 1.000000e-50 1.000000e-50 1.000000e-50 1.000000e-50 1.000000e-50 1.000000e-50 1.000000e-50 1.000000e-50 
2.904990e-02 1.704460e-02 1.000000e-50 4.683560e-02 1.000000e-50 1.000000e-50 1.000000e-50 1.000000e-50 1.000000e-50 1.000000e-50 2.838300e-01 4.683560e-02 8.937310e-02 2.430710e-02 1.000000e-50 1.748930e-02 1.000000e-50 1.000000e-50 1.000000e-50 1.000000e-50 3.023570e-02 1.000000e-50 1.000000e-50 1.000000e-50 2.238030e-02 1.000000e-50 1.000000e-50 1.000000e-50 4.535350e-02 1.000000e-50 1.000000e-50 3.186600e-02 2.860530e-02 1.000000e-50 3.586780e-02 2.000890e-02 5.750700e-02 1.000000e-50 1.000000e-50 1.000000e-50 1.000000e-50 3.853560e-03 1.000000e-50 1.000000e-50 1.000000e-50 1.236100e-01 1.000000e-50 1.000000e-50 1.000000e-50 2.415890e-02 2.178750e-02 1.000000e-50 1.000000e-50 1.000000e-50 1.000000e-50 
8.960570e-04 8.870970e-03 3.016130e-01 1.000000e-50 1.000000e-50 1.000000e-50 1.000000e-50 1.000000e-50 1.000000e-50 2.956990e-03 1.845880e-02 1.577060e-02 2.580650e-02 1.000000e-50 1.000000e-50 1.000000e-50 1.000000e-50 1.000000e-50 1.000000e-50 1.000000e-50 7.795700e-03 1.000000e-50 1.000000e-50 1.000000e-50 1.523300e-02 3.799280e-02 1.000000e-50 1.000000e-50 8.960570e-03 1.000000e-50 5.564520e-02 3.255380e-01 1.000000e-50 1.000000e-50 4.220430e-02 1.254480e-02 2.168460e-02 1.155910e-02 1.000000e-50 1.000000e-50 1.000000e-50 7.249100e-02 1.000000e-50 1.000000e-50 1.000000e-50 6.362010e-03 1.000000e-50 1.000000e-50 1.000000e-50 7.616490e-03 1.000000e-50 1.000000e-50 1.000000e-50 1.000000e-50 1.000000e-50 
6.544260e-02 1.000000e-50 1.000000e-50 1.000000e-50 1.000000e-50 1.000000e-50 1.271190e-02 1.000000e-50 1.000000e-50 1.000000e-50 2.730700e-02 1.049910e-01 1.002820e-01 1.000000e-50 1.000000e-50 1.000000e-50 1.000000e-50 1.000000e-50 1.000000e-50 1.000000e-50 1.355930e-01 1.000000e-50 1.000000e-50 1.000000e-50 3.813560e-02 1.000000e-50 1.440680e-01 1.000000e-50 1.318270e-02 4.001880e-02 1.000000e-50 1.000000e-50 1.000000e-50 2.777780e-02 1.459510e-02 1.977400e-02 2.071560e-02 1.000000e-50 1.600750e-02 1.000000e-50 1.000000e-50 1.000000e-50 1.412430e-03 1.000000e-50 1.000000e-50 1.000000e-50 3.954800e-02 1.000000e-50 8.333330e-02 2.730700e-02 2.919020e-02 1.082860e-02 1.000000e-50 1.000000e-50 2.777780e-02 
1.000000e-50 1.000000e-50 1.000000e-50 1.000000e-50 1.000000e-50 2.574850e-02 3.449100e-01 1.000000e-50 2.874250e-02 1.000000e-50 1.000000e-50 8.982040e-03 1.000000e-50 1.000000e-50 1.000000e-50 1.000000e-50 1.000000e-50 1.000000e-50 1.000000e-50 1.000000e-50 1.000000e-50 1.000000e-50 1.000000e-50 1.000000e-50 1.257490e-02 1.000000e-50 3.772460e-01 1.000000e-50 1.000000e-50 1.000000e-50 1.000000e-50 1.000000e-50 1.000000e-50 1.000000e-50 1.000000e-50 1.000000e-50 1.000000e-50 1.000000e-50 1.000000e-50 1.000000e-50 1.000000e-50 1.000000e-50 1.784430e-01 1.000000e-50 2.335330e-02 1.000000e-50 1.000000e-50 1.000000e-50 1.000000e-50 1.000000e-50 1.000000e-50 1.000000e-50 1.000000e-50 1.000000e-50 1.000000e-50 
2.051840e-02 8.099350e-03 4.184670e-02 1.000000e-50 5.129590e-03 1.000000e-50 1.000000e-50 1.000000e-50 1.000000e-50 1.000000e-50 1.638770e-01 3.266740e-02 1.074510e-01 1.000000e-50 1.000000e-50 1.268900e-02 1.000000e-50 1.000000e-50 4.373650e-02 1.000000e-50 1.000000e-50 1.000000e-50 6.479480e-03 1.000000e-50 5.237580e-02 1.000000e-50 1.000000e-50 1.000000e-50 1.025920e-02 1.000000e-50 1.000000e-50 1.406590e-01 1.000000e-50 1.000000e-50 2.537800e-02 3.752700e-02 2.224620e-01 1.000000e-50 1.000000e-50 1.000000e-50 1.000000e-50 1.000000e-50 1.000000e-50 1.000000e-50 1.000000e-50 1.000000e-50 1.000000e-50 1.000000e-50 1.000000e-50 5.831530e-02 1.349890e-03 9.179270e-03 1.000000e-50 1.000000e-50 1.000000e-50 
9.985320e-02 1.000000e-50 1.000000e-50 1.000000e-50 2.496330e-02 1.000000e-50 1.000000e-50 1.000000e-50 1.000000e-50 1.000000e-50 2.290750e-01 2.643170e-02 1.042580e-01 1.000000e-50 1.000000e-50 2.055800e-02 1.000000e-50 1.000000e-50 1.000000e-50 1.000000e-50 1.703380e-01 1.000000e-50 1.000000e-50 1.000000e-50 6.461090e-02 1.000000e-50 1.000000e-50 1.000000e-50 1.000000e-50 1.000000e-50 1.000000e-50 1.000000e-50 1.000000e-50 1.000000e-50 6.607930e-02 1.615270e-02 5.139500e-02 1.000000e-50 1.000000e-50 1.000000e-50 1.000000e-50 1.000000e-50 1.000000e-50 1.000000e-50 1.000000e-50 1.000000e-50 1.000000e-50 1.000000e-50 1.000000e-50 3.377390e-02 9.251100e-02 1.000000e-50 1.000000e-50 1.000000e-50 1.000000e-50 
3.083190e-02 2.036070e-02 1.000000e-50 1.000000e-50 1.000000e-50 1.000000e-50 1.000000e-50 1.000000e-50 1.000000e-50 1.000000e-50 1.000000e-50 3.044410e-02 1.223580e-01 2.423890e-02 1.000000e-50 1.628850e-02 1.000000e-50 1.000000e-50 1.000000e-50 1.000000e-50 2.753540e-02 1.000000e-50 1.000000e-50 1.000000e-50 6.011250e-02 5.526470e-02 1.000000e-50 1.000000e-50 2.249370e-02 1.000000e-50 1.000000e-50 1.502810e-01 1.000000e-50 1.000000e-50 5.080470e-02 1.000000e-50 1.958500e-02 1.913900e-01 1.000000e-50 1.000000e-50 1.000000e-50 1.085900e-01 1.000000e-50 1.000000e-50 1.000000e-50 1.000000e-50 1.000000e-50 1.000000e-50 1.000000e-50 2.191200e-02 2.443280e-02 1.570680e-02 7.368630e-03 1.000000e-50 1.000000e-50 
1.000000e-50 7.822050e-03 2.105230e-01 2.383280e-03 1.000000e-50 1.000000e-50 1.000000e-50 1.000000e-50 1.000000e-50 1.000000e-50 2.059400e-02 1.338300e-02 1.564410e-02 1.000000e-50 1.000000e-50 9.960890e-03 1.000000e-50 1.000000e-50 1.000000e-50 1.000000e-50 5.622100e-03 1.000000e-50 1.833290e-03 1.000000e-50 7.638720e-03 1.121360e-01 1.000000e-50 1.000000e-50 7.088730e-03 1.000000e-50 8.530920e-02 3.294430e-01 2.749940e-03 1.000000e-50 3.263260e-02 3.159370e-02 2.059400e-02 5.744320e-03 1.000000e-50 1.000000e-50 1.000000e-50 4.742120e-02 1.000000e-50 1.000000e-50 1.000000e-50 9.716450e-03 1.000000e-50 1.000000e-50 1.000000e-50 7.394280e-03 4.949890e-03 4.827670e-03 2.994380e-03 1.000000e-50 1.000000e-50 
1.000000e-50 1.000000e-50 1.000000e-50 1.000000e-50 1.000000e-50 1.000000e-50 1.000000e-50 1.000000e-50 1.000000e-50 2.500990e-02 3.969830e-03 1.826120e-02 1.000000e-50 1.000000e-50 1.000000e-50 1.000000e-50 1.000000e-50 1.000000e-50 1.000000e-50 1.000000e-50 9.924570e-03 1.000000e-50 4.204050e-01 1.000000e-50 1.000000e-50 1.000000e-50 1.000000e-50 1.000000e-50 1.000000e-50 1.000000e-50 1.000000e-50 2.381900e-03 1.000000e-50 2.052400e-01 1.000000e-50 1.000000e-50 3.175860e-03 1.000000e-50 1.000000e-50 1.000000e-50 1.000000e-50 1.000000e-50 1.000000e-50 1.000000e-50 1.000000e-50 1.000000e-50 1.000000e-50 1.000000e-50 1.000000e-50 5.160780e-03 1.000000e-50 1.000000e-50 3.064710e-01 1.000000e-50 1.000000e-50 
3.539330e-02 1.000000e-50 1.000000e-50 1.000000e-50 4.831460e-02 1.000000e-50 1.000000e-50 1.000000e-50 1.000000e-50 1.000000e-50 5.280900e-02 1.241570e-01 3.707870e-02 1.000000e-50 1.000000e-50 1.000000e-50 1.000000e-50 1.000000e-50 4.101120e-02 1.000000e-50 1.595510e-01 1.000000e-50 1.000000e-50 1.000000e-50 1.000000e-50 1.000000e-50 1.000000e-50 1.000000e-50 4.348310e-01 1.000000e-50 1.000000e-50 1.000000e-50 1.000000e-50 1.000000e-50 1.000000e-50 3.258430e-02 1.000000e-50 1.000000e-50 1.000000e-50 1.000000e-50 1.000000e-50 1.000000e-50 1.000000e-50 1.000000e-50 1.000000e-50 1.000000e-50 1.000000e-50 1.000000e-50 1.000000e-50 1.516850e-02 1.000000e-50 1.000000e-50 1.000000e-50 1.000000e-50 1.910110e-02 
1.409750e-01 9.334250e-03 9.883320e-03 1.221690e-02 1.386410e-02 1.000000e-50 1.000000e-50 6.863420e-03 1.000000e-50 1.688400e-02 2.388470e-02 3.390530e-02 3.733700e-02 1.000000e-50 1.000000e-50 2.223750e-02 3.857240e-02 1.000000e-50 2.429650e-02 4.447490e-02 3.555250e-02 1.000000e-50 1.674670e-02 1.000000e-50 7.687030e-02 3.568980e-03 1.000000e-50 1.000000e-50 4.941660e-03 1.000000e-50 1.000000e-50 4.886750e-02 5.312290e-02 1.537410e-02 2.731640e-02 3.198350e-02 4.818120e-02 1.000000e-50 1.000000e-50 1.000000e-50 1.000000e-50 2.745370e-03 1.000000e-50 1.000000e-50 1.000000e-50 4.227870e-02 3.568980e-03 1.000000e-50 3.980780e-03 9.608790e-04 7.110500e-02 6.094720e-02 1.715850e-02 1.000000e-50 1.000000e-50 
3.000560e-02 1.463230e-02 3.426560e-02 1.333580e-02 1.555840e-02 1.000000e-50 1.000000e-50 1.000000e-50 1.000000e-50 1.389150e-02 2.352290e-02 5.964070e-02 6.149290e-02 8.149660e-03 1.000000e-50 3.889610e-02 1.000000e-50 1.000000e-50 2.611590e-02 1.222450e-02 7.482870e-02 1.000000e-50 7.371740e-02 2.074460e-02 3.259860e-02 5.834410e-02 1.000000e-50 1.000000e-50 1.000000e-50 1.000000e-50 2.537510e-02 6.501200e-02 1.111320e-02 1.000000e-50 4.593440e-02 5.371370e-02 6.556770e-02 3.704390e-04 1.000000e-50 1.000000e-50 1.481760e-03 1.037230e-02 1.000000e-50 1.000000e-50 1.000000e-50 4.945360e-02 1.000000e-50 1.000000e-50 1.000000e-50 1.907760e-02 1.778110e-02 1.018710e-02 1.259490e-02 1.000000e-50 1.000000e-50 
6.151480e-02 2.512740e-02 3.460950e-02 2.026790e-02 1.114140e-02 1.000000e-50 1.000000e-50 1.000000e-50 1.000000e-50 2.192720e-02 2.192720e-02 4.409150e-02 9.742800e-02 2.216430e-02 1.000000e-50 3.069810e-02 5.333650e-03 1.000000e-50 3.069810e-02 1.351190e-02 3.733550e-02 1.000000e-50 1.872700e-02 1.000000e-50 5.049190e-02 3.271300e-02 1.000000e-50 1.000000e-50 1.434160e-02 1.000000e-50 6.281850e-03 3.520210e-02 2.453480e-02 1.931970e-02 4.041720e-02 5.452170e-02 6.424080e-02 1.000000e-50 1.000000e-50 1.000000e-50 2.963140e-03 1.000000e-50 1.000000e-50 1.000000e-50 1.000000e-50 7.158940e-02 1.000000e-50 1.000000e-50 1.000000e-50 2.038640e-02 2.820910e-02 2.097900e-02 1.730470e-02 1.000000e-50 1.000000e-50 
1.000000e-50 1.000000e-50 1.000000e-50 1.000000e-50 1.000000e-50 1.000000e-50 1.000000e-50 1.000000e-50 1.000000e-50 1.000000e-50 9.858290e-03 1.000000e-50 1.000000e-50 1.000000e-50 1.000000e-50 1.000000e-50 1.000000e-50 1.000000e-50 1.000000e-50 1.000000e-50 1.000000e-50 1.000000e-50 1.000000e-50 1.000000e-50 1.000000e-50 3.635240e-02 1.000000e-50 1.000000e-50 1.000000e-50 1.000000e-50 1.000000e-50 8.089960e-01 1.000000e-50 1.000000e-50 1.000000e-50 8.133090e-02 1.000000e-50 2.526190e-02 1.000000e-50 1.000000e-50 1.000000e-50 3.820090e-02 1.000000e-50 1.000000e-50 1.000000e-50 1.000000e-50 1.000000e-50 1.000000e-50 1.000000e-50 1.000000e-50 1.000000e-50 1.000000e-50 1.000000e-50 1.000000e-50 1.000000e-50 
1.000000e-50 1.000000e-50 1.000000e-50 1.000000e-50 1.000000e-50 7.225130e-02 7.225130e-02 1.000000e-50 1.000000e-50 1.000000e-50 1.000000e-50 1.047120e-02 1.000000e-50 1.000000e-50 1.675390e-02 1.000000e-50 1.000000e-50 1.000000e-50 1.000000e-50 1.000000e-50 1.000000e-50 1.000000e-50 1.000000e-50 1.000000e-50 1.000000e-50 1.000000e-50 5.424080e-01 1.000000e-50 1.000000e-50 2.418850e-01 1.000000e-50 1.000000e-50 1.000000e-50 1.000000e-50 1.000000e-50 1.000000e-50 1.000000e-50 1.000000e-50 1.570680e-02 1.000000e-50 1.000000e-50 1.000000e-50 1.000000e-50 1.000000e-50 1.000000e-50 1.000000e-50 8.376960e-03 1.000000e-50 1.989530e-02 1.000000e-50 1.000000e-50 1.000000e-50 1.000000e-50 1.000000e-50 1.000000e-50 
1.000000e-50 1.000000e-50 1.000000e-50 1.000000e-50 1.000000e-50 1.000000e-50 1.000000e-50 1.000000e-50 3.097630e-02 1.000000e-50 1.000000e-50 1.000000e-50 1.000000e-50 1.000000e-50 1.000000e-50 1.000000e-50 1.000000e-50 6.874920e-02 1.000000e-50 1.000000e-50 1.000000e-50 1.000000e-50 1.000000e-50 1.000000e-50 1.000000e-50 1.000000e-50 1.000000e-50 1.045610e-03 1.000000e-50 1.000000e-50 1.000000e-50 1.000000e-50 1.000000e-50 1.000000e-50 1.000000e-50 1.045610e-03 1.000000e-50 1.000000e-50 1.000000e-50 2.336950e-01 4.415110e-01 1.000000e-50 9.541240e-03 1.000000e-50 1.000000e-50 1.000000e-50 1.000000e-50 2.010190e-01 1.241670e-02 1.000000e-50 1.000000e-50 1.000000e-50 1.000000e-50 1.000000e-50 1.000000e-50 
1.000000e-50 1.000000e-50 1.000000e-50 1.000000e-50 1.000000e-50 1.000000e-50 1.000000e-50 1.000000e-50 1.000000e-50 1.000000e-50 1.000000e-50 1.000000e-50 1.000000e-50 1.000000e-50 1.049780e-02 1.000000e-50 5.840390e-01 2.185350e-01 1.000000e-50 1.000000e-50 1.000000e-50 1.000000e-50 1.000000e-50 1.000000e-50 1.000000e-50 1.000000e-50 1.000000e-50 4.853820e-03 1.000000e-50 1.000000e-50 1.000000e-50 1.000000e-50 1.000000e-50 1.000000e-50 1.000000e-50 1.000000e-50 1.000000e-50 1.000000e-50 1.000000e-50 1.000000e-50 3.273510e-03 1.000000e-50 1.000000e-50 9.481880e-03 6.434130e-02 1.000000e-50 7.325880e-02 1.000000e-50 1.000000e-50 1.000000e-50 1.000000e-50 1.000000e-50 1.000000e-50 1.727060e-02 1.444860e-02 
3.168480e-03 1.000000e-50 1.000000e-50 7.576800e-03 1.000000e-50 1.000000e-50 1.000000e-50 1.000000e-50 1.000000e-50 1.000000e-50 4.077700e-02 3.154700e-02 2.231710e-02 2.755200e-03 1.000000e-50 4.656290e-02 1.000000e-50 1.000000e-50 1.000000e-50 1.000000e-50 2.080180e-02 1.000000e-50 1.000000e-50 1.000000e-50 1.598020e-02 2.215180e-01 1.000000e-50 1.000000e-50 4.821600e-03 1.000000e-50 1.405150e-01 5.785920e-03 9.367680e-03 1.377600e-03 4.146580e-02 5.524180e-02 1.294940e-02 4.559860e-02 1.000000e-50 1.000000e-50 1.000000e-50 1.943790e-01 1.000000e-50 1.000000e-50 1.000000e-50 2.438350e-02 1.000000e-50 1.000000e-50 1.000000e-50 2.617440e-03 3.871060e-02 1.000000e-50 9.780960e-03 1.000000e-50 1.000000e-50 
1.000000e-50 1.000000e-50 1.000000e-50 1.000000e-50 1.000000e-50 1.000000e-50 1.000000e-50 1.000000e-50 8.710560e-02 5.624140e-02 1.851850e-02 1.851850e-02 1.000000e-50 1.000000e-50 1.000000e-50 1.000000e-50 1.000000e-50 1.316870e-01 1.000000e-50 3.017830e-02 8.230450e-03 1.941020e-01 1.000000e-50 1.000000e-50 1.000000e-50 1.000000e-50 1.000000e-50 1.000000e-50 1.000000e-50 1.000000e-50 1.000000e-50 1.000000e-50 1.000000e-50 1.000000e-50 1.000000e-50 1.000000e-50 1.000000e-50 1.000000e-50 1.000000e-50 5.555560e-02 1.000000e-50 1.000000e-50 3.017830e-02 1.000000e-50 1.000000e-50 1.000000e-50 4.595340e-02 1.000000e-50 1.268860e-01 1.000000e-50 1.000000e-50 1.968450e-01 1.000000e-50 1.000000e-50 1.000000e-50 
3.382480e-02 1.000000e-50 1.000000e-50 1.000000e-50 8.673030e-03 1.000000e-50 1.000000e-50 1.000000e-50 1.000000e-50 1.000000e-50 4.423240e-01 5.377280e-02 1.000000e-50 1.000000e-50 1.000000e-50 2.601910e-02 1.000000e-50 1.000000e-50 6.157850e-02 1.000000e-50 1.561140e-02 1.000000e-50 1.000000e-50 1.000000e-50 1.864700e-01 1.000000e-50 1.000000e-50 1.000000e-50 1.000000e-50 1.000000e-50 1.000000e-50 1.000000e-50 1.000000e-50 1.000000e-50 4.509970e-02 2.862100e-02 1.000000e-50 1.000000e-50 1.000000e-50 1.000000e-50 1.000000e-50 1.000000e-50 1.000000e-50 1.000000e-50 1.000000e-50 1.000000e-50 1.000000e-50 1.000000e-50 1.000000e-50 5.897660e-02 3.382480e-02 1.000000e-50 5.203820e-03 1.000000e-50 1.000000e-50 
1.000000e-50 1.000000e-50 1.000000e-50 1.000000e-50 1.000000e-50 2.793540e-02 1.571370e-02 1.000000e-50 1.000000e-50 1.000000e-50 1.000000e-50 1.000000e-50 1.000000e-50 1.091230e-02 3.797470e-02 1.000000e-50 1.000000e-50 1.000000e-50 1.000000e-50 1.000000e-50 1.000000e-50 5.360100e-01 1.000000e-50 1.000000e-50 1.000000e-50 1.000000e-50 1.000000e-50 1.169790e-01 1.000000e-50 1.000000e-50 1.000000e-50 1.000000e-50 1.000000e-50 1.000000e-50 1.000000e-50 1.000000e-50 1.000000e-50 1.000000e-50 1.000000e-50 1.000000e-50 1.000000e-50 1.000000e-50 1.000000e-50 1.667390e-01 1.000000e-50 1.000000e-50 1.000000e-50 1.000000e-50 1.000000e-50 1.000000e-50 1.000000e-50 8.773460e-02 1.000000e-50 1.000000e-50 1.000000e-50 
5.827150e-02 5.336880e-02 4.930660e-02 8.684690e-03 9.385070e-03 1.000000e-50 1.000000e-50 1.000000e-50 1.000000e-50 1.000000e-50 1.108000e-01 3.333800e-02 1.089790e-01 3.964140e-02 1.000000e-50 5.182800e-03 1.000000e-50 1.000000e-50 3.053650e-02 1.000000e-50 2.801510e-02 1.000000e-50 1.000000e-50 1.000000e-50 9.847320e-02 3.417850e-02 1.000000e-50 1.000000e-50 2.171170e-02 1.000000e-50 1.274690e-02 4.006160e-02 1.218660e-02 1.000000e-50 4.300320e-02 2.899570e-02 4.076200e-02 1.000000e-50 1.000000e-50 1.000000e-50 1.000000e-50 1.078580e-02 1.000000e-50 1.000000e-50 1.000000e-50 7.017790e-02 1.000000e-50 1.000000e-50 1.000000e-50 1.596860e-02 2.311250e-02 1.232670e-02 1.000000e-50 1.000000e-50 1.000000e-50 
2.470930e-02 1.000000e-50 1.000000e-50 1.000000e-50 3.367250e-02 1.000000e-50 1.000000e-50 3.246120e-02 1.000000e-50 1.000000e-50 1.000000e-50 1.000000e-50 1.000000e-50 1.000000e-50 2.422480e-03 1.000000e-50 1.218510e-01 2.599320e-01 1.000000e-50 1.560080e-01 1.000000e-50 1.000000e-50 1.000000e-50 5.087210e-03 1.000000e-50 1.000000e-50 1.000000e-50 1.526160e-02 1.000000e-50 5.813950e-03 1.000000e-50 1.000000e-50 4.118220e-03 1.000000e-50 1.000000e-50 1.000000e-50 1.000000e-50 1.000000e-50 1.138570e-02 1.000000e-50 1.000000e-50 1.000000e-50 1.000000e-50 1.000000e-50 1.000000e-50 1.000000e-50 2.684110e-01 1.000000e-50 1.000000e-50 1.000000e-50 1.000000e-50 1.000000e-50 1.000000e-50 1.000000e-50 5.886630e-02 
1.000000e-50 1.000000e-50 1.000000e-50 1.000000e-50 1.000000e-50 1.000000e-50 1.000000e-50 1.000000e-50 1.000000e-50 1.000000e-50 1.000000e-50 1.000000e-50 1.000000e-50 1.000000e-50 4.793860e-03 1.000000e-50 1.000000e-50 5.829340e-02 1.000000e-50 1.000000e-50 1.000000e-50 1.000000e-50 1.000000e-50 1.000000e-50 1.000000e-50 1.000000e-50 1.000000e-50 6.711410e-03 1.000000e-50 4.793860e-04 1.000000e-50 1.000000e-50 1.000000e-50 1.000000e-50 4.793860e-04 1.000000e-50 1.000000e-50 1.000000e-50 1.000000e-50 9.837010e-02 3.625120e-01 1.000000e-50 1.000000e-50 3.930970e-03 5.915630e-02 1.000000e-50 1.000000e-50 3.713330e-01 1.000000e-50 1.000000e-50 1.000000e-50 1.000000e-50 1.000000e-50 3.394060e-02 1.000000e-50 
1.357810e-01 1.000000e-50 1.000000e-50 1.000000e-50 2.476780e-01 1.000000e-50 1.000000e-50 3.693060e-01 1.000000e-50 1.000000e-50 1.000000e-50 1.282620e-02 1.000000e-50 1.000000e-50 1.000000e-50 1.000000e-50 1.000000e-50 9.730210e-03 1.000000e-50 1.000000e-50 2.211410e-02 1.000000e-50 1.000000e-50 1.000000e-50 1.000000e-50 1.000000e-50 1.000000e-50 1.000000e-50 1.000000e-50 1.017250e-02 1.000000e-50 1.000000e-50 1.000000e-50 1.000000e-50 1.000000e-50 3.538260e-03 1.000000e-50 1.000000e-50 3.670940e-02 1.000000e-50 1.000000e-50 1.000000e-50 4.688190e-02 1.000000e-50 1.000000e-50 1.000000e-50 1.000000e-50 1.000000e-50 1.000000e-50 1.000000e-50 1.000000e-50 1.000000e-50 1.000000e-50 1.000000e-50 1.052630e-01 
1.515070e-01 1.000000e-50 5.457380e-03 4.287940e-02 1.715180e-02 1.000000e-50 1.000000e-50 1.000000e-50 4.677750e-03 3.300420e-02 1.429310e-02 6.237010e-03 3.950100e-02 1.431910e-01 1.000000e-50 1.029110e-01 1.039500e-03 1.000000e-50 1.000000e-50 7.484410e-02 1.117460e-02 8.316010e-03 1.507280e-02 1.000000e-50 1.000000e-50 1.741160e-02 1.000000e-50 1.000000e-50 1.000000e-50 1.000000e-50 1.000000e-50 8.316010e-03 2.193350e-01 2.130980e-02 1.000000e-50 5.717260e-03 6.496880e-03 1.000000e-50 1.000000e-50 1.000000e-50 1.000000e-50 1.000000e-50 1.000000e-50 1.000000e-50 1.000000e-50 1.000000e-50 1.000000e-50 1.000000e-50 1.000000e-50 1.000000e-50 1.715180e-02 1.000000e-50 3.300420e-02 1.000000e-50 1.000000e-50 
1.000000e-50 1.000000e-50 1.000000e-50 1.779560e-02 1.000000e-50 1.000000e-50 1.000000e-50 1.000000e-50 1.000000e-50 3.185990e-02 3.501720e-02 6.228470e-02 4.879450e-02 1.000000e-50 1.000000e-50 8.639490e-02 1.000000e-50 1.000000e-50 1.000000e-50 1.000000e-50 4.104480e-02 3.501720e-02 2.032150e-01 1.000000e-50 5.740530e-03 1.000000e-50 1.000000e-50 1.000000e-50 1.000000e-50 1.000000e-50 5.453500e-03 1.000000e-50 1.000000e-50 1.880020e-01 1.000000e-50 1.205510e-02 4.247990e-02 1.000000e-50 1.000000e-50 1.000000e-50 1.000000e-50 1.000000e-50 1.000000e-50 1.000000e-50 1.000000e-50 1.000000e-50 1.000000e-50 1.000000e-50 1.000000e-50 1.291620e-02 1.205510e-01 1.000000e-50 5.137770e-02 1.000000e-50 1.000000e-50 
1.000000e-50 1.000000e-50 1.000000e-50 1.000000e-50 1.000000e-50 1.000000e-50 1.000000e-50 1.000000e-50 1.000000e-50 1.380040e-02 3.715500e-03 1.000000e-50 1.000000e-50 1.000000e-50 1.000000e-50 1.533970e-01 1.000000e-50 1.000000e-50 1.000000e-50 1.000000e-50 4.564760e-02 8.545650e-02 3.030790e-01 1.000000e-50 1.000000e-50 1.000000e-50 1.000000e-50 1.000000e-50 9.607220e-02 1.000000e-50 1.000000e-50 1.000000e-50 1.000000e-50 1.000000e-50 1.000000e-50 2.282380e-02 1.000000e-50 1.000000e-50 1.000000e-50 1.000000e-50 1.000000e-50 1.000000e-50 1.000000e-50 1.000000e-50 1.000000e-50 1.000000e-50 1.000000e-50 1.000000e-50 1.000000e-50 1.000000e-50 1.000000e-50 1.000000e-50 2.760080e-01 1.000000e-50 1.000000e-50 
2.049340e-02 1.000000e-50 1.000000e-50 1.000000e-50 1.000000e-50 1.000000e-50 1.000000e-50 1.000000e-50 1.000000e-50 1.000000e-50 1.206830e-01 9.222010e-02 1.965840e-01 1.000000e-50 1.000000e-50 1.000000e-50 1.000000e-50 1.000000e-50 9.032260e-02 1.000000e-50 8.083490e-02 1.000000e-50 1.000000e-50 1.000000e-50 1.028460e-01 1.000000e-50 1.000000e-50 1.000000e-50 7.552180e-02 1.000000e-50 1.897530e-02 1.000000e-50 1.000000e-50 1.000000e-50 4.022770e-02 5.009490e-02 1.000000e-50 1.000000e-50 1.000000e-50 1.000000e-50 1.000000e-50 1.000000e-50 1.000000e-50 1.000000e-50 1.000000e-50 1.000000e-50 1.000000e-50 1.000000e-50 1.000000e-50 9.601520e-02 1.176470e-02 1.000000e-50 3.415560e-03 1.000000e-50 1.000000e-50 
1.000000e-50 1.000000e-50 1.000000e-50 1.000000e-50 1.000000e-50 1.000000e-50 1.810590e-01 1.000000e-50 7.225100e-02 1.000000e-50 1.151410e-02 6.476680e-02 1.000000e-50 1.000000e-50 3.684510e-02 1.000000e-50 1.000000e-50 1.000000e-50 1.000000e-50 1.000000e-50 1.381690e-02 2.245250e-02 1.000000e-50 1.000000e-50 1.000000e-50 1.000000e-50 9.038570e-02 2.504320e-02 1.000000e-50 1.000000e-50 1.000000e-50 1.000000e-50 1.000000e-50 1.000000e-50 1.000000e-50 8.923430e-03 1.000000e-50 1.000000e-50 1.439260e-03 1.352910e-02 1.000000e-50 1.000000e-50 1.871040e-02 6.131260e-02 2.936100e-02 1.000000e-50 1.000000e-50 1.000000e-50 8.117440e-02 4.029940e-03 1.000000e-50 1.000000e-50 1.000000e-50 2.633850e-01 1.000000e-50 
1.000000e-50 1.000000e-50 1.000000e-50 1.000000e-50 1.000000e-50 1.000000e-50 1.000000e-50 1.000000e-50 1.000000e-50 5.117270e-02 1.000000e-50 1.000000e-50 1.000000e-50 1.000000e-50 1.000000e-50 1.000000e-50 1.000000e-50 1.000000e-50 1.000000e-50 1.000000e-50 1.000000e-50 1.567160e-01 1.000000e-50 1.000000e-50 1.000000e-50 1.000000e-50 1.000000e-50 2.505330e-01 1.000000e-50 1.000000e-50 1.000000e-50 1.000000e-50 1.000000e-50 1.000000e-50 1.000000e-50 1.000000e-50 1.000000e-50 1.000000e-50 4.051170e-02 1.000000e-50 1.000000e-50 1.000000e-50 1.000000e-50 1.000000e-50 1.000000e-50 1.000000e-50 1.000000e-50 1.000000e-50 9.168440e-02 1.000000e-50 1.000000e-50 8.102350e-02 1.353940e-01 1.929640e-01 1.000000e-50 

#DOUBLE_55x3_DISCRETE_SS_EMISSION
1.000000e+00 1.000000e-50 1.000000e-50 
1.000000e-50 1.000000e-50 1.000000e+00 
1.000000e-50 1.000000e+00 1.000000e-50 
3.125000e-03 5.468750e-03 9.914060e-01 
1.000000e+00 1.000000e-50 1.000000e-50 
9.969780e-01 1.000000e-50 3.022450e-03 
1.000000e+00 1.000000e-50 1.000000e-50 
1.000000e+00 1.000000e-50 1.000000e-50 
1.000000e+00 1.000000e-50 1.000000e-50 
1.000000e+00 1.000000e-50 1.000000e-50 
2.790660e-02 1.880850e-02 9.532850e-01 
4.688550e-03 3.657070e-02 9.587410e-01 
1.000000e-50 2.224080e-02 9.777590e-01 
9.965670e-01 1.000000e-50 3.433060e-03 
9.971510e-01 1.000000e-50 2.849000e-03 
1.000000e-50 1.211480e-02 9.878850e-01 
1.000000e+00 1.000000e-50 1.000000e-50 
1.000000e+00 1.000000e-50 1.000000e-50 
1.000000e-50 5.857660e-02 9.414230e-01 
1.000000e+00 1.000000e-50 1.000000e-50 
5.480610e-03 1.000000e-50 9.945190e-01 
1.000000e-50 1.000000e-50 1.000000e+00 
1.000000e-50 1.004570e-02 9.899540e-01 
9.976310e-01 1.000000e-50 2.368870e-03 
1.343650e-02 1.781800e-02 9.687450e-01 
1.000000e-50 1.000000e+00 1.000000e-50 
9.855950e-01 1.000000e-50 1.440520e-02 
1.000000e+00 1.000000e-50 1.000000e-50 
1.000000e-50 1.000000e-50 1.000000e+00 
8.388490e-01 1.000000e-50 1.611510e-01 
1.000000e-50 1.000000e+00 1.000000e-50 
1.000000e-50 9.993320e-01 6.682870e-04 
1.000000e-50 1.129940e-02 9.887010e-01 
1.000000e-50 1.000000e-50 1.000000e+00 
1.000000e-50 1.015850e-01 8.984150e-01 
4.505650e-02 1.696460e-01 7.852970e-01 
1.000000e-50 2.361090e-02 9.763890e-01 
1.000000e-50 9.981530e-01 1.847290e-03 
1.000000e+00 1.000000e-50 1.000000e-50 
1.000000e+00 1.000000e-50 1.000000e-50 
1.000000e+00 1.000000e-50 1.000000e-50 
1.000000e-50 1.000000e+00 1.000000e-50 
1.000000e+00 1.000000e-50 1.000000e-50 
1.000000e+00 1.000000e-50 1.000000e-50 
1.000000e+00 1.000000e-50 1.000000e-50 
2.901350e-03 3.744130e-02 9.596570e-01 
1.000000e+00 1.000000e-50 1.000000e-50 
1.000000e+00 1.000000e-50 1.000000e-50 
1.000000e+00 1.000000e-50 1.000000e-50 
1.000000e-50 3.020990e-02 9.697900e-01 
1.000000e-50 1.000000e-50 1.000000e+00 
1.000000e-50 1.000000e-50 1.000000e+00 
1.000000e-50 1.000000e-50 1.000000e+00 
1.000000e+00 1.000000e-50 1.000000e-50 
1.000000e+00 1.000000e-50 1.000000e-50 

#DOUBLE_55x3_TORUS_TORUS_KAPPA
1.741750e+02 1.423210e+02 5.813460e+01 
5.060720e+01 4.738060e+01 1.643110e+01 
3.321330e+01 4.925460e+01 8.510790e+00 
6.058200e+01 4.054040e+01 1.998420e+01 
4.020550e+01 3.792660e+01 1.058100e+01 
7.435330e+01 8.323490e+01 3.280590e+01 
3.346870e+01 4.338160e+01 1.276570e+01 
6.847400e+01 6.760920e+01 2.160120e+01 
3.227700e+02 3.022140e+02 1.134830e+02 
1.831000e+02 1.324450e+02 5.937960e+01 
4.471320e+01 3.448960e+01 1.715510e+01 
3.954050e+00 6.697690e+00 -2.095950e-01 
7.816400e+00 1.086460e+01 1.235090e+00 
1.666020e+02 1.286460e+02 6.083980e+01 
2.485340e+02 2.235360e+02 9.465230e+01 
2.948240e+01 3.329190e+01 9.869980e+00 
7.528180e+02 5.956270e+02 2.608230e+02 
4.392520e+02 4.195730e+02 1.779280e+02 
3.249070e+01 3.352220e+01 8.073260e+00 
1.794550e+02 1.466710e+02 5.674150e+01 
4.315180e+00 4.143910e+00 1.915760e-01 
9.556810e+01 1.059560e+02 3.971990e+01 
5.468430e+01 5.164780e+01 1.780700e+01 
2.323290e+02 1.640450e+02 8.165310e+01 
5.698570e+01 4.530350e+01 1.283770e+01 
2.445990e+01 3.174930e+01 8.546840e+00 
1.088400e+01 1.719760e+01 1.727560e+00 
3.959190e+01 2.611100e+01 5.774120e+00 
2.125490e+01 2.219140e+01 5.545080e+00 
1.958480e+01 2.259080e+01 6.838610e+00 
2.443590e+01 1.237880e+01 -6.585660e+00 
2.132340e+01 1.777620e+01 4.234190e+00 
1.520280e+02 1.092390e+02 5.182170e+01 
2.105380e+01 1.245260e+01 2.974860e-01 
2.180120e+01 2.018050e+01 6.043040e+00 
3.684820e+00 3.873650e+00 6.360840e-01 
1.103510e+01 1.052150e+01 4.644060e-01 
1.383390e+01 1.241870e+01 2.674440e+00 
3.737620e+01 2.214940e+01 9.033700e+00 
5.774390e+02 5.235950e+02 2.203160e+02 
6.050830e+02 5.291060e+02 2.050490e+02 
8.103830e+00 1.634630e+01 -2.770130e+00 
1.754490e+02 1.480360e+02 5.444810e+01 
1.470370e+02 1.430700e+02 6.071660e+01 
3.616590e+02 2.068360e+02 9.734870e+01 
5.448870e+01 3.526480e+01 1.365080e+01 
2.243550e+02 1.973650e+02 3.766210e+01 
7.427430e+02 5.856390e+02 2.324410e+02 
6.860220e+01 6.829840e+01 2.127970e+01 
3.710900e+00 1.231890e+01 -4.847990e+00 
7.095630e+01 6.186450e+01 2.202600e+01 
2.349630e+02 1.493680e+02 7.632490e+01 
1.443610e+02 1.548610e+02 6.171440e+01 
1.339450e+02 8.835530e+01 2.983430e+01 
1.568320e+02 1.367050e+02 5.635430e+01 

#DOUBLE_55x2_TORUS_TORUS_KAPPA-ENVELOPE
5.602402e+01 5.602402e+01 
2.375033e+01 2.375033e+01 
3.811166e+01 3.811166e+01 
1.196796e+01 1.196796e+01 
2.394754e+01 2.394754e+01 
2.670826e+01 2.670826e+01 
2.364068e+01 2.364068e+01 
3.666847e+01 3.666847e+01 
1.282013e+02 1.282013e+02 
4.560845e+01 4.560845e+01 
8.628702e+00 8.628702e+00 
6.871298e+00 6.871298e+00 
9.528804e+00 9.528804e+00 
3.447758e+01 3.447758e+01 
7.214777e+01 7.214777e+01 
1.910564e+01 1.910564e+01 
1.977279e+02 1.977279e+02 
1.224421e+02 1.224421e+02 
2.309780e+01 2.309780e+01 
6.446202e+01 6.446202e+01 
3.970829e+00 3.970829e+00 
3.960966e+01 3.960966e+01 
2.594217e+01 2.594217e+01 
3.987485e+01 3.987485e+01 
2.902321e+01 2.902321e+01 
1.928420e+01 1.928420e+01 
1.526987e+01 1.526987e+01 
1.948521e+01 1.948521e+01 
1.503803e+01 1.503803e+01 
1.280255e+01 1.280255e+01 
1.750699e+01 1.750699e+01 
1.270841e+01 1.270841e+01 
3.192670e+01 3.192670e+01 
1.215829e+01 1.215829e+01 
1.225334e+01 1.225334e+01 
3.267178e+00 3.267178e+00 
1.006124e+01 1.006124e+01 
9.300548e+00 9.300548e+00 
1.067017e+01 1.067017e+01 
1.688546e+02 1.688546e+02 
2.198475e+02 2.198475e+02 
1.832567e+01 1.832567e+01 
6.977840e+01 6.977840e+01 
4.168347e+01 4.168347e+01 
7.432449e+01 7.432449e+01 
1.749689e+01 1.749689e+01 
1.522613e+02 1.522613e+02 
2.481264e+02 2.481264e+02 
3.803970e+01 3.803970e+01 
1.430995e+01 1.430995e+01 
3.059283e+01 3.059283e+01 
3.774967e+01 3.774967e+01 
4.914425e+01 4.914425e+01 
5.029234e+01 5.029234e+01 
4.997097e+01 4.997097e+01 

#DOUBLE_55x2_TORUS_TORUS_MU
-9.835680e-01 -7.116060e-01 
-1.316960e+00 -5.636610e-01 
-2.076330e+00 2.240590e+00 
-1.291360e+00 -2.162000e-01 
-9.487790e-01 -8.690650e-01 
-1.652080e+00 -3.396000e-02 
-1.816020e+00 -2.385150e-01 
-9.933260e-01 -5.658680e-01 
-1.206710e+00 -7.895100e-01 
-1.081670e+00 -4.492330e-01 
1.254250e+00 3.605740e-01 
-1.885560e+00 1.334040e+00 
-1.804520e+00 2.379260e+00 
-9.914410e-01 -5.269910e-01 
-1.189190e+00 -3.686050e-01 
-1.959950e+00 2.883640e-01 
-1.053380e+00 -7.354960e-01 
-1.095810e+00 -6.266660e-01 
-1.311070e+00 2.580220e+00 
-1.091480e+00 -6.628350e-01 
-1.711000e+00 -6.776180e-01 
-1.560630e+00 8.970170e-02 
-1.654910e+00 1.069910e-01 
-1.151770e+00 -2.954650e-01 
-1.089800e+00 2.398150e+00 
-1.854340e+00 2.510290e+00 
-1.490330e+00 -5.872420e-01 
-1.498250e+00 -6.115970e-01 
-1.844940e+00 -2.319660e-01 
-1.912570e+00 3.438870e-01 
-1.311060e+00 2.330770e+00 
-2.502170e+00 2.645280e+00 
-1.065610e+00 -3.809050e-01 
-1.319130e+00 -5.094050e-01 
-1.463330e+00 2.947950e+00 
1.723970e+00 -2.879340e+00 
-2.502970e+00 2.783390e+00 
-1.659610e+00 -5.260260e-01 
-1.280560e+00 -1.861040e-01 
-1.168650e+00 -6.860050e-01 
-1.114960e+00 -7.952190e-01 
-1.880780e+00 1.954820e+00 
-1.078510e+00 -6.426840e-01 
-1.455020e+00 -2.417980e-01 
-1.086380e+00 -5.495060e-01 
-1.141820e+00 2.576230e+00 
-1.013220e+00 -8.698320e-01 
-1.100180e+00 -7.337390e-01 
-1.228540e+00 -9.107930e-01 
-1.552520e+00 2.022390e+00 
-1.045150e+00 -6.392760e-01 
-1.133820e+00 -3.069290e-01 
-1.433520e+00 -1.948680e-01 
-1.272370e+00 -6.232850e-01 
-1.088440e+00 -4.253290e-01 

#DOUBLE_55x2_TORUS_TORUS_MU-ENVELOPE
0.000000e+00 -0.000000e+00 
0.000000e+00 -0.000000e+00 
0.000000e+00 -0.000000e+00 
0.000000e+00 -0.000000e+00 
0.000000e+00 -0.000000e+00 
0.000000e+00 -0.000000e+00 
0.000000e+00 -0.000000e+00 
0.000000e+00 -0.000000e+00 
0.000000e+00 -0.000000e+00 
0.000000e+00 -0.000000e+00 
0.000000e+00 -0.000000e+00 
0.000000e+00 -0.000000e+00 
0.000000e+00 -0.000000e+00 
0.000000e+00 -0.000000e+00 
0.000000e+00 -0.000000e+00 
0.000000e+00 -0.000000e+00 
0.000000e+00 -0.000000e+00 
0.000000e+00 -0.000000e+00 
0.000000e+00 -0.000000e+00 
0.000000e+00 -0.000000e+00 
0.000000e+00 -0.000000e+00 
0.000000e+00 -0.000000e+00 
0.000000e+00 -0.000000e+00 
0.000000e+00 -0.000000e+00 
0.000000e+00 -0.000000e+00 
0.000000e+00 -0.000000e+00 
0.000000e+00 -0.000000e+00 
0.000000e+00 -0.000000e+00 
0.000000e+00 -0.000000e+00 
0.000000e+00 -0.000000e+00 
0.000000e+00 -0.000000e+00 
0.000000e+00 -0.000000e+00 
0.000000e+00 -0.000000e+00 
0.000000e+00 -0.000000e+00 
0.000000e+00 -0.000000e+00 
0.000000e+00 -0.000000e+00 
0.000000e+00 -0.000000e+00 
0.000000e+00 -0.000000e+00 
0.000000e+00 -0.000000e+00 
0.000000e+00 -0.000000e+00 
0.000000e+00 -0.000000e+00 
0.000000e+00 -0.000000e+00 
0.000000e+00 -0.000000e+00 
0.000000e+00 -0.000000e+00 
0.000000e+00 -0.000000e+00 
0.000000e+00 -0.000000e+00 
0.000000e+00 -0.000000e+00 
0.000000e+00 -0.000000e+00 
0.000000e+00 -0.000000e+00 
0.000000e+00 -0.000000e+00 
0.000000e+00 -0.000000e+00 
0.000000e+00 -0.000000e+00 
0.000000e+00 -0.000000e+00 
0.000000e+00 -0.000000e+00 
0.000000e+00 -0.000000e+00 

#DOUBLE_55x2_TORUS_TORUS_PROPORTION-ENVELOPE
5.000000e-01 5.000000e-01 
5.000000e-01 5.000000e-01 
5.000000e-01 5.000000e-01 
5.000000e-01 5.000000e-01 
5.000000e-01 5.000000e-01 
5.000000e-01 5.000000e-01 
5.000000e-01 5.000000e-01 
5.000000e-01 5.000000e-01 
5.000000e-01 5.000000e-01 
5.000000e-01 5.000000e-01 
5.000000e-01 5.000000e-01 
5.000000e-01 5.000000e-01 
5.000000e-01 5.000000e-01 
5.000000e-01 5.000000e-01 
5.000000e-01 5.000000e-01 
5.000000e-01 5.000000e-01 
5.000000e-01 5.000000e-01 
5.000000e-01 5.000000e-01 
5.000000e-01 5.000000e-01 
5.000000e-01 5.000000e-01 
5.000000e-01 5.000000e-01 
5.000000e-01 5.000000e-01 
5.000000e-01 5.000000e-01 
5.000000e-01 5.000000e-01 
5.000000e-01 5.000000e-01 
5.000000e-01 5.000000e-01 
5.000000e-01 5.000000e-01 
5.000000e-01 5.000000e-01 
5.000000e-01 5.000000e-01 
5.000000e-01 5.000000e-01 
5.000000e-01 5.000000e-01 
5.000000e-01 5.000000e-01 
5.000000e-01 5.000000e-01 
5.000000e-01 5.000000e-01 
5.000000e-01 5.000000e-01 
5.000000e-01 5.000000e-01 
5.000000e-01 5.000000e-01 
5.000000e-01 5.000000e-01 
5.000000e-01 5.000000e-01 
5.000000e-01 5.000000e-01 
5.000000e-01 5.000000e-01 
5.000000e-01 5.000000e-01 
5.000000e-01 5.000000e-01 
5.000000e-01 5.000000e-01 
5.000000e-01 5.000000e-01 
5.000000e-01 5.000000e-01 
5.000000e-01 5.000000e-01 
5.000000e-01 5.000000e-01 
5.000000e-01 5.000000e-01 
5.000000e-01 5.000000e-01 
5.000000e-01 5.000000e-01 
5.000000e-01 5.000000e-01 
5.000000e-01 5.000000e-01 
5.000000e-01 5.000000e-01 
5.000000e-01 5.000000e-01 


