#DOUBLE_1x30_DISCRETE_HIDDEN_START
1.000000e-50  4.627072e-02  2.002762e-02  3.798343e-02  8.287293e-03  8.977901e-02  1.726519e-02  1.000000e-50  1.312155e-02  8.977901e-03  1.000000e-50  1.000000e-50  1.243094e-02  8.563536e-02  1.705801e-01  1.000000e-50  8.287293e-03  1.000000e-50  8.287293e-03  7.665746e-02  3.591160e-02  1.000000e-50  1.091160e-01  1.000000e-50  2.002762e-02  1.000000e-50  1.726519e-02  1.000000e-50  2.002762e-02  1.940608e-01  

#DOUBLE_30x30_DISCRETE_HIDDEN_TRANSITION
1.000000e-50  1.000000e-50  2.791996e-03  1.000000e-50  1.000000e-50  1.116799e-02  1.000000e-50  1.000000e-50  2.093997e-02  9.585854e-02  1.000000e-50  2.759423e-01  2.652396e-01  1.005119e-01  9.120521e-02  1.000000e-50  1.000000e-50  1.000000e-50  1.000000e-50  1.000000e-50  3.257329e-03  1.000000e-50  5.304793e-02  6.979991e-03  1.000000e-50  1.000000e-50  1.000000e-50  1.000000e-50  3.629595e-02  3.676128e-02 
1.000000e-50  2.189121e-01  1.000000e-50  1.959206e-02  1.000000e-50  4.016819e-02  9.160852e-02  1.000000e-50  8.051530e-03  3.131150e-03  1.340132e-01  1.162999e-03  1.977098e-02  1.798175e-02  1.565575e-02  5.618179e-02  2.540705e-02  1.000000e-50  1.000000e-50  2.874396e-01  1.000000e-50  9.214529e-03  2.039721e-02  1.000000e-50  7.514761e-03  1.000000e-50  1.000000e-50  1.000000e-50  9.751297e-03  1.404545e-02 
7.240405e-03  1.000000e-50  3.287026e-01  1.000000e-50  3.769131e-01  1.000000e-50  1.000000e-50  1.118437e-03  1.000000e-50  1.000000e-50  1.000000e-50  1.000000e-50  1.000000e-50  1.000000e-50  1.000000e-50  1.000000e-50  1.000000e-50  1.754179e-02  1.209677e-01  1.000000e-50  1.000000e-50  1.000000e-50  1.000000e-50  1.000000e-50  1.000000e-50  1.390982e-01  1.000000e-50  8.417707e-03  1.000000e-50  1.000000e-50 
1.000000e-50  2.176840e-02  1.000000e-50  2.131957e-02  1.000000e-50  2.264363e-01  1.000000e-50  1.000000e-50  1.000000e-50  2.894973e-02  9.492819e-02  1.000000e-50  1.458707e-02  8.684919e-02  1.481149e-02  7.854578e-03  2.266607e-02  1.000000e-50  1.000000e-50  5.408438e-02  1.000000e-50  1.000000e-50  1.615799e-01  1.000000e-50  1.593357e-02  1.000000e-50  4.039497e-03  1.000000e-50  2.535907e-02  1.988330e-01 
1.295633e-03  1.000000e-50  7.294414e-01  1.000000e-50  5.571222e-02  1.000000e-50  1.000000e-50  8.383507e-03  1.000000e-50  1.000000e-50  1.000000e-50  1.000000e-50  1.000000e-50  1.000000e-50  1.000000e-50  1.000000e-50  9.907781e-04  1.150827e-02  1.461779e-01  1.000000e-50  1.000000e-50  1.000000e-50  1.000000e-50  1.000000e-50  1.000000e-50  1.000000e-50  4.649036e-02  1.000000e-50  1.000000e-50  1.000000e-50 
1.000000e-50  2.131166e-02  3.108865e-02  5.459739e-02  1.537955e-03  7.107547e-02  9.337581e-03  1.000000e-50  4.394156e-02  3.625179e-03  9.227727e-03  3.844886e-03  1.636823e-02  9.469406e-02  1.128199e-01  3.185763e-03  2.032297e-02  1.000000e-50  1.000000e-50  2.746347e-02  2.010326e-02  1.000000e-50  5.965066e-02  8.502691e-02  3.152807e-02  1.000000e-50  2.647479e-02  1.000000e-50  1.574206e-01  9.535318e-02 
1.000000e-50  1.324401e-01  1.000000e-50  3.733802e-02  1.000000e-50  4.831979e-02  1.888864e-02  1.000000e-50  1.000000e-50  7.467604e-03  5.864265e-02  1.000000e-50  1.317812e-02  4.722161e-02  8.016692e-02  3.997364e-02  1.515484e-02  1.000000e-50  1.000000e-50  1.860312e-01  7.467604e-03  3.514166e-02  5.732484e-02  2.108500e-02  2.196354e-03  1.000000e-50  8.346145e-03  1.000000e-50  8.961125e-02  9.400395e-02 
1.000000e-50  1.000000e-50  1.000000e-50  1.357773e-03  1.000000e-50  3.733876e-02  3.394433e-03  7.230143e-02  1.000000e-50  6.788866e-03  1.000000e-50  8.282417e-02  7.264087e-02  1.724372e-01  6.822811e-02  1.000000e-50  1.493551e-02  1.000000e-50  1.000000e-50  1.221996e-02  2.647658e-02  1.000000e-50  1.140530e-01  7.807196e-03  7.128310e-02  1.000000e-50  6.313646e-02  1.000000e-50  8.520027e-02  8.757637e-02 
1.000000e-50  1.000000e-50  1.000000e-50  1.325908e-03  1.000000e-50  1.524794e-02  4.110316e-03  1.000000e-50  1.458499e-02  5.144524e-02  1.000000e-50  6.457173e-02  6.019623e-02  1.197295e-01  1.677274e-01  2.055158e-02  2.877221e-02  1.000000e-50  1.000000e-50  3.845134e-02  1.000000e-50  1.000000e-50  1.093874e-01  1.644126e-02  1.193317e-02  1.000000e-50  4.375497e-02  1.000000e-50  4.587643e-02  1.858923e-01 
1.000000e-50  1.000000e-50  1.000000e-50  1.728608e-02  1.426102e-02  7.346586e-02  7.389801e-02  1.000000e-50  1.512532e-02  5.185825e-03  1.000000e-50  1.166811e-02  1.685393e-02  1.361279e-01  2.575627e-01  1.000000e-50  1.296456e-02  1.000000e-50  1.000000e-50  2.938634e-02  9.075194e-03  1.000000e-50  5.488332e-02  9.939499e-03  2.160761e-02  1.000000e-50  1.815039e-02  1.000000e-50  2.074330e-02  2.018150e-01 
1.000000e-50  2.021277e-01  1.000000e-50  1.000000e-50  1.000000e-50  1.276596e-02  7.234043e-02  1.000000e-50  1.000000e-50  1.000000e-50  1.276596e-01  1.000000e-50  1.000000e-50  2.446809e-02  1.000000e-50  6.436170e-02  3.377660e-02  1.000000e-50  1.000000e-50  4.103723e-01  1.000000e-50  4.521277e-03  1.515957e-02  1.000000e-50  1.000000e-50  1.000000e-50  1.000000e-50  1.000000e-50  1.276596e-02  1.968085e-02 
1.000000e-50  5.372290e-02  1.000000e-50  5.278040e-02  1.000000e-50  5.246623e-02  1.000000e-50  1.000000e-50  2.262017e-02  1.000000e-50  1.000000e-50  3.141690e-03  8.482564e-03  8.074144e-02  8.451147e-02  2.639020e-02  5.655042e-03  1.000000e-50  1.000000e-50  6.471882e-02  1.000000e-50  1.000000e-50  4.901037e-02  6.911719e-03  1.000000e-50  1.099592e-02  1.000000e-50  1.256676e-03  1.570845e-02  4.608860e-01 
1.000000e-50  5.427408e-02  5.201266e-03  2.962460e-02  1.000000e-50  6.128449e-02  3.437359e-02  1.000000e-50  1.515152e-02  1.854365e-02  1.000000e-50  1.142017e-01  6.218905e-02  9.927635e-02  8.322026e-02  1.000000e-50  1.017639e-02  1.000000e-50  1.000000e-50  4.907282e-02  1.085482e-02  2.035278e-03  7.960199e-02  1.000000e-50  5.879692e-03  1.000000e-50  1.130710e-02  1.000000e-50  3.346902e-02  2.202623e-01 
2.594628e-03  3.899573e-02  1.000000e-50  1.572039e-02  1.000000e-50  1.343101e-01  4.197192e-03  1.000000e-50  1.572039e-02  1.000000e-50  1.000000e-50  3.006716e-02  4.548230e-02  1.907051e-01  6.417888e-02  1.000000e-50  2.480159e-02  1.000000e-50  1.000000e-50  2.815934e-02  2.731990e-02  1.000000e-50  1.127900e-01  1.060745e-02  3.113553e-02  2.213065e-03  1.953602e-02  2.136752e-03  6.143162e-02  1.378968e-01 
1.000000e-50  2.511937e-02  1.000000e-50  7.971767e-02  1.000000e-50  6.207183e-02  1.162549e-02  1.000000e-50  1.000000e-50  5.695108e-02  7.611930e-03  4.878555e-02  4.082762e-02  6.193343e-02  1.811639e-01  8.719120e-03  1.349388e-02  1.000000e-50  1.000000e-50  5.376791e-02  1.044910e-02  1.000000e-50  5.771227e-02  6.463221e-02  5.189952e-03  1.000000e-50  1.467027e-02  1.000000e-50  8.207044e-02  1.134870e-01 
1.000000e-50  7.385230e-02  1.000000e-50  2.118839e-02  1.000000e-50  2.395210e-02  1.005681e-01  1.000000e-50  1.842469e-02  2.149547e-03  1.000000e-50  1.000000e-50  1.719638e-02  8.091509e-02  3.638876e-02  2.106556e-01  1.535391e-02  1.000000e-50  1.000000e-50  7.738369e-02  1.000000e-50  1.489329e-01  3.899893e-02  1.000000e-50  2.625518e-02  1.000000e-50  4.452633e-03  1.000000e-50  5.128205e-02  5.204975e-02 
1.000000e-50  1.615008e-01  2.446982e-03  3.140294e-02  4.893964e-03  6.606852e-02  1.060359e-01  1.000000e-50  1.000000e-50  6.117455e-03  1.000000e-50  1.000000e-50  1.019576e-02  6.362153e-02  1.333605e-01  3.752039e-02  2.528548e-02  1.000000e-50  1.000000e-50  1.435563e-01  2.039152e-03  2.854812e-03  6.933116e-02  8.156607e-03  1.672104e-02  1.000000e-50  1.000000e-50  1.000000e-50  4.282219e-02  6.606852e-02 
8.845438e-03  1.000000e-50  1.000000e-50  1.000000e-50  1.000000e-50  3.724395e-03  1.000000e-50  5.097765e-01  1.000000e-50  2.374302e-02  1.000000e-50  1.326816e-02  6.983240e-04  3.258845e-02  3.677840e-02  1.000000e-50  2.327747e-03  9.031657e-02  1.075419e-01  1.000000e-50  1.466480e-02  1.000000e-50  8.077281e-02  1.000000e-50  1.000000e-50  2.071695e-02  1.629423e-02  3.538175e-02  2.560521e-03  1.000000e-50 
2.706044e-01  1.000000e-50  1.000000e-50  1.000000e-50  1.000000e-50  1.000000e-50  1.000000e-50  3.447802e-02  3.928571e-02  4.945055e-03  1.000000e-50  1.000000e-50  4.120879e-03  1.000000e-50  1.000000e-50  1.000000e-50  1.000000e-50  3.229396e-01  5.068681e-02  1.000000e-50  1.000000e-50  1.000000e-50  1.000000e-50  1.000000e-50  1.000000e-50  4.670330e-02  1.000000e-50  1.567308e-01  6.950549e-02  1.000000e-50 
1.000000e-50  1.956797e-01  1.000000e-50  2.092050e-03  1.000000e-50  1.902306e-02  4.179235e-02  1.000000e-50  1.000000e-50  6.811326e-04  1.000000e-50  9.730466e-04  1.697966e-02  3.113749e-03  1.050890e-02  1.556388e-01  7.735721e-03  1.000000e-50  1.000000e-50  5.070059e-01  1.459570e-04  5.595018e-03  1.697966e-02  1.000000e-50  5.595018e-03  1.000000e-50  1.000000e-50  1.000000e-50  1.000000e-50  1.046025e-02 
1.000000e-50  1.000000e-50  1.000000e-50  1.000000e-50  1.000000e-50  1.000000e-50  1.000000e-50  1.000000e-50  1.000000e-50  1.000000e-50  1.000000e-50  1.000000e-50  1.000000e-50  1.577564e-02  1.000000e-50  1.000000e-50  1.000000e-50  1.268624e-01  1.000000e-50  1.000000e-50  6.325592e-01  1.000000e-50  9.859772e-03  6.573181e-02  1.533742e-03  4.119194e-02  5.148992e-02  5.499562e-02  1.000000e-50  1.000000e-50 
1.000000e-50  1.169014e-01  1.000000e-50  1.000000e-50  1.000000e-50  1.000000e-50  1.000000e-50  1.000000e-50  1.000000e-50  4.225352e-03  6.007042e-01  1.000000e-50  8.450704e-03  1.000000e-50  1.000000e-50  1.000000e-50  1.161972e-01  1.000000e-50  1.000000e-50  1.169014e-01  1.000000e-50  3.098592e-02  5.633803e-03  1.000000e-50  1.000000e-50  1.000000e-50  1.000000e-50  1.000000e-50  1.000000e-50  1.000000e-50 
1.000000e-50  1.514724e-02  2.352056e-03  3.292878e-02  3.292878e-03  7.423088e-02  1.063129e-02  1.000000e-50  2.239157e-02  2.361464e-02  4.798194e-03  1.000000e-50  1.665255e-02  1.147803e-01  1.147803e-01  7.056167e-03  1.072537e-02  1.000000e-50  1.000000e-50  1.128987e-02  1.787562e-02  1.000000e-50  7.131433e-02  9.577571e-02  1.975727e-02  1.000000e-50  2.107442e-02  1.000000e-50  1.933390e-01  1.161916e-01 
1.000000e-50  1.000000e-50  1.000000e-50  1.000000e-50  1.996988e-01  1.000000e-50  1.000000e-50  1.000000e-50  1.000000e-50  1.000000e-50  1.000000e-50  1.000000e-50  1.000000e-50  1.000000e-50  1.000000e-50  1.000000e-50  1.000000e-50  1.000000e-50  9.698795e-02  1.000000e-50  1.000000e-50  1.000000e-50  1.000000e-50  3.177711e-02  1.000000e-50  5.409639e-01  1.000000e-50  1.305723e-01  1.000000e-50  1.000000e-50 
1.000000e-50  3.161698e-02  1.000000e-50  2.710027e-02  1.000000e-50  8.084914e-02  1.000000e-50  1.000000e-50  1.422764e-01  1.400181e-02  1.000000e-50  1.000000e-50  2.303523e-02  1.906052e-01  1.000000e-50  1.000000e-50  2.348690e-02  1.000000e-50  1.000000e-50  1.000000e-50  3.703704e-02  1.000000e-50  1.052394e-01  6.910569e-02  4.065041e-02  1.000000e-50  1.000000e-50  1.000000e-50  9.801265e-02  1.169828e-01 
1.000000e-50  1.000000e-50  1.000000e-50  1.000000e-50  4.921380e-01  1.000000e-50  1.000000e-50  3.821795e-03  1.000000e-50  1.000000e-50  1.000000e-50  1.091941e-04  1.000000e-50  1.000000e-50  1.000000e-50  1.000000e-50  1.000000e-50  5.077528e-02  1.000000e-50  1.000000e-50  1.000000e-50  1.000000e-50  3.275824e-03  1.000000e-50  1.000000e-50  2.762612e-01  1.000000e-50  1.736187e-01  1.000000e-50  1.000000e-50 
1.000000e-50  1.000000e-50  1.422790e-01  1.000000e-50  1.064963e-03  1.000000e-50  1.000000e-50  1.000000e-50  1.000000e-50  1.000000e-50  1.000000e-50  1.000000e-50  1.000000e-50  8.093717e-03  1.000000e-50  1.000000e-50  1.000000e-50  1.000000e-50  9.456869e-02  1.000000e-50  4.110756e-02  1.000000e-50  4.046858e-03  4.449414e-01  1.000000e-50  1.000000e-50  2.543131e-01  1.000000e-50  9.584665e-03  1.000000e-50 
1.000000e-50  1.000000e-50  1.950329e-01  1.000000e-50  1.000000e-50  1.000000e-50  1.000000e-50  4.309715e-02  1.000000e-50  1.000000e-50  1.000000e-50  1.000000e-50  1.000000e-50  1.000000e-50  1.000000e-50  1.000000e-50  1.000000e-50  1.436572e-02  3.160458e-01  1.000000e-50  2.167032e-02  1.000000e-50  4.869735e-03  1.731191e-01  1.000000e-50  1.000000e-50  2.317994e-01  1.000000e-50  1.000000e-50  1.000000e-50 
1.000000e-50  1.000000e-50  1.000000e-50  6.765436e-03  1.000000e-50  1.000000e-50  1.000000e-50  1.000000e-50  4.794896e-01  3.339899e-03  1.000000e-50  1.027661e-03  2.997345e-03  1.628843e-01  1.000000e-50  1.000000e-50  1.000000e-50  1.000000e-50  6.679798e-03  1.000000e-50  1.156119e-02  1.000000e-50  2.868888e-02  1.000000e-50  5.566498e-03  1.000000e-50  1.000000e-50  1.000000e-50  2.818361e-01  9.163312e-03 
1.000000e-50  2.950522e-02  1.000000e-50  6.776474e-02  1.000000e-50  9.915051e-02  4.351209e-02  1.000000e-50  1.000000e-50  5.706504e-03  1.361779e-03  4.993191e-03  2.418780e-02  5.161792e-02  2.715129e-01  1.653589e-02  1.102393e-02  1.000000e-50  1.000000e-50  6.089099e-02  1.686013e-03  1.000000e-50  1.351404e-01  1.000000e-50  1.186693e-02  1.000000e-50  1.000000e-50  1.000000e-50  5.771351e-03  1.577719e-01 


#DOUBLE_1x30_DISCRETE_HIDDEN_DOMINANT-EIGENVECTOR
9.685549e-03  4.956773e-02  7.510626e-02  1.987014e-02  5.797393e-02  4.050181e-02  2.049707e-02  1.331209e-02  3.375940e-02  1.048008e-02  1.685659e-02  1.418945e-02  1.972799e-02  5.848404e-02  6.362711e-02  2.877304e-02  1.106162e-02  1.904492e-02  3.232184e-02  9.150538e-02  2.021676e-02  6.317984e-03  4.750983e-02  2.965683e-02  9.770738e-03  4.077815e-02  2.093760e-02  1.857873e-02  5.200056e-02  6.788676e-02  

#DOUBLE_30x20_DISCRETE_AA_EMISSION
1.442220e-01  1.364877e-02  2.274795e-02  6.460419e-02  3.321201e-02  3.139217e-02  3.002730e-02  1.774340e-02  6.687898e-02  1.642402e-01  3.685168e-02  7.734304e-02  1.000000e-50  5.323021e-02  7.233849e-02  6.778890e-02  3.275705e-02  2.638763e-02  8.189263e-03  3.639672e-02 
7.470651e-02  2.908218e-02  2.152259e-02  3.984347e-02  7.479545e-02  4.722519e-02  2.596941e-02  5.096051e-02  4.624689e-02  4.962647e-02  2.125578e-02  1.876556e-02  1.000000e-50  2.988260e-02  5.371754e-02  9.605123e-02  1.128602e-01  1.052117e-01  2.392387e-02  7.835290e-02 
1.699192e-01  1.367844e-02  3.956135e-02  7.900478e-02  3.118920e-02  3.160191e-02  1.562408e-02  6.178881e-02  7.122222e-02  1.422086e-01  3.177879e-02  3.071753e-02  1.000000e-50  5.135310e-02  6.809740e-02  2.859501e-02  2.942044e-02  6.544425e-02  1.143800e-02  2.735688e-02 
8.384548e-02  6.145742e-03  1.132572e-01  7.769974e-02  1.316945e-02  2.458297e-02  1.755926e-02  1.843723e-02  9.196664e-02  5.882353e-02  8.340650e-03  2.502195e-02  1.834943e-01  4.302019e-02  4.477612e-02  8.230904e-02  6.211589e-02  3.094820e-02  3.731343e-03  1.075505e-02 
1.018667e-01  1.264762e-02  3.062857e-02  7.916190e-02  5.600000e-02  2.339048e-02  2.049524e-02  9.249524e-02  6.026667e-02  1.266286e-01  2.918095e-02  2.095238e-02  1.000000e-50  4.502857e-02  5.447619e-02  3.459048e-02  5.546667e-02  9.097143e-02  1.958095e-02  4.617143e-02 
5.206191e-02  2.424505e-02  9.730490e-02  2.727568e-02  2.262150e-02  1.539128e-01  3.387813e-02  1.000000e-50  2.738392e-02  1.071545e-02  7.035393e-03  7.803875e-02  1.000000e-50  2.045676e-02  3.322870e-02  1.947180e-01  1.843273e-01  1.000000e-50  8.550709e-03  2.424505e-02 
6.213592e-02  2.394822e-02  4.617044e-02  4.228695e-02  3.451996e-02  5.285868e-02  1.337648e-02  1.000000e-50  6.256742e-02  7.292341e-02  1.661273e-02  2.891046e-02  3.096009e-01  2.459547e-02  4.401294e-02  5.997843e-02  4.056095e-02  1.423948e-02  2.179072e-02  2.891046e-02 
4.806723e-02  2.386555e-02  2.789916e-02  5.613445e-02  7.831933e-02  1.714286e-02  4.369748e-02  5.848739e-02  5.042017e-02  1.418487e-01  2.890756e-02  5.512605e-02  1.000000e-50  2.957983e-02  4.605042e-02  5.747899e-02  9.176471e-02  6.487395e-02  1.378151e-02  6.655462e-02 
5.865258e-02  8.982827e-03  1.628798e-01  7.040951e-02  4.306473e-02  4.663144e-02  3.513871e-02  1.241744e-02  5.455746e-02  8.084544e-02  2.021136e-02  9.550859e-02  1.000000e-50  5.059445e-02  4.438573e-02  8.599736e-02  6.116248e-02  1.017173e-02  1.664465e-02  4.174373e-02 
1.110636e-02  3.417343e-03  1.324220e-02  8.116190e-03  5.980350e-03  9.021786e-01  1.025203e-02  1.000000e-50  1.000000e-50  1.153353e-02  1.000000e-50  1.324220e-02  4.271679e-04  1.000000e-50  1.000000e-50  7.261854e-03  9.397693e-03  1.000000e-50  1.000000e-50  3.844511e-03 
2.029937e-01  2.783613e-02  3.939076e-02  6.171218e-02  9.269958e-02  8.771008e-02  3.518908e-02  1.000000e-50  5.147059e-02  4.175420e-02  3.072479e-02  2.757353e-02  1.000000e-50  4.569328e-02  5.856092e-02  1.021534e-01  1.759454e-02  1.000000e-50  1.917017e-02  5.777311e-02 
4.385965e-03  2.192982e-03  4.072682e-03  7.518797e-03  9.398496e-03  9.201128e-01  3.446115e-03  1.000000e-50  1.065163e-02  1.000000e-50  4.385965e-03  1.723058e-02  1.000000e-50  1.566416e-03  5.012531e-03  4.385965e-03  3.132832e-03  1.000000e-50  2.506266e-03  1.000000e-50 
5.337520e-02  1.637138e-02  1.278314e-01  5.763624e-02  2.646333e-02  9.800404e-02  3.722808e-02  4.261045e-03  8.903342e-02  3.206997e-02  1.637138e-02  2.285266e-01  1.000000e-50  4.978695e-02  5.898183e-02  5.045974e-02  8.522090e-03  6.055169e-03  1.166181e-02  2.736039e-02 
5.088579e-02  2.563136e-02  6.166604e-02  6.656615e-02  4.085940e-02  5.171504e-02  2.864681e-02  4.319638e-02  7.764795e-02  8.096495e-02  1.801734e-02  6.294761e-02  1.130795e-02  3.656238e-02  5.910290e-02  7.033547e-02  1.046363e-01  5.736902e-02  1.477573e-02  3.716547e-02 
1.070500e-01  1.430527e-02  6.057495e-02  5.414100e-02  2.005476e-02  3.148528e-02  1.731691e-02  1.382615e-02  4.791239e-02  6.023272e-02  1.608487e-02  2.354552e-02  2.898700e-01  2.258727e-02  3.778234e-02  9.062286e-02  4.236824e-02  2.094456e-02  8.898015e-03  2.039699e-02 
5.286683e-02  2.712700e-02  9.371147e-02  4.562269e-02  5.070900e-02  1.063502e-02  2.604809e-02  1.172935e-01  4.500617e-02  1.253083e-01  2.234895e-02  6.458076e-02  6.627620e-03  2.651048e-02  3.853268e-02  3.190506e-02  2.481504e-02  1.356350e-01  1.587546e-02  3.884094e-02 
7.701662e-03  1.000000e-50  7.701662e-03  1.621403e-03  4.053506e-03  9.440616e-01  3.242805e-03  1.000000e-50  3.648156e-03  8.107013e-04  1.216052e-03  2.026753e-03  1.000000e-50  1.000000e-50  5.674909e-03  8.512363e-03  2.837454e-03  4.458857e-03  1.000000e-50  2.432104e-03 
1.097702e-01  1.670921e-02  4.711070e-02  1.137155e-01  3.852402e-02  1.531678e-02  1.740543e-02  3.550708e-02  1.097702e-01  1.086099e-01  2.692040e-02  3.945231e-02  1.000000e-50  6.126712e-02  8.052913e-02  5.546531e-02  3.898816e-02  4.362961e-02  1.810165e-02  2.320724e-02 
1.559771e-01  9.825328e-03  4.926310e-02  8.924672e-02  2.169760e-02  2.933952e-02  1.241812e-02  3.629913e-02  9.088428e-02  1.312773e-01  3.397926e-02  4.585153e-02  1.000000e-50  5.567686e-02  8.201419e-02  6.345524e-02  2.701965e-02  3.234170e-02  1.023472e-02  2.319869e-02 
3.765345e-02  1.538163e-02  1.140279e-02  4.595080e-02  5.366587e-02  7.666553e-03  2.101024e-02  1.543500e-01  4.619341e-02  1.334854e-01  1.911786e-02  1.625503e-02  1.000000e-50  2.833713e-02  4.735795e-02  2.241739e-02  7.443350e-02  2.018050e-01  1.601242e-02  4.750352e-02 
8.862144e-02  1.509847e-02  5.076586e-02  1.089716e-01  2.691466e-02  4.814004e-02  2.516411e-02  6.367615e-02  6.586433e-02  1.102845e-01  2.494530e-02  3.172867e-02  3.894967e-02  4.485777e-02  6.258206e-02  4.573304e-02  4.398249e-02  5.142232e-02  1.553611e-02  3.676149e-02 
6.549296e-02  9.859155e-03  5.563380e-02  4.859155e-02  2.535211e-02  2.394366e-02  2.394366e-02  9.788732e-02  5.845070e-02  1.464789e-01  2.183099e-02  3.380282e-02  1.830986e-02  2.887324e-02  4.366197e-02  5.492958e-02  6.971831e-02  1.450704e-01  1.056338e-02  1.760563e-02 
4.564470e-02  2.519290e-02  2.029376e-01  4.657432e-02  3.997397e-02  2.231105e-02  3.997397e-02  2.965511e-02  4.359952e-02  5.178024e-02  1.496700e-02  1.509715e-01  4.834062e-02  2.621549e-02  4.471507e-02  6.144836e-02  2.751697e-02  3.216510e-02  9.668123e-03  3.634842e-02 
8.291874e-02  7.839590e-03  6.377205e-02  1.005578e-01  2.457410e-02  3.588120e-02  1.778984e-02  3.980100e-02  5.608322e-02  6.829489e-02  1.507613e-02  2.261420e-02  1.944821e-01  3.693653e-02  4.085632e-02  5.623398e-02  3.784110e-02  5.502789e-02  2.231268e-02  2.110659e-02 
3.126396e-02  5.359536e-03  4.287628e-02  2.456454e-02  1.250558e-02  6.485038e-01  1.161233e-02  1.161233e-02  3.573024e-02  2.322465e-02  7.146047e-03  2.501117e-02  1.000000e-50  1.652523e-02  2.322465e-02  4.600268e-02  1.429209e-02  9.379187e-03  3.126396e-03  8.039303e-03 
1.155227e-01  1.142173e-02  9.376700e-02  1.502230e-01  2.055912e-02  4.797128e-02  2.469270e-02  1.762210e-02  7.027086e-02  6.363537e-02  2.904384e-02  4.655716e-02  3.263353e-04  6.494072e-02  6.929185e-02  6.613728e-02  4.122702e-02  3.480909e-02  1.229196e-02  1.968889e-02 
9.711397e-02  9.900990e-03  2.886033e-02  5.729935e-02  7.057089e-02  4.444913e-02  2.064462e-02  7.962924e-02  6.235517e-02  1.552560e-01  1.706341e-02  2.254055e-02  1.306088e-02  3.223088e-02  4.929429e-02  2.970297e-02  3.202022e-02  9.037287e-02  2.886033e-02  5.877396e-02 
7.026501e-02  5.835157e-03  4.400681e-02  8.315098e-02  5.227328e-02  3.039144e-02  2.334063e-02  1.220520e-01  5.883783e-02  1.427182e-01  2.455628e-02  1.799173e-02  1.000000e-50  4.716752e-02  4.327741e-02  2.407002e-02  4.133236e-02  1.181619e-01  1.000000e-50  5.057136e-02 
1.128840e-01  1.117747e-02  5.955631e-02  9.078498e-02  2.295222e-02  3.993174e-02  2.090444e-02  3.029010e-02  7.047782e-02  6.356655e-02  1.484642e-02  2.482935e-02  1.581058e-01  3.395904e-02  4.906143e-02  8.523891e-02  3.532423e-02  3.754266e-02  1.646758e-02  2.209898e-02 
5.633712e-02  1.901458e-02  1.670200e-03  7.021263e-02  6.089805e-02  1.000000e-50  2.158412e-02  1.149868e-01  8.440933e-02  1.196762e-01  2.665896e-02  1.098478e-02  1.000000e-50  5.826428e-02  5.987024e-02  1.650928e-02  5.710798e-02  1.530160e-01  1.830796e-02  5.049142e-02 


#DOUBLE_30x3_DISCRETE_SS_EMISSION
1.869287e-01  1.000000e-50  8.130713e-01 
1.000000e-50  1.000000e+00  1.000000e-50 
1.000000e+00  1.000000e-50  1.000000e-50 
1.000000e-50  1.548330e-03  9.984517e-01 
1.000000e+00  1.000000e-50  1.000000e-50 
1.000000e-50  3.923278e-03  9.960767e-01 
1.000000e-50  7.161290e-01  2.838710e-01 
1.000000e+00  1.000000e-50  1.000000e-50 
1.000000e-50  2.900844e-03  9.970992e-01 
1.000000e-50  1.232993e-02  9.876701e-01 
1.000000e-50  9.965879e-01  3.412073e-03 
3.138732e-04  1.000000e-50  9.996861e-01 
3.809097e-03  3.652252e-02  9.596684e-01 
2.408007e-03  1.000000e-50  9.975920e-01 
1.366867e-04  1.000000e-50  9.998633e-01 
1.000000e-50  1.000000e+00  1.000000e-50 
8.110300e-04  4.018654e-01  5.973236e-01 
9.997680e-01  1.000000e-50  2.319647e-04 
1.000000e+00  1.000000e-50  1.000000e-50 
1.000000e-50  1.000000e+00  1.000000e-50 
1.000000e+00  1.000000e-50  1.000000e-50 
1.000000e-50  9.985925e-01  1.407460e-03 
3.057821e-03  6.764270e-03  9.901779e-01 
1.000000e+00  1.000000e-50  1.000000e-50 
3.808244e-02  3.584229e-03  9.583333e-01 
1.000000e+00  1.000000e-50  1.000000e-50 
1.000000e+00  1.000000e-50  1.000000e-50 
1.000000e+00  1.000000e-50  1.000000e-50 
1.000000e-50  1.024415e-03  9.989756e-01 
1.000000e-50  1.000000e-50  1.000000e+00 


#DOUBLE_30x2_DISCRETE_CIS_EMISSION
1.000000e+00  1.000000e-50 
1.000000e+00  1.000000e-50 
1.000000e+00  1.000000e-50 
9.692069e-01  3.079309e-02 
1.000000e+00  1.000000e-50 
9.989139e-01  1.086130e-03 
9.288157e-01  7.118427e-02 
1.000000e+00  1.000000e-50 
1.000000e+00  1.000000e-50 
1.000000e+00  1.000000e-50 
1.000000e+00  1.000000e-50 
1.000000e+00  1.000000e-50 
1.000000e+00  1.000000e-50 
9.982622e-01  1.737816e-03 
1.000000e+00  1.000000e-50 
1.000000e+00  1.000000e-50 
9.975758e-01  2.424242e-03 
1.000000e+00  1.000000e-50 
1.000000e+00  1.000000e-50 
1.000000e+00  1.000000e-50 
1.000000e+00  1.000000e-50 
1.000000e+00  1.000000e-50 
9.987928e-01  1.207169e-03 
1.000000e+00  1.000000e-50 
1.000000e+00  1.000000e-50 
1.000000e+00  1.000000e-50 
1.000000e+00  1.000000e-50 
1.000000e+00  1.000000e-50 
1.000000e+00  1.000000e-50 
1.000000e+00  1.000000e-50 


#DOUBLE_30x3_TORUS_TORUS_KAPPA
8.465280e+01  8.392602e+01  3.359301e+01 
1.756415e+01  2.415365e+01  3.313345e+00 
6.911665e+02  5.385633e+02  2.408632e+02 
3.962206e+01  3.231629e+01  1.337470e+01 
6.601811e+02  5.556520e+02  2.437126e+02 
2.688700e+00  8.107408e+00  -1.422366e+00 
3.514914e+01  2.582624e+01  7.681880e+00 
1.843574e+01  2.281515e+01  6.663905e+00 
6.680856e+01  6.465455e+01  2.683484e+01 
1.236551e+01  9.449219e+00  1.523881e+00 
4.364088e+01  2.555418e+01  9.940371e+00 
6.949530e+01  4.560044e+01  2.039095e+01 
7.481835e+01  3.481940e+01  1.713302e+01 
7.626937e+00  5.454370e+00  1.299945e+00 
6.530016e+01  4.221007e+01  1.743547e+01 
4.792607e+00  9.860712e+00  -7.239484e+00 
1.950998e+00  4.382333e+00  -8.690482e-01 
2.981408e+01  1.814379e+01  1.354497e+00 
2.098014e+02  1.366776e+02  6.008690e+01 
1.443770e+01  2.829616e+01  6.169557e-01 
2.534455e+01  2.011451e+01  5.225103e+00 
1.366538e+01  1.225621e+01  2.955254e+00 
3.439598e+00  3.474389e+00  -1.606138e+00 
2.062763e+02  1.771574e+02  7.324954e+01 
1.763837e+01  6.417399e+00  3.089731e+00 
2.808899e+02  2.617862e+02  9.751752e+01 
1.410148e+02  1.265368e+02  3.622160e+01 
2.807195e+02  2.298242e+02  9.940131e+01 
1.318149e+02  8.136981e+01  4.080329e+01 
7.372997e+00  1.354441e+01  2.006935e+00 


#DOUBLE_30x2_TORUS_TORUS_MU
-1.531988e+00  2.884014e-02 
-2.309622e+00  2.698612e+00 
-1.075044e+00  -7.253421e-01 
-1.332035e+00  -4.755214e-01 
-1.131718e+00  -7.786897e-01 
-2.133591e+00  2.923202e+00 
-1.316254e+00  2.557963e+00 
-1.637592e+00  -3.792595e-01 
-1.601138e+00  -2.827934e-03 
1.678878e+00  -1.172697e-01 
-2.689925e+00  2.629655e+00 
1.390546e+00  1.925112e-01 
9.829189e-01  6.933110e-01 
-1.759078e+00  -2.662278e-01 
-1.141180e+00  2.541664e+00 
-1.680452e+00  2.006249e+00 
2.526024e+00  -2.999727e+00 
-1.389240e+00  -5.574626e-01 
-1.096594e+00  -5.401902e-01 
-2.018905e+00  2.258617e+00 
-1.045735e+00  -7.275663e-01 
-1.655870e+00  -5.063360e-01 
-1.766783e+00  1.673868e+00 
-1.021822e+00  -6.490727e-01 
1.239470e+00  -2.721405e+00 
-1.159343e+00  -6.655216e-01 
-9.888546e-01  -8.490558e-01 
-1.224808e+00  -8.237592e-01 
-1.069210e+00  -4.459261e-01 
-1.841666e+00  2.450151e+00 


