#DOUBLE_1x55_DISCRETE_HIDDEN_START
4.696133e-02  3.453039e-03  2.969613e-02  1.000000e-50  1.174033e-02  1.000000e-50  1.000000e-50  1.000000e-50  1.000000e-50  1.000000e-50  1.795580e-02  1.056630e-01  1.000000e-50  7.596685e-03  1.000000e-50  1.000000e-50  4.350829e-02  1.000000e-50  6.560773e-02  1.457182e-01  1.000000e-50  1.000000e-50  6.215470e-03  2.762431e-02  1.000000e-50  2.762431e-03  1.450276e-02  1.174033e-02  1.000000e-50  6.146409e-02  1.035912e-02  1.000000e-50  9.046961e-02  3.245856e-02  1.104972e-02  1.312155e-02  4.696133e-02  2.831492e-02  1.000000e-50  1.000000e-50  1.000000e-50  1.000000e-50  1.000000e-50  2.209945e-02  1.000000e-50  1.000000e-50  3.936464e-02  2.348066e-02  1.000000e-50  1.000000e-50  4.143646e-03  3.176796e-02  1.104972e-02  1.000000e-50  3.314917e-02  

#DOUBLE_55x55_DISCRETE_HIDDEN_TRANSITION
1.786173e-01  1.780239e-03  1.000000e-50  1.000000e-50  1.000000e-50  1.000000e-50  1.000000e-50  8.307784e-02  1.000000e-50  2.870141e-01  3.857185e-03  4.450598e-03  1.000000e-50  3.164870e-03  1.000000e-50  1.000000e-50  1.000000e-50  1.000000e-50  1.000000e-50  1.196716e-02  3.560479e-03  1.000000e-50  7.506676e-02  1.000000e-50  1.968153e-02  1.000000e-50  1.000000e-50  1.000000e-50  1.000000e-50  1.000000e-50  1.000000e-50  1.000000e-50  1.000000e-50  2.175848e-03  1.000000e-50  1.000000e-50  1.408367e-01  1.542874e-02  1.000000e-50  1.000000e-50  1.000000e-50  1.000000e-50  1.000000e-50  1.483533e-03  1.000000e-50  1.000000e-50  9.692414e-03  1.000000e-50  7.516566e-03  1.000000e-50  7.219860e-03  1.000000e-50  1.000000e-50  1.000000e-50  1.434082e-01 
6.700168e-03  1.000000e-50  2.791736e-03  1.060860e-02  1.000000e-50  1.000000e-50  1.000000e-50  1.000000e-50  1.000000e-50  1.000000e-50  1.000000e-50  7.816862e-03  1.000000e-50  1.000000e-50  1.000000e-50  1.000000e-50  3.908431e-03  1.000000e-50  2.490229e-01  1.451703e-02  1.000000e-50  1.000000e-50  1.000000e-50  1.000000e-50  1.000000e-50  4.634283e-02  8.375209e-03  1.000000e-50  7.816862e-03  1.161362e-01  3.350084e-03  5.025126e-03  6.867672e-02  1.228364e-02  1.000000e-50  3.015075e-01  1.451703e-02  1.000000e-50  1.000000e-50  1.000000e-50  1.000000e-50  1.000000e-50  1.000000e-50  1.000000e-50  1.000000e-50  1.000000e-50  1.563372e-02  1.000000e-50  1.000000e-50  2.010050e-02  1.000000e-50  2.065885e-02  5.583473e-03  5.527638e-02  3.350084e-03 
1.117318e-02  1.117318e-02  1.000000e-50  2.444134e-03  1.000000e-50  1.000000e-50  9.078212e-03  1.000000e-50  1.000000e-50  1.000000e-50  2.094972e-03  2.898045e-02  1.000000e-50  1.000000e-50  1.000000e-50  1.990223e-02  1.000000e-50  1.000000e-50  1.000000e-50  3.491620e-03  1.000000e-50  1.000000e-50  2.444134e-03  1.000000e-50  4.189944e-03  1.000000e-50  6.983240e-03  1.000000e-50  2.199721e-02  2.744413e-01  1.745810e-02  1.000000e-50  1.000000e-50  1.000000e-50  6.983240e-03  1.958799e-01  2.444134e-03  1.000000e-50  1.000000e-50  1.000000e-50  1.000000e-50  1.000000e-50  1.000000e-50  1.000000e-50  1.000000e-50  1.000000e-50  2.129888e-02  3.945531e-02  1.000000e-50  8.938547e-02  1.000000e-50  1.260475e-01  1.000000e-50  9.252793e-02  1.012570e-02 
1.738123e-02  1.680185e-02  8.111240e-03  1.089224e-01  1.000000e-50  1.000000e-50  1.000000e-50  1.000000e-50  1.448436e-02  1.000000e-50  1.000000e-50  9.791425e-02  2.085747e-02  1.100811e-02  1.000000e-50  1.000000e-50  1.512167e-01  1.000000e-50  3.707995e-02  6.373117e-02  6.952491e-03  1.000000e-50  1.000000e-50  1.000000e-50  4.634994e-03  1.000000e-50  1.000000e-50  1.000000e-50  1.000000e-50  2.027810e-02  2.896871e-03  2.085747e-02  1.743917e-01  2.143685e-02  2.896871e-02  1.100811e-02  2.780997e-02  1.000000e-50  1.000000e-50  2.375435e-02  4.055620e-03  1.000000e-50  1.000000e-50  1.000000e-50  1.000000e-50  1.000000e-50  9.849363e-03  2.027810e-02  1.000000e-50  8.690614e-03  1.100811e-02  2.375435e-02  1.000000e-50  1.216686e-02  1.969873e-02 
4.051106e-02  8.725460e-03  2.804612e-02  1.000000e-50  5.391088e-02  1.000000e-50  1.000000e-50  1.000000e-50  1.059520e-02  1.000000e-50  2.586476e-02  1.710813e-01  7.229667e-02  2.368339e-02  1.000000e-50  1.000000e-50  9.348707e-03  1.000000e-50  1.713930e-02  1.355562e-01  6.544095e-03  1.000000e-50  6.544095e-03  1.000000e-50  1.000000e-50  8.413836e-03  4.051106e-03  1.000000e-50  1.869741e-02  2.711125e-02  2.804612e-03  1.000000e-50  1.000000e-50  1.963228e-02  1.000000e-50  1.000000e-50  3.022749e-02  1.000000e-50  2.181365e-03  7.167342e-03  1.000000e-50  1.000000e-50  1.000000e-50  3.521346e-02  1.000000e-50  1.000000e-50  8.444998e-02  1.433468e-02  2.804612e-03  1.682767e-02  7.478965e-03  5.796198e-02  1.000000e-50  1.651605e-02  3.427859e-02 
1.000000e-50  1.000000e-50  1.000000e-50  1.000000e-50  1.000000e-50  3.551976e-01  1.000000e-50  1.000000e-50  1.000000e-50  1.000000e-50  1.000000e-50  1.000000e-50  1.000000e-50  1.000000e-50  4.684051e-01  1.000000e-50  1.000000e-50  1.000000e-50  1.000000e-50  1.000000e-50  1.000000e-50  1.000000e-50  1.000000e-50  1.000000e-50  1.000000e-50  1.000000e-50  1.000000e-50  1.000000e-50  1.000000e-50  1.000000e-50  1.585974e-01  1.000000e-50  1.000000e-50  1.000000e-50  1.000000e-50  1.000000e-50  1.000000e-50  1.000000e-50  1.779993e-02  1.000000e-50  1.000000e-50  1.000000e-50  1.000000e-50  1.000000e-50  1.000000e-50  1.000000e-50  1.000000e-50  1.000000e-50  1.000000e-50  1.000000e-50  1.000000e-50  1.000000e-50  1.000000e-50  1.000000e-50  1.000000e-50 
1.000000e-50  2.322738e-02  3.361858e-02  1.000000e-50  2.267726e-01  1.000000e-50  1.000000e-50  1.000000e-50  1.589242e-02  1.000000e-50  1.466993e-02  1.000000e-50  3.991443e-01  1.000000e-50  1.000000e-50  1.000000e-50  1.000000e-50  1.000000e-50  1.000000e-50  8.863081e-02  4.462103e-02  1.000000e-50  1.100244e-02  1.161369e-02  1.000000e-50  1.000000e-50  3.056235e-03  1.000000e-50  1.000000e-50  1.466993e-02  1.000000e-50  1.000000e-50  1.000000e-50  1.000000e-50  1.000000e-50  1.000000e-50  8.557457e-03  9.779951e-03  1.000000e-50  1.000000e-50  1.000000e-50  1.000000e-50  1.000000e-50  1.161369e-02  1.000000e-50  1.000000e-50  3.178484e-02  1.000000e-50  1.000000e-50  1.000000e-50  1.000000e-50  5.134474e-02  1.000000e-50  1.000000e-50  1.000000e-50 
1.000000e-50  8.858032e-03  1.000000e-50  1.388556e-02  1.000000e-50  1.000000e-50  1.000000e-50  8.498923e-02  1.000000e-50  1.000000e-50  1.819488e-02  1.532200e-02  3.830500e-03  1.987072e-02  1.000000e-50  1.000000e-50  1.000000e-50  1.000000e-50  3.064400e-02  3.447450e-02  1.000000e-50  1.000000e-50  1.809911e-01  1.292794e-02  3.543213e-02  1.000000e-50  6.511851e-02  1.000000e-50  1.000000e-50  4.788125e-03  1.000000e-50  1.627963e-02  2.777113e-02  3.112282e-03  1.000000e-50  2.609528e-02  2.145080e-01  3.591094e-03  1.000000e-50  1.000000e-50  1.000000e-50  1.000000e-50  1.000000e-50  1.000000e-50  1.000000e-50  1.000000e-50  1.000000e-50  5.913335e-02  1.000000e-50  1.000000e-50  1.723725e-02  7.469476e-02  1.000000e-50  1.101269e-02  1.723725e-02 
1.916376e-02  7.491289e-02  1.000000e-50  1.916376e-02  1.000000e-50  1.000000e-50  1.000000e-50  1.000000e-50  1.000000e-50  1.000000e-50  1.000000e-50  2.857143e-01  1.000000e-50  1.000000e-50  1.000000e-50  1.000000e-50  1.000000e-50  1.000000e-50  1.000000e-50  1.951220e-01  2.439024e-02  1.000000e-50  1.000000e-50  1.000000e-50  1.000000e-50  1.000000e-50  1.000000e-50  1.000000e-50  1.000000e-50  6.620209e-02  1.000000e-50  1.000000e-50  1.000000e-50  1.254355e-01  1.000000e-50  1.000000e-50  4.703833e-02  1.000000e-50  2.961672e-02  1.000000e-50  1.000000e-50  1.000000e-50  1.000000e-50  1.000000e-50  1.000000e-50  1.000000e-50  1.000000e-50  1.000000e-50  1.000000e-50  1.916376e-02  5.749129e-02  1.000000e-50  1.000000e-50  1.000000e-50  3.658537e-02 
1.000000e-50  1.000000e-50  9.946125e-03  1.000000e-50  7.183313e-03  1.000000e-50  1.000000e-50  1.654925e-01  1.000000e-50  4.127642e-01  3.177234e-03  1.809642e-02  1.000000e-50  1.000000e-50  1.000000e-50  1.000000e-50  1.000000e-50  1.000000e-50  6.907031e-03  1.091311e-02  1.000000e-50  1.000000e-50  4.752038e-02  1.000000e-50  2.210250e-03  1.000000e-50  1.519547e-03  1.000000e-50  1.000000e-50  1.000000e-50  1.000000e-50  1.000000e-50  1.000000e-50  8.979141e-03  1.000000e-50  1.000000e-50  1.154856e-01  2.099738e-02  1.000000e-50  1.000000e-50  1.000000e-50  1.000000e-50  1.000000e-50  1.000000e-50  1.000000e-50  1.000000e-50  1.000000e-50  1.000000e-50  1.000000e-50  1.000000e-50  8.012156e-03  2.486531e-03  5.525625e-04  1.000000e-50  1.577566e-01 
1.000000e-50  1.000000e-50  3.488879e-03  1.788051e-02  1.000000e-50  1.000000e-50  1.000000e-50  1.000000e-50  1.000000e-50  5.669429e-03  1.000000e-50  1.883995e-01  1.000000e-50  1.177497e-02  1.000000e-50  1.000000e-50  1.482774e-02  1.000000e-50  1.000000e-50  9.332752e-02  1.000000e-50  1.000000e-50  1.000000e-50  4.143044e-02  1.000000e-50  1.000000e-50  8.722198e-03  5.669429e-03  1.000000e-50  8.329699e-02  1.000000e-50  1.000000e-50  1.094636e-01  9.638029e-02  2.267771e-02  1.000000e-50  1.569996e-02  1.000000e-50  1.000000e-50  1.221108e-02  1.000000e-50  1.000000e-50  1.000000e-50  1.875273e-02  1.000000e-50  1.000000e-50  3.227213e-02  3.532490e-02  1.000000e-50  3.096380e-02  1.482774e-02  6.803314e-02  7.849978e-03  3.358046e-02  2.747492e-02 
3.208238e-02  5.941182e-03  4.644024e-02  8.713734e-03  1.663531e-02  1.000000e-50  1.000000e-50  7.030399e-03  1.000000e-50  1.515001e-02  2.831964e-02  9.169225e-02  2.673532e-03  1.732845e-02  1.000000e-50  1.000000e-50  7.723537e-03  1.000000e-50  1.200119e-01  1.078325e-01  1.940786e-02  7.723537e-03  7.723537e-03  5.644123e-03  1.584315e-03  3.406278e-02  2.455689e-02  1.000000e-50  1.000000e-50  2.970591e-03  1.000000e-50  9.604911e-03  5.772849e-02  3.406278e-02  1.000000e-50  1.277354e-02  3.980592e-02  5.564907e-02  1.000000e-50  7.327458e-03  1.000000e-50  1.000000e-50  1.000000e-50  5.277750e-02  2.277453e-03  1.000000e-50  5.515398e-02  1.000000e-50  1.000000e-50  1.000000e-50  9.406872e-03  3.465690e-03  4.158828e-03  2.564610e-02  1.891276e-02 
1.359786e-02  8.247882e-03  1.315203e-02  1.000000e-50  7.356219e-03  1.000000e-50  1.000000e-50  1.426661e-02  2.028533e-02  1.000000e-50  2.006242e-02  1.448952e-01  6.910388e-03  3.410611e-02  4.904146e-03  1.000000e-50  9.585377e-03  1.000000e-50  1.000000e-50  3.352653e-01  1.159162e-02  1.000000e-50  4.681230e-03  6.910388e-03  1.000000e-50  1.000000e-50  5.572893e-03  6.687472e-03  1.872492e-02  9.139545e-03  1.000000e-50  1.000000e-50  1.000000e-50  8.024967e-03  1.000000e-50  1.000000e-50  6.308515e-02  1.000000e-50  6.018725e-03  1.000000e-50  2.006242e-03  1.000000e-50  1.000000e-50  4.101650e-02  1.000000e-50  1.000000e-50  1.045475e-01  8.916630e-03  1.000000e-50  9.139545e-03  4.904146e-03  3.009362e-02  1.000000e-50  5.349978e-03  2.095408e-02 
2.983139e-02  1.000000e-50  1.297017e-02  1.000000e-50  1.000000e-50  1.000000e-50  8.430610e-03  1.000000e-50  1.000000e-50  1.000000e-50  2.140078e-02  9.987030e-02  1.000000e-50  9.079118e-03  2.334630e-02  1.000000e-50  6.225681e-02  1.000000e-50  5.123217e-02  1.796368e-01  1.000000e-50  1.000000e-50  1.000000e-50  1.000000e-50  1.000000e-50  1.621271e-02  1.686122e-02  1.297017e-03  1.000000e-50  3.307393e-02  1.000000e-50  1.000000e-50  1.000000e-50  4.669261e-02  1.361868e-02  1.000000e-50  4.798962e-02  1.426719e-02  9.727626e-03  3.631647e-02  1.000000e-50  1.000000e-50  1.000000e-50  3.047990e-02  1.000000e-50  1.000000e-50  1.000000e-50  1.284047e-01  1.000000e-50  1.000000e-50  1.491569e-02  7.457847e-02  1.000000e-50  1.000000e-50  1.750973e-02 
1.000000e-50  7.432935e-04  1.000000e-50  1.000000e-50  1.000000e-50  1.000000e-50  1.000000e-50  1.000000e-50  1.000000e-50  1.000000e-50  1.000000e-50  1.000000e-50  1.000000e-50  1.000000e-50  1.331847e-01  1.000000e-50  1.000000e-50  1.000000e-50  1.000000e-50  1.000000e-50  1.000000e-50  1.000000e-50  1.000000e-50  1.000000e-50  1.000000e-50  1.000000e-50  7.432935e-04  6.547740e-01  1.000000e-50  1.000000e-50  5.304412e-02  1.000000e-50  1.000000e-50  1.000000e-50  1.000000e-50  1.000000e-50  1.000000e-50  1.000000e-50  7.608622e-02  1.000000e-50  1.074397e-02  5.378742e-02  1.689303e-02  1.000000e-50  1.000000e-50  1.000000e-50  1.000000e-50  1.000000e-50  1.000000e-50  1.000000e-50  1.000000e-50  1.000000e-50  1.000000e-50  1.000000e-50  1.000000e-50 
1.000000e-50  1.000000e-50  9.461538e-02  5.384615e-02  1.253846e-01  1.000000e-50  1.000000e-50  1.000000e-50  1.000000e-50  1.000000e-50  1.000000e-50  9.307692e-02  1.000000e-50  1.000000e-50  1.000000e-50  1.000000e-50  1.184615e-01  1.000000e-50  1.000000e-50  1.453846e-01  4.000000e-02  3.230769e-02  1.000000e-50  1.000000e-50  1.000000e-50  1.000000e-50  1.000000e-50  1.000000e-50  1.076923e-02  6.307692e-02  1.000000e-50  1.923077e-02  4.000000e-02  4.538462e-02  1.000000e-50  1.000000e-50  1.000000e-50  1.076923e-02  1.000000e-50  1.000000e-50  1.000000e-50  1.000000e-50  1.000000e-50  1.000000e-50  1.000000e-50  1.000000e-50  1.000000e-50  4.769231e-02  1.000000e-50  2.076923e-02  1.000000e-50  1.000000e-50  1.461538e-02  2.461538e-02  1.000000e-50 
1.658449e-02  1.000000e-50  1.000000e-50  1.465710e-01  1.000000e-50  1.000000e-50  1.000000e-50  8.516360e-03  1.000000e-50  1.000000e-50  1.000000e-50  8.650829e-02  1.000000e-50  1.000000e-50  1.000000e-50  2.330793e-02  1.000000e-50  1.000000e-50  8.516360e-03  6.006275e-02  3.361721e-02  1.000000e-50  1.000000e-50  1.420887e-01  1.000000e-50  1.000000e-50  3.227252e-02  1.000000e-50  1.000000e-50  1.000000e-50  1.479157e-02  1.000000e-50  2.868669e-01  1.000000e-50  3.720305e-02  1.000000e-50  4.347826e-02  1.000000e-50  1.000000e-50  1.000000e-50  1.000000e-50  1.000000e-50  1.000000e-50  2.061856e-02  1.000000e-50  1.000000e-50  1.000000e-50  1.000000e-50  1.000000e-50  1.479157e-02  2.420439e-02  1.000000e-50  1.000000e-50  1.000000e-50  1.000000e-50 
1.000000e-50  1.000000e-50  5.953582e-02  1.000000e-50  3.118063e-01  1.000000e-50  1.000000e-50  1.000000e-50  1.000000e-50  1.000000e-50  1.000000e-50  1.000000e-50  1.564077e-01  1.917255e-02  1.000000e-50  1.000000e-50  1.000000e-50  1.000000e-50  1.000000e-50  8.577195e-02  1.000000e-50  1.000000e-50  1.000000e-50  1.000000e-50  1.000000e-50  5.650858e-02  1.000000e-50  1.000000e-50  1.000000e-50  7.366297e-02  1.000000e-50  1.000000e-50  1.000000e-50  1.000000e-50  1.000000e-50  1.000000e-50  1.000000e-50  4.036327e-02  1.000000e-50  1.000000e-50  1.000000e-50  1.000000e-50  1.000000e-50  1.000000e-50  1.000000e-50  1.000000e-50  6.256307e-02  1.000000e-50  1.000000e-50  1.000000e-50  1.000000e-50  1.000000e-50  1.000000e-50  1.342079e-01  1.000000e-50 
4.375951e-02  5.898021e-03  1.655251e-02  1.407915e-02  2.149924e-02  1.000000e-50  1.000000e-50  4.946728e-03  4.185693e-03  2.549467e-02  2.187976e-02  8.219178e-02  1.426941e-02  1.122527e-02  1.000000e-50  1.000000e-50  1.293760e-02  1.000000e-50  5.878995e-02  1.324201e-01  8.371385e-03  1.293760e-02  7.990868e-03  3.424658e-03  1.000000e-50  4.223744e-02  6.468798e-03  1.000000e-50  1.000000e-50  5.536530e-02  1.000000e-50  9.322679e-03  2.187976e-02  2.187976e-02  2.473364e-03  9.132420e-03  2.853881e-02  2.454338e-02  1.000000e-50  1.312785e-02  1.000000e-50  1.000000e-50  1.000000e-50  7.115677e-02  1.000000e-50  1.000000e-50  5.194064e-02  4.185693e-03  1.000000e-50  1.274734e-02  1.522070e-02  1.369863e-02  8.561644e-03  6.830289e-02  1.636225e-02 
3.404527e-02  8.397225e-03  3.532311e-02  1.104418e-02  2.500913e-02  1.000000e-50  1.000000e-50  6.024096e-03  4.016064e-03  2.290982e-02  2.181453e-02  9.154801e-02  2.172326e-02  1.067908e-02  1.000000e-50  1.000000e-50  6.115371e-03  1.000000e-50  1.251369e-01  7.776561e-02  3.596203e-02  6.024096e-03  1.442132e-02  1.000000e-50  1.000000e-50  2.236218e-02  6.480467e-03  1.000000e-50  1.000000e-50  1.989777e-02  1.000000e-50  1.259584e-02  3.112450e-02  3.486674e-02  1.000000e-50  2.829500e-02  4.426798e-02  4.782767e-02  1.000000e-50  1.077035e-02  1.000000e-50  1.000000e-50  1.000000e-50  6.069733e-02  3.012048e-03  1.000000e-50  3.568821e-02  4.016064e-03  1.000000e-50  1.000000e-50  1.022271e-02  1.788974e-02  5.659000e-03  2.053669e-02  2.583060e-02 
8.890086e-02  5.765086e-02  1.000000e-50  9.159483e-03  3.987069e-02  1.000000e-50  1.000000e-50  1.000000e-50  1.000000e-50  1.000000e-50  2.101293e-02  2.106681e-01  8.943966e-02  2.155172e-02  4.310345e-03  1.000000e-50  1.000000e-50  1.000000e-50  1.000000e-50  8.620690e-02  1.000000e-50  1.000000e-50  1.000000e-50  1.000000e-50  1.000000e-50  1.508621e-02  7.543103e-03  1.000000e-50  1.000000e-50  1.000000e-50  1.000000e-50  1.000000e-50  1.000000e-50  7.219828e-02  1.400862e-02  1.000000e-50  1.000000e-50  1.000000e-50  1.000000e-50  6.088362e-02  1.000000e-50  1.000000e-50  1.000000e-50  1.293103e-02  1.000000e-50  1.000000e-50  4.525862e-02  1.000000e-50  1.000000e-50  3.771552e-03  1.293103e-02  5.495690e-02  1.000000e-50  2.209052e-02  4.956897e-02 
1.000000e-50  1.000000e-50  1.000000e-50  1.000000e-50  1.000000e-50  1.000000e-50  1.000000e-50  1.000000e-50  1.000000e-50  1.000000e-50  8.055236e-03  1.000000e-50  1.000000e-50  1.000000e-50  1.000000e-50  1.000000e-50  1.000000e-50  1.000000e-50  1.000000e-50  1.000000e-50  1.000000e-50  4.729574e-01  1.000000e-50  1.000000e-50  1.000000e-50  1.000000e-50  1.000000e-50  1.000000e-50  1.000000e-50  2.132720e-01  7.288071e-02  1.000000e-50  1.000000e-50  1.000000e-50  5.638665e-02  1.000000e-50  1.000000e-50  1.000000e-50  7.479862e-02  1.000000e-50  2.608362e-02  7.556578e-02  1.000000e-50  1.000000e-50  1.000000e-50  1.000000e-50  1.000000e-50  1.000000e-50  1.000000e-50  1.000000e-50  1.000000e-50  1.000000e-50  1.000000e-50  1.000000e-50  1.000000e-50 
5.013451e-02  1.000000e-50  2.274395e-02  1.000000e-50  5.624847e-03  1.000000e-50  1.000000e-50  1.007581e-01  2.078748e-02  1.932013e-02  1.760822e-02  4.842260e-02  1.000000e-50  2.152115e-02  1.000000e-50  2.201027e-03  1.000000e-50  1.000000e-50  1.000000e-50  7.092199e-02  1.000000e-50  1.000000e-50  1.320616e-02  1.000000e-50  1.000000e-50  1.000000e-50  1.711910e-03  1.000000e-50  1.000000e-50  1.000000e-50  1.124969e-02  1.000000e-50  1.000000e-50  9.293226e-03  1.000000e-50  1.000000e-50  2.934703e-02  1.002690e-02  9.782343e-04  1.000000e-50  1.000000e-50  1.000000e-50  1.000000e-50  3.032526e-02  1.000000e-50  1.000000e-50  5.478112e-02  4.255319e-02  2.350208e-01  1.000000e-50  6.358523e-03  3.912937e-02  1.000000e-50  4.402054e-02  9.195402e-02 
1.000000e-50  9.352518e-03  1.000000e-50  1.000000e-50  1.366906e-02  1.000000e-50  1.000000e-50  6.474820e-03  1.726619e-02  1.000000e-50  4.460432e-02  3.525180e-02  1.000000e-50  1.000000e-50  1.000000e-50  1.000000e-50  2.561151e-01  1.000000e-50  1.000000e-50  6.906475e-02  1.000000e-50  1.000000e-50  1.000000e-50  1.000000e-50  1.000000e-50  1.000000e-50  1.079137e-02  1.000000e-50  1.000000e-50  1.000000e-50  3.669065e-02  3.669065e-02  1.669065e-01  5.971223e-02  1.000000e-50  1.000000e-50  1.000000e-50  1.000000e-50  1.294964e-02  1.000000e-50  1.000000e-50  1.000000e-50  1.000000e-50  1.000000e-50  1.000000e-50  1.000000e-50  3.165468e-02  9.424460e-02  1.000000e-50  1.000000e-50  1.000000e-50  7.625899e-02  2.230216e-02  1.000000e-50  1.000000e-50 
1.043841e-02  1.000000e-50  1.000000e-50  2.922756e-02  1.252610e-01  1.000000e-50  1.000000e-50  1.000000e-50  1.000000e-50  1.000000e-50  1.000000e-50  1.000000e-50  5.240084e-01  1.000000e-50  1.000000e-50  1.000000e-50  1.000000e-50  1.000000e-50  3.757829e-02  1.000000e-50  1.000000e-50  1.000000e-50  1.002088e-01  1.000000e-50  1.000000e-50  1.000000e-50  1.000000e-50  1.000000e-50  1.000000e-50  1.000000e-50  1.000000e-50  1.000000e-50  1.000000e-50  3.966597e-02  1.000000e-50  1.000000e-50  1.043841e-01  1.000000e-50  1.000000e-50  1.000000e-50  1.000000e-50  1.000000e-50  1.000000e-50  1.000000e-50  1.000000e-50  1.000000e-50  1.000000e-50  1.000000e-50  1.000000e-50  1.000000e-50  1.000000e-50  1.000000e-50  1.000000e-50  1.252610e-02  1.670146e-02 
1.000000e-50  2.727769e-03  1.000000e-50  1.254774e-02  1.407529e-01  1.000000e-50  1.000000e-50  1.000000e-50  1.000000e-50  1.000000e-50  1.000000e-50  3.927987e-02  6.181124e-01  1.000000e-50  1.000000e-50  1.000000e-50  1.000000e-50  1.000000e-50  1.000000e-50  1.000000e-50  1.000000e-50  1.000000e-50  1.000000e-50  8.183306e-03  1.000000e-50  1.000000e-50  1.000000e-50  1.000000e-50  1.000000e-50  1.363884e-02  1.000000e-50  1.000000e-50  1.000000e-50  1.472995e-02  1.000000e-50  6.601200e-02  1.000000e-50  1.000000e-50  1.000000e-50  1.000000e-50  1.000000e-50  1.000000e-50  1.000000e-50  1.000000e-50  1.000000e-50  1.000000e-50  1.636661e-02  1.000000e-50  1.000000e-50  1.000000e-50  1.418440e-02  2.564103e-02  1.000000e-50  2.782324e-02  1.000000e-50 
1.522360e-02  9.514748e-03  9.514748e-03  1.712655e-02  9.514748e-03  1.000000e-50  1.569933e-02  6.660324e-03  1.000000e-50  1.000000e-50  1.998097e-02  5.423406e-02  8.087536e-03  6.184586e-03  1.000000e-50  1.000000e-50  3.472883e-02  1.000000e-50  3.853473e-02  5.566127e-02  1.000000e-50  1.000000e-50  1.000000e-50  1.474786e-02  1.000000e-50  1.189343e-02  2.806851e-02  4.757374e-03  1.522360e-02  8.277831e-02  8.087536e-03  9.990485e-03  6.517602e-02  3.520457e-02  1.000000e-50  1.474786e-02  1.522360e-02  1.000000e-50  1.000000e-50  1.522360e-02  2.378687e-03  1.000000e-50  1.000000e-50  1.189343e-02  1.255947e-01  1.000000e-50  3.092293e-02  1.000000e-50  4.757374e-04  5.899144e-02  1.712655e-02  8.610847e-02  1.000000e-50  3.901047e-02  5.708849e-03 
1.000000e-50  1.000000e-50  1.000000e-50  1.000000e-50  1.000000e-50  5.331192e-01  1.000000e-50  1.000000e-50  1.000000e-50  1.000000e-50  1.000000e-50  1.000000e-50  1.000000e-50  1.000000e-50  3.048034e-01  1.000000e-50  1.000000e-50  1.000000e-50  1.000000e-50  1.000000e-50  1.000000e-50  1.000000e-50  1.000000e-50  1.000000e-50  1.000000e-50  1.000000e-50  1.000000e-50  1.851002e-02  1.000000e-50  1.000000e-50  8.696650e-02  1.000000e-50  1.000000e-50  1.000000e-50  1.000000e-50  1.000000e-50  1.000000e-50  1.000000e-50  3.243078e-02  1.000000e-50  4.436286e-03  1.537402e-02  4.283310e-03  1.000000e-50  7.648769e-05  1.000000e-50  1.000000e-50  1.000000e-50  1.000000e-50  1.000000e-50  1.000000e-50  1.000000e-50  1.000000e-50  1.000000e-50  1.000000e-50 
1.541782e-02  4.162812e-02  7.308048e-02  1.000000e-50  4.748689e-02  1.000000e-50  1.000000e-50  5.858773e-03  6.167129e-02  1.000000e-50  3.052729e-02  7.554733e-02  4.779525e-02  7.400555e-03  2.775208e-03  1.000000e-50  6.167129e-04  1.000000e-50  1.000000e-50  2.432932e-01  1.000000e-50  3.237743e-02  1.000000e-50  1.048412e-02  1.000000e-50  2.127660e-02  2.466852e-02  1.000000e-50  1.000000e-50  1.000000e-50  1.000000e-50  1.233426e-02  1.000000e-50  1.000000e-50  1.000000e-50  1.000000e-50  1.000000e-50  1.000000e-50  1.665125e-02  1.000000e-50  1.000000e-50  1.000000e-50  1.000000e-50  1.000000e-50  1.000000e-50  1.000000e-50  1.261178e-01  1.000000e-50  1.000000e-50  1.000000e-50  2.251002e-02  5.396238e-02  1.000000e-50  2.651866e-02  1.000000e-50 
1.000000e-50  1.000000e-50  1.000000e-50  1.000000e-50  1.000000e-50  1.000000e-50  1.000000e-50  1.000000e-50  1.000000e-50  1.000000e-50  1.000000e-50  1.000000e-50  1.000000e-50  1.000000e-50  3.554940e-01  1.000000e-50  1.000000e-50  1.000000e-50  1.000000e-50  1.000000e-50  1.000000e-50  1.061865e-02  1.000000e-50  1.000000e-50  1.000000e-50  1.000000e-50  1.000000e-50  2.927054e-01  1.000000e-50  1.095337e-01  1.502770e-01  1.000000e-50  1.000000e-50  1.000000e-50  1.000000e-50  1.000000e-50  1.000000e-50  1.000000e-50  8.137119e-02  1.000000e-50  1.000000e-50  1.000000e-50  1.000000e-50  1.000000e-50  1.000000e-50  1.000000e-50  1.000000e-50  1.000000e-50  1.000000e-50  1.000000e-50  1.000000e-50  1.000000e-50  1.000000e-50  1.000000e-50  1.000000e-50 
1.000000e-50  1.000000e-50  1.000000e-50  1.000000e-50  1.000000e-50  1.000000e-50  1.546117e-01  1.000000e-50  1.000000e-50  1.000000e-50  1.000000e-50  1.000000e-50  1.000000e-50  1.000000e-50  1.000000e-50  1.941748e-02  1.000000e-50  5.097087e-02  1.000000e-50  1.000000e-50  1.000000e-50  1.000000e-50  1.000000e-50  1.000000e-50  1.000000e-50  1.000000e-50  1.000000e-50  2.548544e-03  1.000000e-50  1.000000e-50  3.337379e-02  1.000000e-50  1.000000e-50  1.000000e-50  1.000000e-50  1.000000e-50  1.000000e-50  1.000000e-50  6.371359e-02  1.000000e-50  3.604369e-01  1.899272e-01  5.388350e-02  1.000000e-50  1.000000e-50  1.000000e-50  1.000000e-50  1.000000e-50  1.000000e-50  7.111650e-02  1.000000e-50  1.000000e-50  1.000000e-50  1.000000e-50  1.000000e-50 
1.000000e-50  3.045685e-02  1.000000e-50  5.583756e-02  1.000000e-50  1.000000e-50  2.622673e-02  1.000000e-50  1.000000e-50  1.000000e-50  2.961083e-02  3.299492e-02  1.000000e-50  2.284264e-02  1.000000e-50  2.301184e-01  1.000000e-50  1.000000e-50  3.045685e-02  1.000000e-50  1.000000e-50  1.000000e-50  1.000000e-50  1.000000e-50  1.000000e-50  1.353638e-02  1.000000e-50  1.000000e-50  1.000000e-50  1.000000e-50  1.000000e-50  2.013536e-01  1.912014e-01  1.861252e-02  1.000000e-50  2.622673e-02  1.000000e-50  1.000000e-50  1.000000e-50  1.000000e-50  1.000000e-50  1.000000e-50  1.000000e-50  1.000000e-50  1.000000e-50  1.000000e-50  1.000000e-50  1.000000e-50  1.000000e-50  1.000000e-50  1.000000e-50  6.514382e-02  1.945854e-02  5.922166e-03  1.000000e-50 
1.000000e-50  1.979434e-02  1.000000e-50  7.763496e-02  1.000000e-50  1.000000e-50  1.000000e-50  1.000000e-50  1.000000e-50  1.000000e-50  6.426735e-02  1.413882e-01  1.902314e-02  1.000000e-50  1.000000e-50  1.000000e-50  1.164524e-01  1.000000e-50  4.704370e-02  1.038560e-01  3.341902e-03  1.000000e-50  1.000000e-50  7.455013e-02  1.000000e-50  1.000000e-50  3.804627e-02  1.000000e-50  1.000000e-50  3.856041e-02  8.740360e-03  4.267352e-02  1.000000e-50  4.884319e-02  1.491003e-02  1.000000e-50  2.519280e-02  1.000000e-50  1.000000e-50  9.768638e-03  5.398458e-03  1.000000e-50  1.000000e-50  1.000000e-50  1.000000e-50  1.000000e-50  5.192802e-02  1.000000e-50  1.000000e-50  1.722365e-02  2.107969e-02  1.000000e-50  1.000000e-50  1.000000e-50  1.028278e-02 
1.659168e-02  5.061867e-03  1.000000e-50  7.030371e-03  4.499438e-03  1.000000e-50  1.000000e-50  1.000000e-50  1.000000e-50  1.000000e-50  7.592801e-03  7.592801e-02  7.592801e-03  1.000000e-50  1.687289e-02  4.302587e-02  1.518560e-02  1.000000e-50  8.155231e-03  7.620922e-02  1.000000e-50  1.000000e-50  1.000000e-50  9.842520e-03  1.000000e-50  1.518560e-02  3.233971e-02  1.124859e-02  4.780652e-02  1.482002e-01  1.546682e-02  1.000000e-50  2.559055e-02  2.418448e-02  6.749156e-03  4.977503e-02  8.155231e-03  1.000000e-50  9.842520e-03  1.000000e-50  1.000000e-50  1.000000e-50  1.000000e-50  1.884139e-02  1.000000e-50  1.000000e-50  5.061867e-03  9.392576e-02  1.000000e-50  5.568054e-02  1.293588e-02  6.383577e-02  1.000000e-50  5.202475e-02  9.561305e-03 
1.000000e-50  1.634877e-03  1.000000e-50  8.174387e-03  1.000000e-50  1.000000e-50  2.070845e-02  1.000000e-50  1.000000e-50  1.000000e-50  2.070845e-02  1.000000e-50  8.719346e-03  4.359673e-03  1.000000e-50  1.000000e-50  2.561308e-02  6.539510e-03  1.000000e-50  1.000000e-50  1.000000e-50  2.490463e-01  1.000000e-50  1.000000e-50  1.000000e-50  1.000000e-50  9.264305e-03  1.000000e-50  1.000000e-50  6.975477e-02  3.051771e-02  4.196185e-02  3.923706e-02  1.000000e-50  2.299728e-01  8.719346e-03  1.000000e-50  1.000000e-50  1.580381e-02  1.000000e-50  3.596730e-02  1.798365e-02  1.000000e-50  1.000000e-50  1.000000e-50  1.000000e-50  5.449591e-03  6.321526e-02  1.000000e-50  1.000000e-50  4.359673e-03  2.724796e-02  2.179837e-02  3.324251e-02  1.000000e-50 
6.787330e-03  1.764706e-02  2.669683e-02  5.882353e-03  1.221719e-02  1.000000e-50  1.000000e-50  1.000000e-50  1.000000e-50  1.000000e-50  1.357466e-02  7.194570e-02  1.000000e-50  5.429864e-03  1.000000e-50  1.000000e-50  1.000000e-50  1.945701e-02  1.000000e-50  4.253394e-02  1.493213e-02  1.000000e-50  1.000000e-50  6.199095e-02  1.000000e-50  1.000000e-50  1.764706e-02  1.000000e-50  1.914027e-01  1.538462e-02  9.049774e-03  1.000000e-50  1.000000e-50  3.710407e-02  2.262443e-03  1.000000e-50  8.144796e-03  1.000000e-50  1.000000e-50  1.000000e-50  1.000000e-50  1.000000e-50  1.000000e-50  1.000000e-50  7.511312e-02  1.000000e-50  1.000000e-50  1.416290e-01  1.176471e-02  7.782805e-02  1.000000e-50  8.099548e-02  1.000000e-50  2.217195e-02  1.040724e-02 
2.913207e-01  9.241897e-03  1.000000e-50  4.018216e-03  3.482454e-03  1.000000e-50  1.000000e-50  7.380123e-02  1.000000e-50  7.607822e-02  4.018216e-03  1.727833e-02  5.223681e-03  5.759443e-03  1.000000e-50  1.000000e-50  8.572194e-03  1.000000e-50  4.687919e-03  3.482454e-03  1.000000e-50  1.000000e-50  6.723815e-02  1.000000e-50  9.241897e-03  9.107956e-03  8.036432e-04  1.000000e-50  1.000000e-50  5.625502e-03  1.000000e-50  2.812751e-03  1.272435e-02  5.223681e-03  1.000000e-50  1.000000e-50  4.353067e-02  1.794803e-02  1.000000e-50  4.259309e-02  1.000000e-50  1.000000e-50  1.000000e-50  7.366729e-03  1.000000e-50  1.000000e-50  6.563086e-03  1.000000e-50  2.732387e-02  3.214573e-03  8.572194e-03  2.143048e-03  1.000000e-50  2.678811e-03  2.183231e-01 
1.000000e-50  1.000000e-50  1.000000e-50  1.000000e-50  2.275449e-02  1.000000e-50  1.000000e-50  1.000000e-50  1.000000e-50  1.000000e-50  1.000000e-50  1.000000e-50  1.000000e-50  2.155689e-02  1.000000e-50  1.000000e-50  1.000000e-50  1.000000e-50  1.000000e-50  1.000000e-50  1.000000e-50  1.996008e-02  1.000000e-50  1.000000e-50  1.000000e-50  5.508982e-02  1.000000e-50  1.000000e-50  2.035928e-02  4.431138e-01  1.676647e-02  1.636727e-02  1.000000e-50  1.000000e-50  4.391218e-03  1.796407e-02  1.000000e-50  1.000000e-50  1.000000e-50  1.000000e-50  1.000000e-50  1.000000e-50  1.000000e-50  1.000000e-50  2.195609e-02  1.000000e-50  1.000000e-50  1.157685e-02  1.000000e-50  1.241517e-01  6.387226e-03  1.796407e-02  3.193613e-03  1.764471e-01  1.000000e-50 
1.000000e-50  1.000000e-50  1.000000e-50  1.000000e-50  1.000000e-50  7.930417e-03  1.000000e-50  1.000000e-50  1.000000e-50  1.000000e-50  1.000000e-50  1.000000e-50  1.000000e-50  1.000000e-50  3.837299e-03  1.000000e-50  1.000000e-50  1.000000e-50  1.000000e-50  1.000000e-50  1.000000e-50  8.314147e-02  1.000000e-50  1.000000e-50  1.000000e-50  1.000000e-50  1.023280e-03  1.000000e-50  1.000000e-50  5.617805e-01  2.798670e-01  1.000000e-50  6.651317e-03  1.000000e-50  1.000000e-50  1.000000e-50  1.000000e-50  1.000000e-50  1.000000e-50  1.000000e-50  1.000000e-50  4.476848e-02  3.837299e-03  1.000000e-50  1.000000e-50  1.000000e-50  1.000000e-50  1.000000e-50  1.000000e-50  7.162957e-03  1.000000e-50  1.000000e-50  1.000000e-50  1.000000e-50  1.000000e-50 
3.690538e-01  1.000000e-50  1.000000e-50  5.750131e-03  1.019341e-02  1.000000e-50  1.000000e-50  4.364872e-02  1.000000e-50  1.000000e-50  4.443283e-03  7.579718e-03  1.000000e-50  3.136435e-03  1.000000e-50  1.000000e-50  1.000000e-50  1.000000e-50  6.795609e-03  1.000000e-50  3.659174e-03  1.000000e-50  5.619446e-02  1.000000e-50  1.000000e-50  1.000000e-50  1.123889e-02  1.000000e-50  1.000000e-50  1.000000e-50  1.000000e-50  1.000000e-50  2.090957e-02  7.056979e-03  1.000000e-50  4.443283e-03  1.144799e-01  7.841087e-03  1.000000e-50  1.267642e-01  5.227392e-04  1.000000e-50  1.000000e-50  1.071615e-02  1.000000e-50  1.000000e-50  6.534239e-03  1.000000e-50  7.318348e-03  6.795609e-03  2.979613e-02  1.000000e-50  1.000000e-50  1.000000e-50  1.351281e-01 
1.000000e-50  4.704729e-02  1.000000e-50  1.000000e-50  1.000000e-50  6.665033e-02  1.000000e-50  1.000000e-50  1.000000e-50  1.000000e-50  4.165646e-03  1.000000e-50  1.000000e-50  9.801519e-04  7.890223e-02  1.000000e-50  1.000000e-50  1.000000e-50  1.000000e-50  1.000000e-50  1.000000e-50  1.000000e-50  1.000000e-50  1.000000e-50  1.000000e-50  1.000000e-50  1.000000e-50  1.070816e-01  1.000000e-50  1.000000e-50  2.518990e-01  1.000000e-50  1.000000e-50  1.000000e-50  1.000000e-50  1.000000e-50  1.000000e-50  1.000000e-50  1.318304e-01  1.000000e-50  1.085518e-01  1.497182e-01  1.372213e-02  1.000000e-50  1.000000e-50  3.062975e-02  1.000000e-50  1.000000e-50  1.000000e-50  1.000000e-50  1.960304e-03  1.000000e-50  6.861063e-03  1.000000e-50  1.000000e-50 
1.000000e-50  1.000000e-50  1.000000e-50  1.419245e-02  4.541584e-03  1.000000e-50  2.838490e-03  2.838490e-04  1.000000e-50  1.000000e-50  1.107011e-02  1.000000e-50  2.469486e-02  1.000000e-50  1.000000e-50  3.860346e-02  3.690037e-03  1.000000e-50  1.000000e-50  1.504400e-02  1.000000e-50  2.242407e-02  1.000000e-50  1.192166e-02  1.000000e-50  1.589554e-02  9.650866e-03  1.000000e-50  2.412716e-02  1.000000e-50  1.000000e-50  1.000000e-50  1.447630e-02  1.000000e-50  1.478853e-01  1.000000e-50  1.000000e-50  3.122339e-03  1.000000e-50  1.000000e-50  7.238149e-02  1.000000e-50  1.000000e-50  1.000000e-50  1.000000e-50  5.290945e-01  7.663923e-03  1.000000e-50  1.000000e-50  1.000000e-50  1.000000e-50  8.799319e-03  1.000000e-50  1.759864e-02  1.000000e-50 
1.000000e-50  4.956629e-02  6.939281e-02  1.000000e-50  2.453532e-01  1.000000e-50  1.000000e-50  1.000000e-50  1.000000e-50  1.000000e-50  1.000000e-50  1.000000e-50  3.345725e-01  2.478315e-02  9.913259e-03  1.000000e-50  1.000000e-50  1.000000e-50  1.000000e-50  2.255266e-01  1.000000e-50  1.000000e-50  1.115242e-02  1.000000e-50  1.000000e-50  1.000000e-50  1.000000e-50  1.000000e-50  1.000000e-50  1.000000e-50  1.000000e-50  1.000000e-50  1.000000e-50  1.000000e-50  1.000000e-50  1.000000e-50  1.000000e-50  2.354399e-02  1.000000e-50  1.000000e-50  1.000000e-50  1.000000e-50  1.000000e-50  1.000000e-50  1.000000e-50  1.000000e-50  1.000000e-50  1.000000e-50  1.000000e-50  2.478315e-03  3.717472e-03  1.000000e-50  1.000000e-50  1.000000e-50  1.000000e-50 
1.100494e-01  3.261944e-02  8.896211e-02  1.000000e-50  5.271829e-03  1.000000e-50  1.000000e-50  1.000000e-50  1.976936e-03  1.000000e-50  1.153213e-02  2.981878e-01  3.294893e-03  1.350906e-02  1.000000e-50  1.000000e-50  1.000000e-50  1.000000e-50  1.000000e-50  3.130148e-02  5.601318e-03  1.000000e-50  1.000000e-50  1.000000e-50  1.000000e-50  1.000000e-50  1.845140e-02  1.000000e-50  1.000000e-50  1.000000e-50  1.000000e-50  1.000000e-50  1.000000e-50  1.848435e-01  1.000000e-50  1.000000e-50  1.000000e-50  1.000000e-50  1.000000e-50  1.116969e-01  1.000000e-50  1.000000e-50  1.000000e-50  1.000000e-50  1.000000e-50  1.000000e-50  3.393740e-02  1.000000e-50  1.000000e-50  1.000000e-50  1.449753e-02  1.000000e-50  5.271829e-03  1.000000e-50  2.899506e-02 
2.641753e-02  3.543814e-02  5.219072e-02  1.000000e-50  1.000000e-50  1.000000e-50  1.000000e-50  1.000000e-50  1.000000e-50  1.000000e-50  1.000000e-50  6.507732e-02  1.797680e-01  7.087629e-03  1.000000e-50  1.000000e-50  1.000000e-50  1.000000e-50  1.000000e-50  2.422680e-01  3.221649e-02  1.000000e-50  1.000000e-50  1.000000e-50  1.000000e-50  1.000000e-50  1.610825e-02  1.000000e-50  1.610825e-02  2.190722e-02  1.000000e-50  1.000000e-50  1.000000e-50  1.000000e-50  5.154639e-03  1.000000e-50  1.333763e-01  9.020619e-03  1.000000e-50  1.000000e-50  1.000000e-50  1.000000e-50  1.000000e-50  2.319588e-02  1.000000e-50  1.000000e-50  1.000000e-50  1.000000e-50  1.000000e-50  1.000000e-50  2.061856e-02  9.987113e-02  1.000000e-50  1.000000e-50  1.417526e-02 
1.840773e-03  6.120571e-02  2.899218e-02  1.610676e-02  5.844455e-02  1.000000e-50  1.000000e-50  1.000000e-50  1.288541e-02  1.000000e-50  1.000000e-50  6.258629e-02  7.271054e-02  1.334561e-02  1.000000e-50  2.254947e-02  1.000000e-50  1.000000e-50  1.000000e-50  1.104464e-01  1.000000e-50  1.000000e-50  1.000000e-50  1.000000e-50  1.000000e-50  1.000000e-50  8.421537e-02  1.000000e-50  1.000000e-50  5.522319e-02  2.024850e-02  1.000000e-50  1.000000e-50  1.794754e-02  1.136677e-01  1.000000e-50  9.203866e-03  1.000000e-50  1.000000e-50  1.000000e-50  1.000000e-50  1.000000e-50  1.000000e-50  1.000000e-50  1.000000e-50  1.067648e-01  3.405430e-02  1.000000e-50  1.000000e-50  1.794754e-02  1.000000e-50  2.208928e-02  1.000000e-50  5.062126e-02  6.902899e-03 
1.000000e-50  7.927520e-03  5.617214e-02  1.000000e-50  1.313703e-02  1.000000e-50  1.000000e-50  8.154020e-03  1.000000e-50  1.698754e-02  4.484711e-02  1.060023e-01  2.718007e-03  1.381653e-02  1.000000e-50  1.000000e-50  2.197055e-02  1.000000e-50  1.993205e-01  6.704417e-02  1.000000e-50  1.000000e-50  1.608154e-02  1.000000e-50  2.038505e-03  4.847112e-02  1.000000e-50  1.000000e-50  1.000000e-50  1.000000e-50  1.000000e-50  3.397508e-03  3.374858e-02  2.310306e-02  1.000000e-50  1.000000e-50  4.575311e-02  5.639864e-02  1.000000e-50  1.000000e-50  1.000000e-50  1.000000e-50  1.000000e-50  8.674972e-02  1.000000e-50  1.000000e-50  8.674972e-02  1.000000e-50  1.000000e-50  1.000000e-50  7.701019e-03  1.426954e-02  6.115515e-03  1.132503e-02  1.000000e-50 
1.000000e-50  3.956452e-02  7.434944e-03  1.062135e-02  2.761551e-02  1.000000e-50  1.805629e-02  1.000000e-50  1.000000e-50  1.000000e-50  2.177377e-02  3.027084e-02  2.522570e-02  1.000000e-50  1.000000e-50  5.151354e-02  2.708444e-02  1.194902e-02  1.000000e-50  4.593733e-02  1.590547e-01  1.000000e-50  1.000000e-50  1.000000e-50  1.000000e-50  1.000000e-50  1.593202e-02  1.000000e-50  5.815189e-02  6.903877e-03  1.000000e-50  1.000000e-50  3.000531e-02  3.983006e-03  2.230483e-02  1.000000e-50  8.497079e-03  1.000000e-50  1.000000e-50  1.000000e-50  1.000000e-50  1.000000e-50  1.000000e-50  1.000000e-50  3.717472e-03  1.000000e-50  2.150823e-02  2.355284e-01  1.000000e-50  1.566649e-02  7.700478e-03  3.212958e-02  9.293680e-03  5.257568e-02  1.000000e-50 
9.502598e-02  1.000000e-50  1.000000e-50  1.000000e-50  5.196733e-03  1.000000e-50  1.000000e-50  4.305865e-02  2.969562e-03  1.000000e-50  1.000000e-50  1.000000e-50  1.000000e-50  1.000000e-50  1.000000e-50  1.000000e-50  1.000000e-50  1.000000e-50  1.000000e-50  1.000000e-50  1.000000e-50  1.000000e-50  1.707498e-02  1.000000e-50  1.000000e-50  1.000000e-50  1.000000e-50  1.000000e-50  1.000000e-50  1.000000e-50  1.000000e-50  1.000000e-50  1.000000e-50  1.000000e-50  1.000000e-50  1.000000e-50  1.000000e-50  1.000000e-50  1.000000e-50  6.013363e-01  1.000000e-50  1.000000e-50  1.000000e-50  1.000000e-50  1.000000e-50  1.000000e-50  1.000000e-50  1.000000e-50  1.000000e-50  1.000000e-50  1.158129e-01  1.039347e-02  1.484781e-03  1.000000e-50  1.076466e-01 
1.000000e-50  1.000000e-50  5.842697e-03  1.000000e-50  1.000000e-50  1.000000e-50  1.000000e-50  1.000000e-50  1.000000e-50  1.000000e-50  5.842697e-03  1.000000e-50  7.191011e-03  1.000000e-50  1.000000e-50  1.000000e-50  1.000000e-50  7.528090e-02  1.000000e-50  1.123596e-03  2.269663e-02  1.000000e-50  1.000000e-50  1.370787e-02  1.000000e-50  1.000000e-50  6.516854e-03  1.000000e-50  4.191011e-01  1.000000e-50  2.247191e-02  1.000000e-50  3.820225e-03  1.000000e-50  4.719101e-03  1.000000e-50  1.000000e-50  1.000000e-50  1.000000e-50  1.000000e-50  1.000000e-50  1.000000e-50  1.000000e-50  1.000000e-50  6.089888e-02  1.000000e-50  4.044944e-03  4.202247e-02  1.000000e-50  7.168539e-02  3.595506e-03  2.179775e-01  1.000000e-50  1.146067e-02  1.000000e-50 
1.217712e-01  8.961518e-03  3.162889e-02  1.000000e-50  6.325778e-03  1.000000e-50  1.000000e-50  1.581444e-02  1.000000e-50  1.000000e-50  1.792304e-02  9.066948e-02  2.108593e-03  1.000000e-50  1.000000e-50  1.000000e-50  1.000000e-50  1.000000e-50  5.798629e-02  8.908803e-02  1.265156e-02  1.000000e-50  5.376911e-02  1.528730e-02  1.000000e-50  1.000000e-50  1.897733e-02  1.000000e-50  1.000000e-50  1.423300e-02  1.000000e-50  2.688455e-02  1.000000e-50  1.000000e-50  1.000000e-50  2.477596e-02  1.233527e-01  4.006326e-02  1.000000e-50  4.691618e-02  1.000000e-50  1.000000e-50  1.000000e-50  1.000000e-50  5.798629e-03  1.000000e-50  1.000000e-50  1.000000e-50  1.000000e-50  1.845018e-02  1.000000e-50  3.479178e-02  1.000000e-50  1.001581e-02  1.117554e-01 
2.708712e-02  8.692137e-03  1.000000e-50  1.293713e-02  3.395998e-02  1.000000e-50  1.000000e-50  1.000000e-50  1.000000e-50  1.000000e-50  1.455428e-02  9.419850e-02  4.022640e-02  5.235496e-02  5.659996e-03  1.000000e-50  1.000000e-50  1.000000e-50  1.000000e-50  1.305842e-01  4.851425e-03  7.277138e-03  1.778856e-02  2.385284e-02  1.000000e-50  2.607641e-02  3.860926e-02  4.851425e-03  1.556499e-02  6.225996e-02  1.617142e-03  1.010714e-02  1.253285e-02  5.518496e-02  1.000000e-50  1.000000e-50  1.637356e-02  2.162927e-02  1.000000e-50  8.692137e-03  1.000000e-50  1.000000e-50  1.000000e-50  1.475642e-02  7.277138e-03  1.000000e-50  3.577926e-02  2.041641e-02  1.000000e-50  2.607641e-02  2.627855e-02  4.406711e-02  1.354356e-02  5.336568e-02  1.091571e-02 
3.434343e-02  1.000000e-50  3.232323e-02  1.000000e-50  2.424242e-02  1.000000e-50  1.000000e-50  1.000000e-50  1.000000e-50  1.000000e-50  1.000000e-50  1.878788e-01  1.000000e-50  1.000000e-50  4.242424e-02  1.000000e-50  1.000000e-50  1.000000e-50  1.212121e-02  2.727273e-01  1.000000e-50  1.000000e-50  1.000000e-50  1.000000e-50  1.000000e-50  1.000000e-50  4.848485e-02  1.000000e-50  1.000000e-50  1.000000e-50  1.000000e-50  1.000000e-50  1.000000e-50  7.272727e-02  4.646465e-02  1.000000e-50  1.000000e-50  1.000000e-50  1.000000e-50  1.000000e-50  1.000000e-50  1.000000e-50  1.000000e-50  3.636364e-02  1.000000e-50  1.000000e-50  1.000000e-50  1.151515e-01  1.000000e-50  1.000000e-50  1.000000e-50  7.474747e-02  1.000000e-50  1.000000e-50  1.000000e-50 
1.000000e-50  1.000000e-50  3.725386e-03  1.000000e-50  1.000000e-50  1.000000e-50  4.896221e-02  1.000000e-50  1.000000e-50  1.000000e-50  1.000000e-50  1.144226e-02  1.000000e-50  1.000000e-50  1.000000e-50  4.630122e-02  1.000000e-50  4.603513e-02  1.000000e-50  1.000000e-50  1.000000e-50  1.000000e-50  1.000000e-50  1.000000e-50  1.000000e-50  1.000000e-50  1.000000e-50  1.000000e-50  3.831825e-02  1.000000e-50  1.037786e-02  1.000000e-50  1.000000e-50  1.000000e-50  1.000000e-50  1.000000e-50  1.000000e-50  1.000000e-50  1.000000e-50  1.000000e-50  1.000000e-50  1.000000e-50  1.000000e-50  1.000000e-50  1.756253e-01  1.000000e-50  6.918574e-03  1.168175e-01  1.000000e-50  4.465141e-01  1.000000e-50  1.000000e-50  1.000000e-50  4.896221e-02  1.000000e-50 
2.405776e-01  7.586882e-03  1.297112e-02  1.000000e-50  1.027900e-02  1.000000e-50  1.000000e-50  3.817915e-02  1.000000e-50  1.000000e-50  1.000000e-50  2.337249e-02  4.160548e-03  4.038179e-03  1.000000e-50  4.772394e-03  8.932942e-03  1.000000e-50  1.064611e-02  1.223691e-02  1.000000e-50  1.000000e-50  9.936368e-02  1.000000e-50  1.000000e-50  5.873715e-03  8.565835e-03  1.000000e-50  1.000000e-50  6.118453e-04  1.000000e-50  1.835536e-03  1.000000e-50  1.749878e-02  1.000000e-50  1.468429e-03  7.378855e-02  2.386197e-02  1.000000e-50  1.423152e-01  1.000000e-50  1.000000e-50  1.000000e-50  2.104748e-02  2.080274e-03  1.000000e-50  1.000000e-50  1.957905e-03  5.261870e-03  8.321096e-03  2.838962e-02  1.578561e-02  1.000000e-50  3.303965e-03  1.609153e-01 


#DOUBLE_1x55_DISCRETE_HIDDEN_DOMINANT-EIGENVECTOR
4.461659e-02  8.051717e-03  1.265458e-02  7.792532e-03  1.451717e-02  4.985271e-02  7.418061e-03  1.873408e-02  2.667519e-03  3.140979e-02  1.016860e-02  4.494013e-02  2.032182e-02  6.958704e-03  6.564192e-02  5.769217e-03  9.647005e-03  4.571348e-03  2.331327e-02  4.899862e-02  8.144014e-03  1.186302e-02  1.829996e-02  6.124794e-03  2.115013e-03  8.251686e-03  9.369684e-03  5.779139e-02  1.486192e-02  3.823988e-02  3.636958e-02  5.416364e-03  1.719278e-02  1.567155e-02  8.236738e-03  9.869959e-03  3.279873e-02  1.114869e-02  1.737098e-02  1.707427e-02  1.796979e-02  1.583941e-02  3.629391e-03  1.363394e-02  6.932605e-03  9.998436e-03  1.972794e-02  1.625185e-02  6.009137e-03  1.997123e-02  8.451524e-03  2.219324e-02  2.123730e-03  1.681345e-02  3.619793e-02  

#DOUBLE_55x20_DISCRETE_AA_EMISSION
4.717726e-02  1.421240e-02  4.638768e-03  5.211212e-02  4.204501e-02  1.000000e-50  2.023293e-02  1.566325e-01  4.737465e-02  9.415713e-02  2.437821e-02  1.036321e-02  1.000000e-50  3.059613e-02  5.813265e-02  2.339124e-02  8.399131e-02  2.290762e-01  1.510067e-02  4.638768e-02 
7.099615e-02  2.366538e-02  1.199780e-01  3.852504e-02  7.264722e-02  1.000000e-50  6.494221e-02  2.421574e-02  4.182719e-02  5.118327e-02  2.476610e-02  1.755641e-01  1.000000e-50  3.137039e-02  5.558613e-02  4.347826e-02  3.797468e-02  2.531646e-02  1.541002e-02  8.255366e-02 
6.583507e-03  5.613306e-02  4.189189e-01  3.361053e-02  8.662509e-03  1.000000e-50  3.014553e-02  9.355509e-03  1.559252e-02  1.108801e-02  5.890506e-03  2.273042e-01  4.504505e-03  1.489951e-02  2.044352e-02  9.216909e-02  7.276507e-03  8.316008e-03  7.276507e-03  2.182952e-02 
5.686387e-02  2.412407e-02  8.902929e-02  6.203331e-02  3.159104e-02  2.182654e-01  4.192993e-02  2.067777e-02  5.743825e-02  6.203331e-02  1.378518e-02  9.017806e-02  3.446295e-03  3.273980e-02  4.595060e-02  5.628949e-02  3.503733e-02  1.952901e-02  1.148765e-02  2.757036e-02 
5.208333e-02  1.194853e-02  1.207108e-01  4.993873e-02  2.726716e-02  1.191789e-01  4.013480e-02  9.191176e-04  9.620098e-02  2.696078e-02  1.899510e-02  2.349877e-01  1.000000e-50  4.840686e-02  6.372549e-02  4.411765e-02  2.757353e-03  2.757353e-03  1.286765e-02  2.604167e-02 
1.322292e-01  1.275352e-02  1.930741e-02  4.782570e-02  5.925073e-02  1.665043e-02  1.363918e-02  1.200071e-01  5.189974e-02  1.645558e-01  3.020105e-02  1.275352e-02  1.000000e-50  2.975821e-02  5.491099e-02  2.125587e-02  3.188380e-02  1.161987e-01  1.983881e-02  4.508015e-02 
1.848284e-01  1.625527e-02  4.816376e-02  7.525587e-02  1.866346e-02  3.491872e-02  9.030704e-03  7.826610e-03  8.187839e-02  1.324503e-01  3.913305e-02  6.983745e-02  1.000000e-50  5.177604e-02  7.826610e-02  8.187839e-02  2.769416e-02  2.649007e-02  7.224564e-03  8.428657e-03 
4.609171e-02  3.136137e-02  1.161796e-01  4.727964e-02  5.179378e-02  7.602756e-03  4.181516e-02  9.764790e-02  4.395343e-02  9.693514e-02  2.162034e-02  8.671894e-02  1.000000e-50  3.753861e-02  4.110240e-02  4.609171e-02  2.185792e-02  1.069138e-01  1.496793e-02  4.252792e-02 
6.791171e-02  2.716469e-02  1.000000e-50  5.432937e-02  4.584041e-02  1.000000e-50  1.000000e-50  1.375212e-01  1.086587e-01  1.663837e-01  1.000000e-50  1.000000e-50  1.000000e-50  8.149406e-02  1.000000e-50  1.528014e-02  1.528014e-02  2.139219e-01  1.358234e-02  5.263158e-02 
2.609661e-02  1.054969e-02  1.013326e-02  2.998334e-02  5.802332e-02  1.027207e-02  1.804553e-02  1.898945e-01  3.151027e-02  1.732371e-01  1.873959e-02  1.401999e-02  1.000000e-50  1.526929e-02  2.762354e-02  1.443642e-02  6.551916e-02  2.325097e-01  1.138257e-02  4.275403e-02 
6.833910e-02  1.038062e-02  1.388408e-01  5.406574e-02  4.108997e-02  3.330450e-02  2.595156e-02  1.686851e-02  5.103806e-02  7.482699e-02  1.773356e-02  1.059689e-01  1.691176e-01  3.633218e-02  4.368512e-02  4.238754e-02  1.859862e-02  1.859862e-02  1.124567e-02  2.162630e-02 
6.735751e-02  2.395151e-02  9.678365e-03  7.312543e-02  7.273438e-02  4.399257e-03  3.754033e-02  6.325154e-02  8.642096e-02  8.280379e-02  2.307166e-02  2.268061e-02  1.000000e-50  5.552840e-02  7.732916e-02  3.685600e-02  6.862841e-02  1.115456e-01  1.965001e-02  6.344706e-02 
1.997780e-03  1.775805e-03  3.107658e-03  3.773585e-03  4.883463e-03  9.604883e-01  2.441731e-03  1.000000e-50  4.661487e-03  1.000000e-50  1.775805e-03  8.879023e-03  1.000000e-50  1.000000e-50  1.000000e-50  2.441731e-03  3.773585e-03  1.000000e-50  1.000000e-50  1.000000e-50 
2.554278e-02  7.024266e-03  6.257982e-02  9.578544e-03  5.108557e-03  6.257982e-01  1.277139e-03  1.000000e-50  1.000000e-50  2.554278e-02  1.085568e-02  1.851852e-02  3.192848e-02  7.024266e-03  2.171137e-02  8.365262e-02  5.236271e-02  8.301405e-03  1.000000e-50  3.192848e-03 
1.550592e-01  1.103215e-02  6.930626e-02  1.218274e-01  1.428088e-02  4.324873e-02  1.820643e-02  2.104907e-02  8.554992e-02  1.049069e-01  2.991540e-02  4.967851e-02  1.000000e-50  6.179357e-02  7.519459e-02  4.967851e-02  3.099831e-02  3.235195e-02  1.096447e-02  1.495770e-02 
4.569288e-02  1.797753e-02  1.333333e-01  5.468165e-02  4.719101e-02  1.153558e-01  5.917603e-02  1.000000e-50  4.494382e-02  7.340824e-02  2.996255e-02  1.385768e-01  1.000000e-50  3.295880e-02  4.494382e-02  5.393258e-02  4.344569e-02  2.996255e-02  1.000000e-50  3.445693e-02 
6.392294e-02  3.677758e-02  6.173380e-02  6.260946e-02  1.000000e-50  1.085814e-01  3.809107e-02  1.838879e-02  9.807356e-02  5.735552e-02  2.276708e-02  4.203152e-02  4.903678e-02  2.626970e-02  5.560420e-02  9.938704e-02  1.042032e-01  3.108581e-02  1.000000e-50  2.408056e-02 
1.787488e-02  1.000000e-50  5.461768e-02  4.865938e-02  1.012910e-01  1.688183e-02  6.454816e-02  5.362463e-02  3.674280e-02  1.112214e-01  8.937438e-03  1.142006e-01  1.000000e-50  5.163853e-02  4.369414e-02  4.071500e-02  7.745780e-02  1.000000e-50  2.482622e-02  1.330685e-01 
3.852659e-02  1.000000e-50  1.221575e-02  2.424356e-02  1.000000e-50  7.517384e-03  1.000000e-50  1.000000e-50  2.969367e-02  2.819019e-03  2.443150e-03  1.315542e-03  8.511558e-01  1.000000e-50  1.541064e-02  8.081188e-03  1.000000e-50  6.577711e-03  1.000000e-50  1.000000e-50 
1.376412e-01  2.313601e-02  5.241753e-02  6.805242e-02  4.934478e-02  2.828739e-02  2.232264e-02  2.530502e-02  6.217804e-02  1.352915e-01  3.515590e-02  3.370990e-02  1.000000e-50  4.627203e-02  5.359241e-02  7.889742e-02  5.314053e-02  3.497515e-02  1.979214e-02  4.048803e-02 
7.053717e-03  2.333152e-02  8.138904e-02  7.704829e-02  5.208899e-02  2.712968e-03  3.418340e-02  1.953337e-02  8.301682e-02  3.364080e-02  1.000000e-50  8.247423e-02  1.000000e-50  3.038524e-02  8.084645e-02  6.673901e-02  2.251763e-01  3.364080e-02  1.790559e-02  4.883342e-02 
1.135840e-01  1.000000e-50  3.568688e-02  1.143515e-01  3.491942e-02  5.717575e-02  2.724482e-02  6.139678e-02  6.600153e-02  1.692249e-01  1.000000e-50  1.000000e-50  2.839601e-02  4.988488e-02  8.403684e-02  4.604758e-02  4.374520e-02  5.602456e-02  1.227936e-02  1.000000e-50 
6.093712e-02  2.694829e-02  5.972323e-02  4.078660e-02  3.204661e-02  1.480942e-02  1.578053e-02  7.938820e-02  5.171158e-02  1.034232e-01  1.820830e-02  2.427774e-02  1.830541e-01  2.209274e-02  4.078660e-02  3.665938e-02  2.961884e-02  1.201748e-01  1.553775e-02  2.403496e-02 
7.457386e-02  1.775568e-02  6.178977e-02  6.889205e-02  6.321023e-02  8.309659e-02  1.000000e-50  4.758523e-02  7.244318e-02  5.468750e-02  1.136364e-02  5.539773e-02  1.278409e-02  3.125000e-02  6.889205e-02  9.375000e-02  5.468750e-02  6.818182e-02  2.343750e-02  3.622159e-02 
3.829787e-02  1.063830e-02  1.914894e-01  5.957447e-02  8.510638e-03  8.297872e-02  1.000000e-50  2.127660e-03  6.382979e-02  1.702128e-02  1.000000e-50  3.425532e-01  1.000000e-50  6.170213e-02  4.042553e-02  5.957447e-02  4.255319e-03  1.000000e-50  1.000000e-50  1.702128e-02 
1.133406e-01  1.247289e-02  6.073753e-02  1.041215e-01  2.765727e-02  1.735358e-02  3.091106e-02  2.223427e-02  8.676790e-02  3.036876e-02  1.000000e-50  2.765727e-02  2.136659e-01  2.711497e-02  5.151844e-02  5.694143e-02  3.253796e-02  5.260304e-02  1.000000e-50  3.199566e-02 
2.064758e-02  2.815580e-03  2.909432e-02  1.267011e-02  8.446739e-03  8.057250e-01  6.100422e-03  2.346316e-03  1.923979e-02  9.385265e-03  2.815580e-03  1.689348e-02  1.000000e-50  7.508212e-03  1.173158e-02  3.003285e-02  6.100422e-03  2.346316e-03  9.385265e-04  5.161896e-03 
1.130342e-01  1.286568e-02  5.575126e-02  1.049931e-01  4.242610e-02  3.783121e-02  2.542503e-02  5.712973e-02  6.739164e-02  9.909634e-02  2.910093e-02  2.565477e-02  1.000000e-50  5.965692e-02  5.797212e-02  4.342166e-02  5.843161e-02  6.111196e-02  1.324858e-02  3.545719e-02 
7.603053e-02  9.160305e-03  9.648855e-02  8.274809e-02  3.938931e-02  3.847328e-02  2.961832e-02  1.282443e-02  7.847328e-02  1.087023e-01  2.198473e-02  4.000000e-02  1.000000e-50  7.572519e-02  5.374046e-02  1.163359e-01  6.625954e-02  3.664122e-03  1.679389e-02  3.358779e-02 
8.916165e-02  1.018990e-02  5.222325e-02  8.603520e-02  3.682260e-02  3.543307e-02  1.760074e-02  4.782307e-02  5.303381e-02  8.904585e-02  1.945345e-02  2.362205e-02  1.508800e-01  3.508569e-02  3.890690e-02  4.377026e-02  3.971746e-02  6.553960e-02  2.315887e-02  4.249653e-02 
1.437169e-01  1.215696e-02  4.922966e-02  9.424651e-02  2.286952e-02  3.009148e-02  1.468464e-02  4.285026e-02  8.004333e-02  1.216899e-01  3.201733e-02  4.224844e-02  1.721233e-02  5.584978e-02  7.522870e-02  6.066442e-02  2.563794e-02  3.779490e-02  1.203659e-02  2.973038e-02 
9.567388e-02  9.983361e-03  5.074875e-02  1.297837e-01  2.662230e-02  5.324459e-02  2.246256e-02  3.577371e-02  9.733777e-02  6.821963e-02  1.000000e-50  3.826955e-02  1.405990e-01  3.410982e-02  5.324459e-02  3.494176e-02  5.324459e-02  2.246256e-02  1.497504e-02  1.830283e-02 
6.515227e-02  2.496256e-02  1.048427e-01  7.438842e-02  3.544683e-02  6.914628e-02  4.343485e-02  3.769346e-02  7.164254e-02  5.042436e-02  1.672491e-02  8.312531e-02  1.000000e-50  3.869196e-02  6.290564e-02  9.435846e-02  4.493260e-02  4.293560e-02  1.198203e-02  2.720919e-02 
3.952129e-02  2.059560e-02  1.296966e-01  1.141108e-02  1.000000e-50  8.293905e-02  2.950181e-02  1.000000e-50  4.453103e-03  1.000000e-50  5.009741e-03  1.118842e-01  1.000000e-50  9.741163e-03  1.000000e-50  2.869468e-01  2.577234e-01  2.783190e-04  3.618146e-03  6.679655e-03 
6.809651e-02  3.806971e-02  3.217158e-02  1.088472e-01  4.289544e-02  3.378016e-02  2.252011e-02  8.954424e-02  6.595174e-02  8.900804e-02  2.949062e-02  4.021448e-02  1.000000e-50  3.217158e-02  3.806971e-02  5.361930e-02  5.522788e-02  8.257373e-02  1.983914e-02  5.790885e-02 
2.125735e-02  1.000000e-50  1.040253e-02  2.713704e-02  1.221167e-02  1.175938e-02  5.427408e-03  1.175938e-02  1.582994e-02  1.356852e-02  6.331976e-03  1.809136e-03  8.073270e-01  1.000000e-50  1.000000e-50  1.673451e-02  1.266395e-02  2.216192e-02  3.618272e-03  1.000000e-50 
6.774886e-02  2.629461e-02  2.964851e-02  5.715052e-02  6.962705e-02  4.064932e-02  1.945264e-02  5.607727e-02  7.338342e-02  1.377784e-01  1.905017e-02  3.273410e-02  8.585994e-03  3.917360e-02  6.157768e-02  4.708881e-02  5.889455e-02  6.359002e-02  3.139254e-02  6.010196e-02 
2.213439e-02  1.106719e-02  1.521739e-01  2.213439e-02  1.000000e-50  8.063241e-02  2.687747e-02  1.000000e-50  2.608696e-02  1.501976e-02  1.000000e-50  7.944664e-02  1.000000e-50  1.778656e-02  1.976285e-02  3.035573e-01  2.169960e-01  1.000000e-50  1.000000e-50  6.324111e-03 
6.768448e-02  1.628499e-02  3.282443e-02  6.081425e-02  7.404580e-02  2.620865e-02  2.391858e-02  1.259542e-01  6.310433e-02  1.404580e-01  2.239186e-02  2.722646e-02  1.000000e-50  3.816794e-02  3.562341e-02  2.061069e-02  2.697201e-02  1.162850e-01  1.653944e-02  6.488550e-02 
2.012464e-01  2.388990e-02  4.154765e-02  5.738769e-02  8.750974e-02  9.997403e-02  3.895092e-02  1.000000e-50  4.674111e-02  4.102830e-02  2.311088e-02  3.090106e-02  1.000000e-50  4.310569e-02  6.310049e-02  1.129577e-01  1.000000e-50  1.000000e-50  2.388990e-02  6.465853e-02 
7.988238e-02  4.165646e-03  4.533203e-02  1.031610e-01  3.994119e-02  2.964960e-02  2.254349e-02  7.253124e-02  6.763048e-02  1.195785e-01  3.038471e-02  3.308013e-02  1.960304e-03  5.880912e-02  6.910071e-02  4.043127e-02  5.415339e-02  7.939231e-02  1.690762e-02  3.136486e-02 
1.120495e-01  1.548423e-02  6.081081e-02  1.120495e-01  2.927928e-02  2.533784e-02  1.604730e-02  2.956081e-02  1.007883e-01  1.143018e-01  3.181306e-02  4.870495e-02  1.000000e-50  4.870495e-02  7.911036e-02  6.841216e-02  3.744369e-02  3.913288e-02  1.097973e-02  1.998874e-02 
1.689106e-01  4.895961e-03  8.567931e-03  5.507956e-02  3.671971e-02  1.958384e-02  2.692778e-02  1.713586e-02  8.690330e-02  2.141983e-01  2.937576e-02  4.406365e-02  1.000000e-50  3.916769e-02  7.588739e-02  6.487148e-02  5.385557e-02  2.447980e-02  1.000000e-50  2.937576e-02 
7.949791e-02  6.758931e-03  1.287416e-01  8.014162e-02  1.931123e-02  2.671387e-02  2.317348e-02  2.671387e-02  1.174767e-01  7.016415e-02  9.655616e-03  3.025426e-02  3.958803e-02  4.795623e-02  6.404892e-02  8.947538e-02  7.177341e-02  4.473769e-02  7.724493e-03  1.609269e-02 
1.000000e-50  1.000000e-50  3.502571e-01  9.190231e-02  1.028278e-02  7.840617e-02  3.149100e-02  1.000000e-50  3.406170e-02  1.000000e-50  1.000000e-50  1.998715e-01  9.640103e-03  9.640103e-03  3.020566e-02  7.712082e-02  5.141388e-02  1.000000e-50  1.349614e-02  1.221080e-02 
3.481013e-02  3.119349e-02  3.164557e-02  5.153707e-02  8.770344e-02  1.717902e-02  5.063291e-02  5.153707e-02  5.470163e-02  1.170886e-01  2.802893e-02  5.786618e-02  1.000000e-50  3.661844e-02  4.837251e-02  5.153707e-02  9.719711e-02  6.103074e-02  1.491863e-02  7.640145e-02 
1.364043e-02  9.168157e-03  1.000000e-50  4.025045e-02  3.779070e-02  1.000000e-50  7.155635e-03  2.406082e-01  7.021467e-02  1.093470e-01  1.386404e-02  1.000000e-50  4.248658e-03  4.159213e-02  3.689624e-02  1.000000e-50  8.698569e-02  2.444097e-01  1.207513e-02  3.175313e-02 
9.676550e-02  2.318059e-02  9.973046e-02  1.075472e-01  2.776280e-02  3.719677e-02  2.964960e-02  3.584906e-02  6.954178e-02  9.245283e-02  2.371968e-02  2.776280e-02  6.199461e-03  3.557951e-02  5.309973e-02  9.083558e-02  5.094340e-02  5.175202e-02  1.185984e-02  2.857143e-02 
6.389302e-02  9.658247e-03  5.126300e-02  4.606241e-02  2.526003e-02  2.526003e-02  2.451709e-02  1.017831e-01  5.720654e-02  1.523031e-01  2.228826e-02  2.897474e-02  9.658247e-03  2.748886e-02  4.680535e-02  5.794948e-02  6.835067e-02  1.530461e-01  9.658247e-03  1.857355e-02 
1.097151e-01  1.211577e-02  8.054745e-02  1.076958e-01  2.153915e-02  5.070675e-02  2.961633e-02  2.266098e-02  7.920126e-02  5.115549e-02  1.480817e-02  4.218084e-02  4.464887e-02  4.666816e-02  5.093112e-02  1.334979e-01  4.442450e-02  1.929549e-02  1.615436e-02  2.243662e-02 
3.167899e-03  1.000000e-50  7.919747e-03  1.055966e-03  1.000000e-50  9.804646e-01  1.000000e-50  1.000000e-50  2.639916e-03  1.000000e-50  1.000000e-50  1.000000e-50  1.000000e-50  1.000000e-50  4.751848e-03  1.000000e-50  1.000000e-50  1.000000e-50  1.000000e-50  1.000000e-50 
5.465024e-02  2.424483e-02  8.903021e-02  3.239269e-02  5.107313e-02  3.676471e-02  3.279014e-02  3.616852e-02  5.107313e-02  1.007552e-01  2.643084e-02  9.002385e-02  7.154213e-03  4.431638e-02  5.504769e-02  5.822734e-02  1.013514e-01  4.570747e-02  2.046900e-02  4.232909e-02 
2.352941e-02  1.000000e-50  1.000000e-50  9.803922e-03  1.000000e-50  9.431373e-01  1.000000e-50  1.000000e-50  1.000000e-50  1.000000e-50  1.000000e-50  7.843137e-03  1.000000e-50  1.000000e-50  1.000000e-50  1.568627e-02  1.000000e-50  1.000000e-50  1.000000e-50  1.000000e-50 
1.493010e-01  1.028752e-02  4.510683e-02  7.570562e-02  2.954366e-02  3.350040e-02  1.239778e-02  4.299657e-02  7.860723e-02  8.414666e-02  1.846479e-02  1.820100e-02  1.031390e-01  3.323661e-02  5.961488e-02  6.409918e-02  3.429174e-02  5.671327e-02  2.110261e-02  2.954366e-02 
6.809386e-02  3.144654e-02  1.669086e-02  3.809869e-02  8.502661e-02  4.354136e-02  2.491534e-02  4.970972e-02  4.184809e-02  3.870343e-02  2.104499e-02  1.596517e-02  1.000000e-50  2.721335e-02  4.426705e-02  1.026851e-01  1.404209e-01  1.049831e-01  2.116594e-02  8.417997e-02 


#DOUBLE_55x3_DISCRETE_SS_EMISSION
1.000000e-50  1.000000e+00  1.000000e-50 
4.955947e-03  1.431718e-02  9.807269e-01 
1.000000e-50  1.000000e-50  1.000000e+00 
1.241535e-02  1.297968e-02  9.746050e-01 
1.000000e-50  1.272897e-02  9.872710e-01 
1.000000e+00  1.000000e-50  1.000000e-50 
1.000000e-50  1.000000e-50  1.000000e+00 
1.000000e-50  9.871947e-01  1.280531e-02 
1.000000e-50  8.605852e-03  9.913941e-01 
1.000000e-50  1.000000e+00  1.000000e-50 
4.312204e-03  6.468305e-03  9.892195e-01 
1.000000e-50  1.000000e-50  1.000000e+00 
1.000000e-50  5.974773e-03  9.940252e-01 
1.000000e-50  5.814696e-02  9.418530e-01 
1.000000e+00  1.000000e-50  1.000000e-50 
1.000000e-50  1.000000e-50  1.000000e+00 
1.000000e-50  1.000000e-50  1.000000e+00 
1.000000e-50  1.000000e-50  1.000000e+00 
1.000000e-50  2.107640e-02  9.789236e-01 
1.000000e-50  1.000000e-50  1.000000e+00 
1.000000e-50  1.000000e-50  1.000000e+00 
1.000000e+00  1.000000e-50  1.000000e-50 
1.000000e-50  1.000000e+00  1.000000e-50 
2.126152e-03  1.000000e-50  9.978738e-01 
1.000000e-50  2.201258e-01  7.798742e-01 
1.000000e-50  4.912664e-03  9.950873e-01 
3.858824e-02  1.317647e-02  9.482353e-01 
1.000000e+00  1.000000e-50  1.000000e-50 
1.000000e-50  1.000000e-50  1.000000e+00 
1.000000e+00  1.000000e-50  1.000000e-50 
1.000000e+00  1.000000e-50  1.000000e-50 
1.000000e-50  3.289474e-03  9.967105e-01 
3.999000e-03  1.000000e-50  9.960010e-01 
1.000000e-50  1.000000e-50  1.000000e+00 
6.025710e-01  1.000000e-50  3.974290e-01 
3.593890e-03  1.707098e-02  9.793351e-01 
1.000000e-50  1.000000e+00  1.000000e-50 
1.000000e-50  6.156863e-02  9.384314e-01 
1.000000e+00  1.000000e-50  1.000000e-50 
1.000000e-50  1.000000e+00  1.000000e-50 
1.000000e+00  1.000000e-50  1.000000e-50 
1.000000e+00  1.000000e-50  1.000000e-50 
1.000000e+00  1.000000e-50  1.000000e-50 
1.000000e-50  6.443299e-04  9.993557e-01 
1.000000e-50  1.000000e-50  1.000000e+00 
1.000000e+00  1.000000e-50  1.000000e-50 
1.000000e-50  1.000000e-50  1.000000e+00 
1.000000e-50  1.000000e-50  1.000000e+00 
1.000000e-50  1.000000e+00  1.000000e-50 
1.000000e-50  1.000000e-50  1.000000e+00 
1.000000e-50  4.986849e-01  5.013151e-01 
1.000000e-50  1.447551e-02  9.855245e-01 
1.000000e-50  9.960159e-03  9.900398e-01 
1.000000e-50  1.000000e-50  1.000000e+00 
1.000000e-50  1.000000e+00  1.000000e-50 


#DOUBLE_55x2_DISCRETE_CIS_EMISSION
9.998026e-01  1.974334e-04 
1.000000e+00  1.000000e-50 
1.000000e+00  1.000000e-50 
1.000000e+00  1.000000e-50 
1.000000e+00  1.000000e-50 
1.000000e+00  1.000000e-50 
1.000000e+00  1.000000e-50 
1.000000e+00  1.000000e-50 
1.000000e+00  1.000000e-50 
1.000000e+00  1.000000e-50 
1.000000e+00  1.000000e-50 
9.982454e-01  1.754557e-03 
1.000000e+00  1.000000e-50 
1.000000e+00  1.000000e-50 
1.000000e+00  1.000000e-50 
1.000000e+00  1.000000e-50 
1.000000e+00  1.000000e-50 
1.000000e+00  1.000000e-50 
9.378414e-01  6.215860e-02 
1.000000e+00  1.000000e-50 
9.967777e-01  3.222342e-03 
1.000000e+00  1.000000e-50 
1.000000e+00  1.000000e-50 
1.000000e+00  1.000000e-50 
1.000000e+00  1.000000e-50 
1.000000e+00  1.000000e-50 
9.976415e-01  2.358491e-03 
1.000000e+00  1.000000e-50 
1.000000e+00  1.000000e-50 
1.000000e+00  1.000000e-50 
1.000000e+00  1.000000e-50 
9.860082e-01  1.399177e-02 
1.000000e+00  1.000000e-50 
1.000000e+00  1.000000e-50 
1.000000e+00  1.000000e-50 
9.473447e-01  5.265527e-02 
1.000000e+00  1.000000e-50 
1.000000e+00  1.000000e-50 
1.000000e+00  1.000000e-50 
1.000000e+00  1.000000e-50 
1.000000e+00  1.000000e-50 
1.000000e+00  1.000000e-50 
1.000000e+00  1.000000e-50 
1.000000e+00  1.000000e-50 
1.000000e+00  1.000000e-50 
1.000000e+00  1.000000e-50 
1.000000e+00  1.000000e-50 
1.000000e+00  1.000000e-50 
1.000000e+00  1.000000e-50 
1.000000e+00  1.000000e-50 
9.989523e-01  1.047669e-03 
9.946651e-01  5.334914e-03 
1.000000e+00  1.000000e-50 
1.000000e+00  1.000000e-50 
1.000000e+00  1.000000e-50 


#DOUBLE_55x3_TORUS_TORUS_KAPPA
3.104273e+01  3.100486e+01  6.076090e+00 
1.930983e+01  1.026268e+01  -2.163010e-01 
3.522821e+00  1.387209e+01  -6.780223e+00 
1.494202e+01  4.806543e+00  1.884886e+00 
1.399182e+02  7.173055e+01  3.921236e+01 
5.219393e+02  4.212529e+02  1.659523e+02 
1.066449e+02  9.386234e+01  3.613180e+01 
8.574586e+00  1.303342e+01  -5.142357e-01 
9.470451e+00  7.345469e+00  -1.255461e+00 
3.461561e+01  4.746717e+01  5.878240e+00 
3.889566e+01  7.365033e+00  -7.277160e-01 
8.736662e+00  1.288393e+01  1.082318e+00 
4.182907e+01  3.312377e+01  1.325786e+01 
2.302433e+01  1.850996e+01  6.762352e+00 
5.410110e+02  4.909080e+02  2.107172e+02 
2.020708e+01  1.977222e+01  5.165103e+00 
3.932571e+00  3.220085e+00  2.440637e-01 
9.037613e+01  8.381582e+01  2.740549e+01 
5.307843e+01  3.414539e+01  1.288991e+01 
3.255011e+01  3.025399e+01  8.313365e+00 
2.609818e+01  1.843541e+01  6.667850e+00 
3.475320e+01  2.726512e+01  2.821993e+00 
1.941985e+01  9.074360e+00  -8.759660e+00 
3.386382e+00  3.174826e+00  -2.439597e-01 
1.493586e+02  8.388328e+01  4.112122e+01 
9.718341e+01  7.450141e+01  1.569493e+01 
2.515367e+01  1.459758e+01  7.549622e+00 
5.232428e+02  4.702003e+02  1.927035e+02 
9.599475e+01  1.134055e+02  4.088310e+01 
1.719933e+02  1.340602e+02  5.647688e+01 
1.790868e+02  1.231384e+02  5.200537e+01 
1.610596e+01  1.242448e+01  3.108885e+00 
2.435647e+00  2.467267e+00  -9.749522e-01 
7.630224e+00  9.581554e+00  -5.020117e-01 
5.036573e+00  7.909452e+00  -1.316461e-01 
8.484464e+01  7.172553e+01  3.281669e+01 
1.759176e+01  2.128627e+01  3.717255e+00 
3.975774e+01  4.336458e+01  1.386609e+01 
1.859350e+02  2.155364e+02  6.900738e+01 
4.135497e+01  2.344018e+01  7.631085e+00 
7.235041e+01  5.034512e+01  5.682520e+00 
3.143774e+01  2.357290e+01  4.125923e+00 
1.272479e+02  1.494539e+02  5.857679e+01 
3.719927e+01  4.091635e+01  1.393691e+01 
9.329559e+01  8.765978e+01  3.564493e+01 
2.614835e+01  2.658753e+01  8.931135e+00 
5.801966e+00  1.625931e+01  -4.786181e+00 
3.656737e+01  2.238522e+01  5.097469e+00 
1.414526e+01  1.348405e+01  3.182039e+00 
2.319472e+02  1.539013e+02  7.373666e+01 
3.044160e+00  6.450218e+00  -2.709513e-01 
2.767292e+01  2.461506e+01  8.553403e+00 
5.783651e+00  3.037098e+00  -2.846016e-01 
1.907215e+02  1.325577e+02  6.112286e+01 
2.547771e+01  2.698637e+01  5.730475e+00 


#DOUBLE_55x2_TORUS_TORUS_MU
-2.227868e+00  2.312283e+00 
-2.335597e+00  1.362799e+00 
-1.524951e+00  2.019444e+00 
1.114450e+00  6.519481e-01 
1.007359e+00  6.403584e-01 
-1.073866e+00  -7.702706e-01 
-1.476588e+00  7.353051e-03 
-1.973622e+00  1.914572e+00 
-1.863400e+00  -6.601464e-01 
-1.927723e+00  2.179014e+00 
-1.454126e+00  1.304164e+00 
-2.224186e+00  2.612276e+00 
1.496195e+00  8.004753e-02 
-1.562309e+00  -3.016960e+00 
-1.099542e+00  -6.833960e-01 
-1.720918e+00  3.440321e-01 
-1.799319e+00  -5.677334e-01 
-1.786411e+00  2.061703e-01 
-1.153215e+00  2.600077e+00 
-1.255147e+00  2.534308e+00 
-1.973034e+00  -2.493602e-01 
-9.416111e-01  -8.678782e-01 
-1.335231e+00  2.279528e+00 
-1.820566e+00  -7.748087e-01 
9.130341e-01  7.750216e-01 
-9.845519e-01  2.313848e+00 
1.316703e+00  -2.804255e+00 
-1.150521e+00  -7.569385e-01 
-1.511210e+00  -1.560039e-01 
-1.007001e+00  -6.968506e-01 
-1.090885e+00  -5.437124e-01 
-1.026216e+00  -7.785832e-01 
-1.838798e+00  1.983169e+00 
-2.470297e+00  2.881253e+00 
-1.392936e+00  -7.313431e-01 
-1.131684e+00  -3.448834e-01 
-1.712768e+00  2.458149e+00 
-1.382030e+00  2.865379e+00 
-1.135145e+00  -8.901022e-01 
-2.721332e+00  2.673700e+00 
-1.307529e+00  -6.811555e-01 
-1.312431e+00  -4.901645e-01 
-1.495705e+00  -1.974875e-01 
-1.397423e+00  -4.999137e-01 
-1.584910e+00  9.162180e-02 
-1.750665e+00  -3.457893e-01 
-1.594271e+00  2.143272e+00 
-1.216348e+00  -5.119801e-01 
-1.660235e+00  -5.302815e-01 
-1.141271e+00  -2.960027e-01 
2.691989e+00  -3.015844e+00 
-1.891296e+00  1.728428e-01 
1.936450e+00  -3.574734e-01 
-9.895303e-01  -5.881504e-01 
-2.333788e+00  2.712956e+00 


