#DOUBLE_1x20_DISCRETE_HIDDEN_START
1.000000e-50  4.419890e-02  1.988950e-01  1.000000e-50  1.850829e-01  1.000000e-50  1.450276e-02  1.588398e-02  1.104972e-02  3.314917e-02  6.008287e-02  6.906077e-02  7.320442e-02  6.906077e-03  2.071823e-02  9.392265e-02  1.000000e-50  1.000000e-50  1.733425e-01  1.000000e-50  

#DOUBLE_20x20_DISCRETE_HIDDEN_TRANSITION
1.000000e-50  7.831535e-03  1.385312e-01  3.654716e-03  2.051862e-01  1.000000e-50  1.421859e-01  1.000000e-50  2.714932e-02  2.140620e-02  1.000000e-50  3.654716e-02  4.611904e-02  2.114514e-01  5.186216e-02  7.657501e-02  1.000000e-50  1.000000e-50  3.150017e-02  1.000000e-50 
1.595251e-02  5.268039e-02  1.780746e-02  2.411426e-03  2.235207e-01  1.000000e-50  1.743647e-02  1.000000e-50  3.654239e-02  3.153404e-02  7.698015e-02  1.984789e-02  1.000000e-50  1.317010e-02  1.000000e-50  2.398442e-01  1.000000e-50  1.000000e-50  2.522723e-01  1.000000e-50 
1.000000e-50  5.669810e-02  1.908306e-01  1.499830e-02  1.086808e-01  1.000000e-50  3.880241e-02  1.000000e-50  6.101579e-02  1.869106e-02  6.004999e-02  7.305988e-02  8.527440e-02  8.879673e-02  1.380525e-02  7.101466e-02  1.874787e-03  1.000000e-50  1.164072e-01  1.000000e-50 
3.236599e-01  8.096118e-02  1.000000e-50  6.913124e-02  1.700555e-02  1.000000e-50  1.000000e-50  1.000000e-50  1.441774e-02  6.469501e-03  1.000000e-50  1.000000e-50  2.310536e-02  7.948244e-03  3.639556e-01  9.334566e-02  1.000000e-50  1.000000e-50  1.000000e-50  1.000000e-50 
1.000000e-50  3.711855e-02  2.030813e-01  4.764737e-02  1.380644e-01  1.000000e-50  1.968949e-02  6.543335e-04  7.239308e-02  2.694664e-02  1.832134e-02  4.134198e-02  9.160669e-02  1.112367e-02  2.302064e-02  1.218250e-01  1.000000e-50  1.000000e-50  1.471655e-01  1.000000e-50 
2.107276e-01  1.000000e-50  1.000000e-50  6.362188e-02  1.000000e-50  5.533723e-02  1.000000e-50  2.336697e-03  1.000000e-50  1.000000e-50  1.000000e-50  1.000000e-50  1.000000e-50  1.000000e-50  1.000000e-50  1.000000e-50  1.000000e-50  3.328731e-01  1.000000e-50  3.351036e-01 
3.925845e-03  3.358779e-02  1.175573e-01  1.308615e-02  1.533261e-01  1.000000e-50  6.892039e-02  1.000000e-50  1.592148e-02  1.526718e-02  5.561614e-02  6.848419e-02  2.813522e-02  1.188659e-01  2.966194e-02  8.789531e-02  1.962923e-03  1.000000e-50  1.877863e-01  1.000000e-50 
1.000000e-50  1.000000e-50  1.000000e-50  1.000000e-50  1.000000e-50  1.382658e-01  1.000000e-50  8.477433e-01  1.000000e-50  4.232119e-04  1.000000e-50  1.000000e-50  1.000000e-50  1.000000e-50  1.000000e-50  1.000000e-50  1.000000e-50  1.000000e-50  1.000000e-50  1.356768e-02 
3.049327e-01  9.436537e-02  1.000000e-50  4.287385e-01  2.183662e-02  4.679275e-03  1.000000e-50  1.000000e-50  5.478651e-02  2.729577e-03  1.000000e-50  1.000000e-50  1.052837e-02  1.000000e-50  6.356015e-02  1.000000e-50  1.000000e-50  1.000000e-50  1.384285e-02  1.000000e-50 
4.195804e-02  2.360140e-02  1.110140e-01  3.868007e-02  1.158217e-01  1.000000e-50  1.835664e-02  7.648601e-03  3.365385e-02  6.162587e-02  9.287587e-02  8.697552e-02  5.900350e-02  7.648601e-03  5.069930e-02  1.274038e-01  1.000000e-50  1.000000e-50  1.230332e-01  1.000000e-50 
1.000000e-50  9.018798e-03  4.493100e-02  5.813322e-03  2.129740e-02  1.000000e-50  1.581006e-02  1.000000e-50  2.281865e-03  2.450288e-02  4.451266e-01  3.742258e-01  1.000000e-50  1.684233e-03  8.747148e-03  9.833750e-03  5.052700e-03  1.000000e-50  3.167445e-02  1.000000e-50 
1.000000e-50  1.563109e-02  4.880331e-02  3.391284e-03  4.615265e-02  1.000000e-50  1.637172e-02  1.000000e-50  9.004444e-03  1.824277e-02  1.674982e-01  5.533250e-01  1.000000e-50  1.715132e-03  1.091448e-02  2.440165e-02  4.895923e-02  1.000000e-50  3.558899e-02  1.000000e-50 
1.000000e-50  1.000000e-50  1.000000e-50  1.000000e-50  1.000000e-50  1.129621e-01  1.000000e-50  4.435190e-01  1.000000e-50  1.000000e-50  1.000000e-50  1.000000e-50  2.899413e-01  1.000000e-50  1.000000e-50  2.617801e-03  1.000000e-50  1.412026e-02  1.000000e-50  1.368396e-01 
6.019417e-03  3.805825e-02  2.275728e-01  9.902913e-03  2.099029e-01  1.000000e-50  1.106796e-02  1.864078e-02  5.436893e-03  1.378641e-02  8.485437e-02  1.000000e-50  1.242718e-02  8.543689e-03  2.834951e-02  8.893204e-02  1.000000e-50  1.000000e-50  2.365049e-01  1.000000e-50 
3.141361e-03  2.513089e-02  1.853403e-01  2.366492e-02  1.600000e-01  1.000000e-50  3.329843e-02  1.654450e-02  6.178010e-02  4.732984e-02  3.832461e-02  5.507853e-02  5.193717e-02  5.801047e-02  2.534031e-02  4.188482e-03  1.000000e-50  1.000000e-50  2.108901e-01  1.000000e-50 
8.643309e-03  2.099089e-02  4.483717e-02  4.939034e-03  1.468591e-01  1.000000e-50  4.946751e-02  1.000000e-50  3.171786e-02  5.911406e-02  6.304985e-02  1.828986e-02  5.378916e-02  3.372434e-02  8.257447e-03  2.259608e-01  1.000000e-50  1.000000e-50  2.212533e-01  9.106344e-03 
1.000000e-50  2.066116e-03  1.000000e-50  1.000000e-50  3.443526e-03  1.000000e-50  4.820937e-03  1.000000e-50  1.000000e-50  9.022039e-02  7.830579e-01  7.713499e-02  1.000000e-50  1.000000e-50  1.000000e-50  1.000000e-50  3.925620e-02  1.000000e-50  1.000000e-50  1.000000e-50 
1.000000e-50  1.000000e-50  6.316653e-02  1.000000e-50  1.499590e-01  2.461034e-02  6.283839e-02  1.000000e-50  4.019688e-02  4.593929e-02  4.922067e-03  1.000000e-50  5.906481e-02  9.466776e-02  1.000000e-50  1.360131e-01  1.000000e-50  2.854799e-01  3.314192e-02  1.000000e-50 
4.267508e-03  6.225886e-02  2.186952e-01  2.975564e-02  1.448030e-01  1.000000e-50  1.905764e-02  1.613469e-02  3.735531e-02  4.150590e-02  4.407810e-02  5.758213e-02  6.260961e-02  6.021279e-03  2.069449e-02  8.178417e-02  1.000000e-50  1.000000e-50  1.533965e-01  1.000000e-50 
1.000000e-50  1.000000e-50  1.000000e-50  1.000000e-50  8.882815e-03  2.956953e-01  1.000000e-50  1.000000e-50  1.000000e-50  1.000000e-50  1.000000e-50  3.416467e-04  4.390161e-01  1.000000e-50  1.000000e-50  5.466348e-03  1.000000e-50  1.966177e-01  1.000000e-50  5.398018e-02 


#DOUBLE_1x20_DISCRETE_HIDDEN_DOMINANT-EIGENVECTOR
2.593373e-02  2.385887e-02  7.825138e-02  2.421970e-02  7.514930e-02  4.163461e-02  2.062080e-02  1.777210e-01  2.284745e-02  2.049455e-02  8.111778e-02  1.139483e-01  5.580413e-02  2.318256e-02  2.127037e-02  5.823096e-02  6.428213e-03  2.763418e-02  7.572276e-02  2.592932e-02  

#DOUBLE_20x20_DISCRETE_AA_EMISSION
9.194215e-02  1.170799e-02  1.306818e-01  7.575758e-02  3.426309e-02  4.769284e-02  2.840909e-02  1.033058e-02  5.681818e-02  9.831267e-02  2.462121e-02  9.624656e-02  1.000000e-50  5.027548e-02  5.647383e-02  8.505510e-02  4.183884e-02  1.394628e-02  1.188017e-02  3.374656e-02 
9.975715e-02  1.008780e-02  9.490006e-02  9.415281e-02  1.924155e-02  2.839529e-02  2.054922e-02  2.671399e-02  8.892210e-02  7.584532e-02  1.419765e-02  2.465907e-02  1.184383e-01  3.661498e-02  5.604334e-02  8.481225e-02  4.801046e-02  4.053802e-02  1.000000e-50  1.812068e-02 
1.008629e-01  1.294408e-02  4.897456e-02  5.160820e-02  2.151743e-02  3.591841e-02  1.496134e-02  1.490530e-02  5.037543e-02  6.158243e-02  1.709066e-02  1.815533e-02  2.973776e-01  2.527177e-02  3.810378e-02  8.522918e-02  4.869439e-02  2.577608e-02  9.638014e-03  2.101311e-02 
1.040782e-01  1.162576e-02  7.824322e-02  1.044473e-01  2.251338e-02  4.964016e-02  3.118657e-02  1.900720e-02  7.233807e-02  4.336593e-02  1.365566e-02  3.912161e-02  1.081380e-01  4.133604e-02  4.594944e-02  1.195793e-01  4.262779e-02  2.048348e-02  1.347112e-02  1.919173e-02 
4.372579e-02  2.488555e-02  1.375161e-01  5.041672e-02  4.460617e-02  7.395234e-03  3.122432e-02  8.721681e-02  5.522949e-02  8.304965e-02  1.801855e-02  1.037680e-01  2.271393e-02  3.515671e-02  4.407794e-02  4.173025e-02  3.239817e-02  8.733419e-02  1.232539e-02  3.721094e-02 
1.474352e-01  1.152829e-02  5.774722e-02  1.056584e-01  2.020095e-02  2.887361e-02  1.322052e-02  3.617134e-02  9.106293e-02  1.218403e-01  3.067160e-02  4.219989e-02  1.000000e-50  5.996827e-02  8.164992e-02  5.848757e-02  2.675833e-02  3.648863e-02  8.672660e-03  2.136436e-02 
5.383784e-02  1.556757e-02  1.232432e-01  5.686486e-02  2.810811e-02  1.117838e-01  3.654054e-02  4.108108e-03  8.886486e-02  3.178378e-02  1.621622e-02  2.246486e-01  1.000000e-50  4.951351e-02  5.859459e-02  4.886486e-02  8.864865e-03  5.837838e-03  1.059459e-02  2.616216e-02 
1.319349e-01  1.275504e-02  4.748262e-02  9.053088e-02  3.988441e-02  3.340724e-02  1.963080e-02  6.509554e-02  6.701378e-02  1.226925e-01  2.986971e-02  3.041778e-02  1.000000e-50  5.034752e-02  6.178222e-02  3.868862e-02  4.045739e-02  7.010289e-02  1.439924e-02  3.350689e-02 
1.208494e-01  9.652510e-03  3.861004e-02  7.297297e-02  2.509653e-02  3.108108e-02  1.235521e-02  4.073359e-02  6.621622e-02  7.857143e-02  1.737452e-02  1.602317e-02  2.148649e-01  2.992278e-02  4.749035e-02  5.366795e-02  2.837838e-02  4.922780e-02  2.162162e-02  2.528958e-02 
2.220785e-02  3.449763e-03  2.824493e-02  1.487710e-02  6.468305e-03  7.856835e-01  8.624407e-03  6.683915e-03  2.026736e-02  1.444588e-02  3.665373e-03  1.466149e-02  1.078051e-03  7.546356e-03  1.315222e-02  2.802932e-02  9.486848e-03  5.605865e-03  1.509271e-03  4.312204e-03 
9.982620e-02  2.373452e-02  1.938953e-02  4.915273e-02  7.582012e-02  6.131871e-02  2.590702e-02  5.458397e-02  4.660004e-02  4.698023e-02  2.286552e-02  1.629372e-02  1.000000e-50  3.421682e-02  5.605040e-02  8.706279e-02  9.189659e-02  9.797958e-02  2.096459e-02  6.935694e-02 
3.945278e-02  2.139286e-02  3.619734e-02  4.336705e-02  5.162190e-02  1.162656e-02  2.228423e-02  1.355269e-01  4.856024e-02  1.400612e-01  1.976514e-02  3.166298e-02  1.461070e-02  2.677983e-02  4.309576e-02  2.484207e-02  5.507112e-02  1.723055e-01  1.771112e-02  4.406464e-02 
8.851030e-02  8.637084e-03  5.285261e-02  9.183835e-02  3.462758e-02  4.136292e-02  2.012678e-02  5.396197e-02  5.673534e-02  9.587956e-02  1.917591e-02  2.519810e-02  1.212361e-01  3.613312e-02  4.738510e-02  5.023772e-02  3.795563e-02  5.950872e-02  2.123613e-02  3.740095e-02 
4.240555e-03  2.505783e-03  7.131843e-03  5.589823e-03  6.360833e-03  9.284888e-01  5.011565e-03  1.000000e-50  4.240555e-03  3.469545e-03  2.505783e-03  1.233616e-02  1.000000e-50  7.710100e-04  2.120278e-03  5.589823e-03  5.204318e-03  1.000000e-50  2.313030e-03  2.120278e-03 
3.295572e-02  1.071061e-02  1.116375e-01  4.263646e-02  5.478888e-02  2.451081e-02  3.707518e-02  2.718847e-02  6.220391e-02  8.712667e-02  1.812564e-02  1.064882e-01  1.000000e-50  5.746653e-02  5.540680e-02  5.973223e-02  1.095778e-01  2.924820e-02  1.833162e-02  5.478888e-02 
5.263558e-02  2.468479e-02  7.724442e-02  6.843384e-02  3.539420e-02  6.197782e-02  2.817864e-02  3.706517e-02  7.656084e-02  7.094030e-02  1.541850e-02  5.400273e-02  4.997721e-02  3.243202e-02  5.172414e-02  7.405438e-02  9.213125e-02  4.997721e-02  1.602613e-02  3.114082e-02 
6.611570e-02  9.641873e-03  5.716253e-02  4.889807e-02  2.479339e-02  2.548209e-02  2.479339e-02  9.435262e-02  5.647383e-02  1.439394e-01  2.272727e-02  3.236915e-02  2.410468e-02  2.823691e-02  4.338843e-02  5.785124e-02  6.887052e-02  1.425620e-01  1.033058e-02  1.790634e-02 
8.559871e-02  2.071197e-02  3.592233e-02  7.491909e-02  5.776699e-02  1.779935e-02  3.171521e-02  4.385113e-02  7.475728e-02  1.370550e-01  2.831715e-02  5.097087e-02  1.000000e-50  4.207120e-02  6.132686e-02  5.970874e-02  6.844660e-02  4.951456e-02  1.375405e-02  4.579288e-02 
5.740794e-02  2.162946e-02  4.540447e-02  5.294288e-02  4.523050e-02  8.344448e-02  3.102349e-02  3.311105e-02  5.729197e-02  5.792983e-02  1.751232e-02  4.366483e-02  1.000000e-50  4.088141e-02  5.329081e-02  1.108727e-01  1.261815e-01  6.587417e-02  1.414903e-02  4.215715e-02 
7.964153e-02  9.469056e-03  3.669259e-02  1.036524e-01  4.548529e-02  2.840717e-02  2.248901e-02  9.316875e-02  7.456882e-02  1.283395e-01  2.417991e-02  2.265810e-02  1.000000e-50  5.512344e-02  5.968887e-02  2.722354e-02  4.210348e-02  9.249239e-02  1.707812e-02  3.753805e-02 


#DOUBLE_20x3_DISCRETE_SS_EMISSION
1.546658e-03  1.000000e-50  9.984533e-01 
1.000000e-50  1.000000e-50  1.000000e+00 
2.240143e-04  7.106855e-02  9.287074e-01 
1.000000e-50  1.000000e-50  1.000000e+00 
9.362748e-04  1.427819e-02  9.847855e-01 
1.000000e+00  1.000000e-50  1.000000e-50 
3.674881e-03  3.458712e-02  9.617380e-01 
1.000000e+00  1.000000e-50  1.000000e-50 
1.000000e-50  1.000000e-50  1.000000e+00 
2.048297e-02  1.655886e-01  8.139284e-01 
1.000000e-50  1.000000e+00  1.000000e-50 
1.000000e-50  1.000000e+00  1.000000e-50 
1.000000e+00  1.000000e-50  1.000000e-50 
1.000000e-50  3.856537e-03  9.961435e-01 
1.000000e-50  5.616809e-03  9.943832e-01 
6.563382e-03  1.000000e-50  9.934366e-01 
1.000000e-50  1.000000e+00  1.000000e-50 
1.000000e+00  1.000000e-50  1.000000e-50 
1.000000e-50  4.070004e-03  9.959300e-01 
1.000000e+00  1.000000e-50  1.000000e-50 


#DOUBLE_20x2_DISCRETE_CIS_EMISSION
1.000000e+00  1.000000e-50 
1.000000e+00  1.000000e-50 
9.820533e-01  1.794672e-02 
1.000000e+00  1.000000e-50 
9.990556e-01  9.443985e-04 
1.000000e+00  1.000000e-50 
1.000000e+00  1.000000e-50 
1.000000e+00  1.000000e-50 
1.000000e+00  1.000000e-50 
9.984933e-01  1.506672e-03 
1.000000e+00  1.000000e-50 
1.000000e+00  1.000000e-50 
1.000000e+00  1.000000e-50 
1.000000e+00  1.000000e-50 
1.000000e+00  1.000000e-50 
9.875342e-01  1.246580e-02 
9.979339e-01  2.066116e-03 
1.000000e+00  1.000000e-50 
9.993061e-01  6.938823e-04 
1.000000e+00  1.000000e-50 


#DOUBLE_20x3_TORUS_TORUS_KAPPA
8.844932e+01  7.638953e+01  3.301876e+01 
6.698102e+01  4.625144e+01  1.985810e+01 
5.870855e+01  3.902309e+01  1.574912e+01 
2.042548e+02  1.288513e+02  6.053093e+01 
4.188718e+00  3.468719e+00  -2.333102e+00 
1.388763e+02  9.502840e+01  3.686880e+01 
7.371715e+01  3.494022e+01  1.753271e+01 
2.878377e+02  2.376819e+02  8.474326e+01 
1.324333e+02  9.020500e+01  3.915589e+01 
3.605741e+00  3.861916e+00  6.216001e-01 
1.696727e+01  1.954542e+01  4.493344e+00 
8.082383e+00  1.351684e+01  -1.197117e+00 
9.341793e+01  7.212404e+01  2.836812e+01 
2.978835e+01  2.329151e+01  8.680688e+00 
4.695468e+01  3.858942e+01  1.581043e+01 
6.390436e+00  4.371000e+00  6.808946e-01 
1.271188e+01  1.115588e+01  2.565070e+00 
1.712004e+01  1.809403e+01  4.686418e+00 
4.457694e+00  8.100195e+00  -5.358360e-01 
1.181503e+02  1.035672e+02  4.302041e+01 


#DOUBLE_20x2_TORUS_TORUS_MU
-1.541259e+00  1.122010e-02 
-1.242203e+00  -5.244762e-01 
-1.163991e+00  2.546936e+00 
-1.142973e+00  -2.995572e-01 
-1.665147e+00  1.982830e+00 
-1.112017e+00  -5.559499e-01 
9.923217e-01  6.822416e-01 
-1.108048e+00  -7.368645e-01 
-9.814516e-01  -5.774064e-01 
1.725223e+00  -2.856297e+00 
-2.375793e+00  2.613109e+00 
-1.867189e+00  2.220398e+00 
-1.010571e+00  -7.025099e-01 
1.501750e+00  7.443196e-02 
-1.841086e+00  1.124094e-01 
-1.713696e+00  -2.755222e-01 
-1.652767e+00  -5.022868e-01 
-1.518391e+00  -4.259829e-01 
-2.150427e+00  2.753649e+00 
-1.244485e+00  -8.186068e-01 


