#DOUBLE_1x35_DISCRETE_HIDDEN_START
1.000000e-50  2.279006e-02  1.726519e-02  5.524862e-02  6.353591e-02  4.972376e-02  1.000000e-50  1.000000e-50  1.588398e-02  1.000000e-50  8.701657e-02  1.000000e-50  6.906077e-03  1.000000e-50  1.712707e-01  6.698895e-02  5.524862e-03  1.000000e-50  1.000000e-50  9.668508e-02  1.000000e-50  1.381215e-02  3.522099e-02  7.734807e-02  2.209945e-02  2.555249e-02  1.000000e-50  2.831492e-02  2.624309e-02  1.000000e-50  5.455801e-02  4.972376e-02  1.000000e-50  8.287293e-03  1.000000e-50  

#DOUBLE_35x35_DISCRETE_HIDDEN_TRANSITION
8.747045e-02  1.000000e-50  4.074074e-01  1.000000e-50  1.000000e-50  1.000000e-50  1.000000e-50  1.000000e-50  9.062254e-03  1.000000e-50  6.205674e-02  2.186761e-02  5.910165e-03  1.000000e-50  7.092199e-03  1.851852e-02  1.970055e-04  2.955083e-03  1.000000e-50  1.000000e-50  1.000000e-50  4.531127e-03  1.182033e-03  1.000000e-50  1.000000e-50  5.319149e-03  1.000000e-50  1.000000e-50  1.243105e-01  1.000000e-50  1.000000e-50  1.221434e-02  2.171001e-01  5.319149e-03  7.486210e-03 
1.092437e-02  3.260504e-02  5.042017e-03  1.642017e-01  1.000000e-50  3.025210e-02  1.000000e-50  1.216807e-01  5.378151e-03  1.000000e-50  5.226891e-02  1.000000e-50  1.000000e-50  1.623529e-01  8.000000e-02  2.806723e-02  1.000000e-50  1.000000e-50  7.277311e-02  3.495798e-02  1.000000e-50  4.033613e-03  1.000000e-50  1.848739e-02  1.000000e-50  1.000000e-50  1.176471e-02  1.000000e-50  1.000000e-50  1.000000e-50  1.652101e-01  1.000000e-50  1.000000e-50  1.000000e-50  1.000000e-50 
1.000000e-50  2.638690e-02  1.000000e-50  1.859800e-02  1.000000e-50  2.368463e-02  1.000000e-50  1.000000e-50  2.543316e-03  3.814974e-03  1.076141e-01  1.239866e-02  7.089493e-02  1.000000e-50  1.951995e-01  7.168972e-02  2.956605e-02  7.153076e-03  1.000000e-50  1.448100e-01  1.000000e-50  5.166110e-02  4.911779e-02  9.378477e-03  1.000000e-50  1.875695e-02  1.000000e-50  1.000000e-50  8.186298e-02  1.000000e-50  1.382928e-02  3.481164e-02  1.589572e-04  8.901605e-03  1.716738e-02 
1.000000e-50  5.657568e-02  1.000000e-50  4.370082e-01  1.417937e-04  1.942574e-02  1.000000e-50  1.975186e-01  1.000000e-50  1.000000e-50  1.000000e-50  1.000000e-50  1.000000e-50  3.757533e-03  1.084722e-02  1.985112e-03  5.459057e-03  1.000000e-50  1.000000e-50  2.339596e-03  1.000000e-50  4.891882e-03  1.417937e-04  4.820985e-03  1.000000e-50  1.000000e-50  2.516838e-02  1.000000e-50  1.000000e-50  1.000000e-50  2.299185e-01  1.000000e-50  1.000000e-50  1.000000e-50  1.000000e-50 
1.000000e-50  1.682070e-02  1.072089e-02  5.304991e-02  5.526802e-02  3.733826e-02  1.000000e-50  9.611830e-03  1.000000e-50  1.000000e-50  3.179298e-02  6.358595e-02  5.582255e-02  1.848429e-04  1.301294e-01  4.565619e-02  1.663586e-02  5.046211e-02  1.792976e-02  1.256932e-01  1.000000e-50  3.696858e-02  1.238447e-02  4.879852e-02  1.000000e-50  9.611830e-03  1.000000e-50  2.402957e-02  1.589649e-02  1.000000e-50  2.772643e-02  6.561922e-02  1.000000e-50  1.219963e-02  2.606285e-02 
8.459549e-02  6.095308e-03  3.768009e-02  2.585888e-02  4.155892e-02  2.899889e-02  1.000000e-50  1.847063e-03  1.939416e-02  3.694126e-03  4.414481e-02  4.229775e-02  1.000000e-50  1.000000e-50  4.026598e-02  1.773181e-02  1.219062e-02  9.789435e-03  2.826007e-02  9.235316e-02  1.000000e-50  1.588474e-02  1.606945e-02  4.377540e-02  7.923901e-02  1.126709e-02  1.000000e-50  4.876247e-02  2.585888e-02  1.000000e-50  1.514592e-02  1.640192e-01  1.000000e-50  3.343184e-02  9.789435e-03 
1.000000e-50  1.000000e-50  1.000000e-50  3.495392e-03  1.000000e-50  1.525262e-02  3.462027e-01  1.000000e-50  2.843978e-02  2.748650e-02  1.062917e-01  2.303781e-02  3.447728e-02  1.000000e-50  4.655227e-02  2.653321e-02  1.000000e-50  1.000000e-50  1.000000e-50  5.703845e-02  1.000000e-50  3.225294e-02  6.037496e-02  8.897363e-03  1.000000e-50  3.034636e-02  1.000000e-50  1.000000e-50  1.000000e-50  3.527169e-02  1.000000e-50  7.181443e-02  5.243089e-03  2.081347e-02  2.017795e-02 
1.000000e-50  2.000000e-01  2.957746e-03  1.000000e-50  3.014085e-02  3.704225e-02  1.000000e-50  2.780282e-01  1.000000e-50  1.000000e-50  2.830986e-02  6.619718e-03  1.000000e-50  2.647887e-02  3.028169e-02  2.380282e-02  2.140845e-02  1.000000e-50  1.000000e-50  1.788732e-02  1.000000e-50  4.661972e-02  2.253521e-02  2.070423e-02  1.000000e-50  3.957746e-02  2.661972e-02  6.197183e-03  2.549296e-02  1.000000e-50  7.901408e-02  1.000000e-50  1.000000e-50  2.225352e-02  8.028169e-03 
3.540843e-02  1.000000e-50  1.000000e-50  1.000000e-50  1.000000e-50  1.000000e-50  9.346179e-02  1.000000e-50  6.027668e-02  5.772398e-01  1.000000e-50  1.000000e-50  1.000000e-50  1.000000e-50  1.000000e-50  5.764163e-04  3.293808e-04  1.000000e-50  1.000000e-50  1.000000e-50  1.255764e-01  1.000000e-50  2.635046e-03  1.000000e-50  1.000000e-50  1.000000e-50  1.000000e-50  1.000000e-50  1.000000e-50  9.379117e-02  1.000000e-50  1.000000e-50  1.070487e-02  1.000000e-50  1.000000e-50 
1.000000e-50  1.000000e-50  1.000000e-50  1.000000e-50  1.000000e-50  1.000000e-50  9.269521e-02  1.000000e-50  2.992443e-01  5.763224e-02  3.324937e-03  1.000000e-50  1.000000e-50  1.000000e-50  1.000000e-50  1.000000e-50  1.813602e-03  1.000000e-50  1.000000e-50  1.000000e-50  1.000000e-50  1.000000e-50  4.231738e-03  1.000000e-50  3.407557e-01  1.000000e-50  1.000000e-50  1.000000e-50  1.000000e-50  4.906801e-02  1.000000e-50  1.501259e-01  1.000000e-50  1.000000e-50  1.108312e-03 
6.175772e-03  9.263658e-03  2.042755e-02  8.788599e-03  3.325416e-03  2.482185e-02  1.021378e-02  1.000000e-50  6.413302e-03  1.223278e-02  1.992874e-01  2.161520e-02  2.577197e-02  1.000000e-50  1.148456e-01  7.695962e-02  2.410926e-02  1.000000e-50  9.263658e-03  3.610451e-02  1.000000e-50  5.142518e-02  4.869359e-02  1.046318e-01  1.000000e-50  4.026128e-02  1.000000e-50  1.000000e-50  3.123515e-02  1.000000e-50  1.900238e-02  5.320665e-02  9.976247e-03  3.194774e-02  1.000000e-50 
5.613523e-01  1.000000e-50  1.777963e-01  1.000000e-50  1.000000e-50  1.000000e-50  1.000000e-50  1.000000e-50  5.425710e-03  1.000000e-50  1.000000e-50  6.302170e-02  1.000000e-50  1.000000e-50  1.000000e-50  1.000000e-50  1.000000e-50  1.000000e-50  1.000000e-50  1.000000e-50  8.764608e-03  1.000000e-50  1.000000e-50  1.000000e-50  1.000000e-50  1.000000e-50  1.000000e-50  1.000000e-50  9.181970e-03  1.000000e-50  1.000000e-50  1.000000e-50  1.744574e-01  1.000000e-50  1.000000e-50 
8.045679e-03  1.868674e-02  2.725149e-02  1.000000e-50  1.000000e-50  6.202959e-02  1.000000e-50  4.490008e-02  1.000000e-50  2.076304e-03  3.711394e-02  7.007527e-03  1.000000e-50  5.190760e-04  3.885284e-01  3.192318e-02  1.000000e-50  4.412146e-02  1.000000e-50  1.712951e-01  1.000000e-50  7.007527e-03  8.824293e-03  1.998443e-02  1.427459e-02  3.114456e-03  1.000000e-50  1.000000e-50  2.777057e-02  1.000000e-50  6.202959e-02  4.152608e-03  6.228913e-03  3.114456e-03  1.000000e-50 
1.000000e-50  2.243126e-02  1.000000e-50  2.098408e-02  1.000000e-50  1.000000e-50  1.000000e-50  4.124457e-02  1.000000e-50  1.000000e-50  1.000000e-50  1.000000e-50  1.000000e-50  2.026049e-02  1.000000e-50  1.000000e-50  1.179450e-01  1.000000e-50  7.264834e-01  1.000000e-50  1.000000e-50  3.617945e-03  1.000000e-50  1.000000e-50  1.000000e-50  6.512301e-03  1.000000e-50  1.000000e-50  1.000000e-50  1.000000e-50  4.052098e-02  1.000000e-50  1.000000e-50  1.000000e-50  1.000000e-50 
1.000000e-50  3.698276e-02  2.651594e-03  3.754100e-02  1.538623e-01  9.106134e-02  1.000000e-50  1.081571e-02  1.000000e-50  1.000000e-50  2.993511e-02  9.699253e-03  1.535134e-03  1.000000e-50  1.629335e-01  1.124136e-01  1.521178e-02  5.058963e-02  4.116949e-03  8.610704e-02  1.000000e-50  2.058475e-02  2.037541e-02  5.575326e-02  1.000000e-50  1.158328e-02  1.000000e-50  8.443235e-03  2.044519e-02  1.000000e-50  3.384272e-02  4.744958e-03  1.000000e-50  1.046682e-02  8.303677e-03 
4.029082e-02  8.482278e-03  2.802181e-02  1.105726e-02  1.000000e-50  1.984247e-02  1.000000e-50  1.000000e-50  1.726749e-02  4.089670e-03  1.073917e-01  2.468949e-02  1.000000e-50  1.000000e-50  1.346562e-01  3.286883e-02  1.000000e-50  1.000000e-50  1.060285e-02  3.817025e-02  1.000000e-50  9.996971e-03  1.908513e-02  1.160254e-01  1.984247e-02  1.969100e-02  1.000000e-50  1.067858e-01  4.907604e-02  1.000000e-50  1.529839e-02  1.235989e-01  1.287489e-02  1.000000e-50  3.029385e-02 
2.051282e-02  9.145299e-02  1.837607e-02  9.230769e-02  4.017094e-02  5.341880e-02  1.000000e-50  1.880342e-02  4.743590e-02  4.700855e-03  6.324786e-02  2.478632e-02  1.000000e-50  2.564103e-03  6.282051e-02  4.188034e-02  2.435897e-02  1.000000e-50  8.205128e-02  6.495726e-02  1.000000e-50  1.000000e-50  1.666667e-02  5.213675e-02  3.974359e-02  1.000000e-50  1.000000e-50  1.000000e-50  1.000000e-50  1.000000e-50  1.153846e-01  1.000000e-50  1.000000e-50  2.222222e-02  1.000000e-50 
1.000000e-50  1.000000e-50  1.000000e-50  9.479825e-02  5.833738e-03  1.701507e-02  1.000000e-50  1.000000e-50  1.000000e-50  1.000000e-50  1.000000e-50  1.000000e-50  1.000000e-50  1.000000e-50  2.046670e-01  1.000000e-50  1.000000e-50  1.000000e-50  2.683520e-01  1.847351e-02  1.000000e-50  1.000000e-50  5.736509e-02  3.334954e-01  1.000000e-50  1.000000e-50  1.000000e-50  1.000000e-50  1.000000e-50  1.000000e-50  1.000000e-50  1.000000e-50  1.000000e-50  1.000000e-50  1.000000e-50 
6.051224e-03  9.949339e-02  7.036307e-03  2.918660e-01  8.162117e-03  1.801295e-02  1.000000e-50  6.783000e-02  1.000000e-50  1.000000e-50  1.125809e-02  1.000000e-50  1.000000e-50  5.629046e-03  1.322826e-02  7.036307e-03  2.589361e-02  1.000000e-50  2.072896e-01  6.051224e-03  1.000000e-50  1.576133e-02  4.221784e-03  1.590205e-02  1.000000e-50  9.428652e-03  1.210245e-02  1.000000e-50  1.379116e-02  1.000000e-50  1.446665e-01  1.000000e-50  1.000000e-50  6.051224e-03  3.236701e-03 
1.000000e-50  2.523467e-02  2.560039e-02  4.132634e-02  1.084969e-01  4.413020e-02  1.000000e-50  7.802024e-03  1.000000e-50  1.000000e-50  2.401560e-02  8.167744e-03  1.126417e-01  1.000000e-50  9.728148e-02  5.961234e-02  1.243448e-02  3.840059e-02  1.340973e-02  3.193953e-02  1.000000e-50  5.107887e-02  1.694502e-02  5.888090e-02  1.000000e-50  1.219066e-03  1.000000e-50  7.107156e-02  4.376448e-02  1.000000e-50  2.876996e-02  3.486529e-02  1.000000e-50  1.121541e-02  3.169572e-02 
1.000000e-50  1.000000e-50  1.000000e-50  1.000000e-50  1.000000e-50  1.561483e-02  1.000000e-50  1.236174e-02  1.000000e-50  1.000000e-50  2.602472e-02  1.000000e-50  3.734548e-01  1.000000e-50  1.756669e-02  3.578399e-02  1.000000e-50  1.000000e-50  1.000000e-50  8.067664e-02  1.000000e-50  2.973325e-01  1.821731e-02  1.000000e-50  1.000000e-50  1.000000e-50  1.000000e-50  1.000000e-50  5.855563e-02  1.000000e-50  1.000000e-50  1.106051e-02  1.000000e-50  1.236174e-02  4.098894e-02 
1.785714e-02  3.477444e-02  1.879699e-02  2.890038e-02  2.678571e-02  3.289474e-02  1.000000e-50  1.000000e-50  1.000000e-50  1.409774e-03  5.662594e-02  1.268797e-02  1.148966e-01  2.114662e-03  2.149906e-01  4.793233e-02  8.458647e-03  2.326128e-02  1.000000e-50  5.662594e-02  1.000000e-50  6.625940e-02  2.420113e-02  4.934211e-02  8.458647e-03  3.994361e-03  1.000000e-50  8.223684e-03  3.665414e-02  1.000000e-50  6.273496e-02  1.879699e-02  4.464286e-03  1.000000e-50  1.785714e-02 
3.590664e-03  1.585877e-02  1.555955e-02  8.378217e-03  1.828247e-01  1.496110e-02  1.000000e-50  1.000000e-50  1.000000e-50  1.000000e-50  6.313585e-02  1.000000e-50  1.000000e-50  1.000000e-50  7.211251e-02  5.565530e-02  1.000000e-50  1.000000e-50  5.685218e-03  2.752843e-02  1.000000e-50  7.779773e-03  2.423698e-02  3.770197e-02  1.000000e-50  2.543387e-02  1.000000e-50  2.582286e-01  1.795332e-02  1.000000e-50  1.346499e-02  1.140036e-01  7.480551e-03  9.575105e-03  1.885099e-02 
3.370041e-02  1.180841e-02  3.940560e-02  3.104684e-02  5.346955e-02  3.383309e-02  1.000000e-50  6.899297e-03  8.624121e-03  3.316970e-03  4.988722e-02  2.520897e-02  4.245721e-03  1.000000e-50  1.126443e-01  5.837867e-02  2.029985e-02  2.083057e-02  1.419663e-02  8.173013e-02  1.000000e-50  1.565610e-02  2.507629e-02  7.761709e-02  2.149396e-02  3.449648e-02  1.000000e-50  5.293884e-02  5.041794e-02  1.000000e-50  2.083057e-02  6.156296e-02  1.000000e-50  2.136128e-02  9.022157e-03 
1.000000e-50  1.000000e-50  1.000000e-50  1.000000e-50  1.000000e-50  1.000000e-50  5.417820e-03  1.000000e-50  1.561157e-01  1.339733e-02  1.000000e-50  1.000000e-50  1.000000e-50  1.000000e-50  1.000000e-50  1.000000e-50  1.000000e-50  1.000000e-50  1.000000e-50  1.000000e-50  1.000000e-50  1.000000e-50  1.000000e-50  1.000000e-50  7.984512e-01  1.000000e-50  1.000000e-50  1.000000e-50  1.000000e-50  2.661798e-02  1.000000e-50  1.000000e-50  1.000000e-50  1.000000e-50  1.000000e-50 
5.689964e-02  8.960573e-03  1.142473e-01  1.792115e-02  4.345878e-02  2.643369e-02  1.000000e-50  1.000000e-50  1.000000e-50  1.000000e-50  9.139785e-02  1.000000e-50  1.000000e-50  1.000000e-50  1.084229e-01  6.675627e-02  1.478495e-02  1.000000e-50  3.046595e-02  1.000000e-50  1.000000e-50  2.284946e-02  3.270609e-02  6.137993e-02  1.000000e-50  4.883513e-02  1.000000e-50  4.480287e-02  1.393369e-01  1.000000e-50  1.000000e-50  2.777778e-02  1.000000e-50  1.120072e-02  3.136201e-02 
3.210464e-02  1.000000e-50  1.664685e-01  1.000000e-50  1.000000e-50  1.000000e-50  1.000000e-50  1.000000e-50  5.588585e-02  7.134364e-03  1.000000e-50  1.000000e-50  1.000000e-50  1.000000e-50  2.259215e-02  1.000000e-50  1.664685e-02  1.000000e-50  1.000000e-50  1.000000e-50  1.000000e-50  1.000000e-50  1.000000e-50  1.000000e-50  1.000000e-50  1.000000e-50  1.000000e-50  4.637337e-01  1.379310e-01  1.000000e-50  1.000000e-50  1.000000e-50  9.750297e-02  1.000000e-50  1.000000e-50 
1.936647e-01  2.575328e-03  2.856039e-01  1.000000e-50  1.000000e-50  3.090394e-03  1.000000e-50  1.000000e-50  1.000000e-50  1.000000e-50  8.833376e-02  8.241051e-03  1.000000e-50  1.000000e-50  3.682720e-02  3.759979e-02  1.000000e-50  1.000000e-50  8.241051e-03  1.000000e-50  2.317796e-03  1.000000e-50  1.776977e-02  6.670100e-02  1.000000e-50  1.339171e-02  1.000000e-50  1.000000e-50  4.326552e-02  1.000000e-50  1.081638e-02  1.416431e-02  7.725985e-02  9.013649e-02  1.000000e-50 
2.136210e-02  8.460237e-03  2.051607e-02  4.610829e-02  1.000000e-50  8.121827e-02  1.000000e-50  1.000000e-50  1.000000e-50  1.000000e-50  1.945854e-02  2.813029e-02  1.692047e-02  1.000000e-50  1.017343e-01  5.520305e-02  3.066836e-02  1.205584e-02  3.066836e-02  1.180203e-01  1.000000e-50  2.664975e-02  1.755499e-02  1.609560e-01  1.797800e-02  3.024535e-02  1.000000e-50  1.000000e-50  3.870558e-02  1.000000e-50  2.982234e-02  2.009306e-02  1.000000e-50  1.036379e-02  5.710660e-02 
7.551241e-02  1.000000e-50  9.960446e-02  1.000000e-50  1.000000e-50  1.000000e-50  5.444085e-01  1.000000e-50  1.000000e-50  1.000000e-50  1.000000e-50  1.000000e-50  2.409205e-02  1.000000e-50  3.236246e-03  2.876663e-02  1.186624e-02  1.000000e-50  1.000000e-50  1.000000e-50  1.000000e-50  1.366415e-02  1.000000e-50  1.000000e-50  1.000000e-50  1.000000e-50  1.000000e-50  1.000000e-50  1.000000e-50  1.000000e-50  1.000000e-50  1.000000e-50  1.596548e-01  1.000000e-50  3.919453e-02 
5.960800e-03  9.729238e-02  2.222671e-03  2.103455e-01  1.182057e-02  3.546171e-02  1.000000e-50  5.718327e-02  1.000000e-50  1.000000e-50  1.000000e-50  1.000000e-50  4.546373e-03  9.193777e-03  1.333603e-02  7.678319e-03  2.808648e-02  1.485149e-02  2.457062e-01  9.193777e-03  1.000000e-50  1.626591e-02  1.343706e-02  2.535866e-02  1.000000e-50  3.232976e-03  1.485149e-02  6.364922e-03  1.404324e-02  1.000000e-50  1.535664e-01  1.000000e-50  1.000000e-50  1.000000e-50  1.000000e-50 
1.000000e-50  1.000000e-50  1.000000e-50  1.000000e-50  1.000000e-50  1.000000e-50  4.034216e-02  1.000000e-50  2.712981e-01  1.661080e-01  1.000000e-50  1.000000e-50  1.000000e-50  1.000000e-50  1.000000e-50  1.000000e-50  1.000000e-50  1.000000e-50  1.000000e-50  1.000000e-50  1.000000e-50  1.000000e-50  1.000000e-50  1.000000e-50  2.775402e-01  1.000000e-50  1.000000e-50  1.000000e-50  1.000000e-50  1.000000e-50  1.000000e-50  2.447116e-01  1.000000e-50  1.000000e-50  1.000000e-50 
3.841891e-02  2.216476e-03  1.329885e-02  1.440709e-02  1.000000e-50  4.248245e-02  1.000000e-50  1.000000e-50  1.000000e-50  1.000000e-50  2.548947e-02  8.902844e-02  1.348356e-01  1.000000e-50  1.359438e-01  3.878833e-02  1.736239e-02  1.000000e-50  1.000000e-50  1.425933e-01  1.000000e-50  1.337274e-01  2.659771e-02  1.000000e-50  2.216476e-02  1.000000e-50  1.000000e-50  1.000000e-50  1.440709e-02  1.000000e-50  2.585888e-03  7.831548e-02  1.000000e-50  1.994828e-02  7.388253e-03 
4.662973e-02  1.000000e-50  1.454294e-01  1.000000e-50  1.000000e-50  4.616805e-04  1.000000e-50  1.000000e-50  1.000000e-50  1.000000e-50  2.497692e-01  1.000000e-50  1.000000e-50  1.000000e-50  1.000000e-50  1.020314e-01  1.662050e-02  1.000000e-50  1.000000e-50  1.000000e-50  1.000000e-50  1.000000e-50  8.494922e-02  7.525392e-02  1.000000e-50  7.848569e-03  1.000000e-50  9.418283e-02  1.000000e-50  1.000000e-50  1.000000e-50  1.000000e-50  1.000000e-50  1.394275e-01  3.739612e-02 
2.233503e-02  2.081218e-02  8.121827e-03  1.573604e-02  6.598985e-03  5.431472e-02  1.000000e-50  1.000000e-50  1.000000e-50  2.335025e-02  1.654822e-01  1.000000e-50  1.827411e-02  1.000000e-50  1.822335e-01  5.329949e-02  3.197970e-02  1.000000e-50  1.000000e-50  1.162437e-01  1.000000e-50  1.472081e-02  1.979695e-02  9.593909e-02  1.000000e-50  2.233503e-02  1.000000e-50  1.000000e-50  3.756345e-02  1.000000e-50  2.131980e-02  3.299492e-02  1.000000e-50  1.000000e-50  3.654822e-02 


#DOUBLE_1x35_DISCRETE_HIDDEN_DOMINANT-EIGENVECTOR
2.249838e-02  2.640158e-02  2.810067e-02  6.176469e-02  2.386008e-02  2.379034e-02  2.841329e-02  3.157394e-02  5.401417e-02  4.417894e-02  3.787947e-02  1.066041e-02  1.715317e-02  6.135557e-03  6.356664e-02  2.984126e-02  1.048540e-02  9.111362e-03  3.101813e-02  3.611025e-02  6.916661e-03  1.903482e-02  1.488617e-02  3.368708e-02  1.510004e-01  9.929268e-03  3.729898e-03  1.739592e-02  2.109125e-02  1.225534e-02  4.369190e-02  3.857502e-02  1.220543e-02  9.986155e-03  9.056937e-03  

#DOUBLE_35x20_DISCRETE_AA_EMISSION
1.223645e-01  1.201970e-02  8.039409e-02  1.146798e-01  2.246305e-02  4.827586e-02  3.211823e-02  1.832512e-02  7.546798e-02  5.615764e-02  1.517241e-02  4.019704e-02  2.719212e-02  4.748768e-02  5.517241e-02  1.288670e-01  4.866995e-02  1.931034e-02  1.615764e-02  1.950739e-02 
6.621194e-02  2.279155e-02  3.094327e-02  6.055565e-02  4.724671e-02  2.528697e-02  1.746798e-02  6.404924e-02  6.621194e-02  1.266012e-01  2.012976e-02  2.329063e-02  1.257694e-01  3.077691e-02  5.007486e-02  3.277325e-02  4.125769e-02  9.000166e-02  2.545334e-02  3.310597e-02 
7.308657e-02  1.239021e-02  1.414680e-01  8.218319e-02  2.650565e-02  5.316813e-02  2.305521e-02  6.900878e-03  6.273526e-02  7.857591e-02  1.552698e-02  6.148055e-02  4.438519e-02  4.893350e-02  4.846299e-02  1.127666e-01  6.540151e-02  5.803011e-03  1.286073e-02  2.430991e-02 
3.525323e-02  1.333522e-02  1.035608e-02  3.823237e-02  4.440346e-02  3.830331e-03  1.766208e-02  1.776848e-01  3.929635e-02  1.324301e-01  1.979004e-02  1.340616e-02  1.000000e-50  2.312385e-02  4.532558e-02  1.652717e-02  8.440914e-02  2.307419e-01  1.397361e-02  4.021847e-02 
3.690909e-02  1.000000e-50  1.818182e-03  3.036364e-02  1.000000e-50  1.000000e-50  1.000000e-50  1.000000e-50  2.800000e-02  1.000000e-50  1.000000e-50  2.727273e-03  8.787273e-01  1.000000e-50  1.690909e-02  4.545455e-03  1.000000e-50  1.000000e-50  1.000000e-50  1.000000e-50 
3.541284e-02  1.724771e-02  1.119266e-01  2.000000e-02  1.000000e-50  2.398165e-01  1.486239e-02  1.000000e-50  2.036697e-02  2.422018e-02  6.605505e-03  6.440367e-02  7.522936e-03  1.559633e-02  2.605505e-02  2.212844e-01  1.625688e-01  1.000000e-50  1.834862e-03  1.027523e-02 
6.958438e-02  2.424433e-02  3.479219e-02  7.950252e-02  6.171285e-02  1.527078e-02  3.290302e-02  5.210957e-02  7.572418e-02  1.242128e-01  2.644836e-02  5.022040e-02  1.000000e-50  4.171914e-02  6.454660e-02  5.195214e-02  7.163098e-02  5.840680e-02  1.542821e-02  4.959068e-02 
4.172501e-02  2.240269e-02  4.228507e-02  4.830580e-02  6.566788e-02  1.358163e-02  2.912349e-02  1.320358e-01  4.886586e-02  1.313358e-01  2.212265e-02  4.494539e-02  1.120134e-03  3.122375e-02  3.976477e-02  3.220386e-02  3.122375e-02  1.516382e-01  1.386166e-02  5.656679e-02 
1.349461e-01  1.341233e-02  6.105488e-02  1.080392e-01  2.172303e-02  3.011602e-02  1.736197e-02  3.702789e-02  8.631614e-02  1.116597e-01  2.921089e-02  5.192134e-02  9.215831e-03  5.381387e-02  7.693574e-02  5.167448e-02  2.863490e-02  3.875586e-02  1.324776e-02  2.493212e-02 
7.366944e-02  1.052421e-02  5.432495e-02  1.036384e-01  4.670743e-02  3.538138e-02  2.385487e-02  8.459457e-02  6.244362e-02  1.213792e-01  2.636063e-02  2.746317e-02  1.000000e-50  5.272126e-02  5.222011e-02  3.057031e-02  4.380074e-02  9.421670e-02  1.383181e-02  4.229728e-02 
6.221441e-02  3.151728e-02  5.131810e-02  7.299356e-02  3.866432e-02  6.912712e-02  2.659637e-02  5.166960e-02  7.393087e-02  8.576450e-02  1.909783e-02  4.405390e-02  2.179262e-02  3.104862e-02  5.190393e-02  6.971295e-02  8.388987e-02  6.244874e-02  1.710603e-02  3.514938e-02 
1.658312e-01  1.336675e-02  5.012531e-02  8.521303e-02  3.258145e-02  3.132832e-02  1.169591e-02  5.889724e-02  8.604845e-02  9.607352e-02  2.172097e-02  1.629073e-02  1.629073e-02  3.550543e-02  5.388471e-02  7.184628e-02  3.550543e-02  5.179616e-02  2.965748e-02  3.634085e-02 
2.332815e-03  2.073613e-03  5.702436e-03  4.406428e-03  1.000000e-50  9.613790e-01  3.110420e-03  1.000000e-50  1.000000e-50  1.000000e-50  1.000000e-50  1.140487e-02  1.000000e-50  1.000000e-50  1.000000e-50  3.110420e-03  6.480041e-03  1.000000e-50  1.000000e-50  1.000000e-50 
6.575145e-02  1.011561e-02  5.274566e-02  4.768786e-02  2.456647e-02  2.384393e-02  2.384393e-02  9.971098e-02  5.924855e-02  1.488439e-01  2.384393e-02  3.179191e-02  1.445087e-02  2.745665e-02  4.552023e-02  5.563584e-02  6.791908e-02  1.502890e-01  8.670520e-03  1.806358e-02 
4.897423e-02  1.968640e-02  5.249706e-03  6.368723e-02  5.539822e-02  3.108379e-03  2.113698e-02  1.222629e-01  8.744906e-02  1.326932e-01  2.583408e-02  1.533467e-02  1.000000e-50  5.394764e-02  5.201354e-02  2.023900e-02  6.541411e-02  1.479588e-01  1.630172e-02  4.331008e-02 
4.650133e-02  2.775317e-02  2.353115e-01  5.388249e-02  3.085326e-02  2.317685e-02  2.819604e-02  2.051963e-02  3.793918e-02  4.546797e-02  1.269560e-02  1.430469e-01  8.945970e-02  2.568645e-02  4.133451e-02  6.126366e-02  1.771479e-02  2.258636e-02  1.225273e-02  2.435784e-02 
4.248088e-03  1.000000e-50  1.146984e-02  1.000000e-50  1.000000e-50  9.587935e-01  3.823280e-03  1.000000e-50  1.000000e-50  1.000000e-50  1.000000e-50  4.248088e-03  1.000000e-50  1.000000e-50  1.000000e-50  1.741716e-02  1.000000e-50  1.000000e-50  1.000000e-50  1.000000e-50 
7.451923e-02  4.326923e-03  1.716346e-01  9.134615e-02  2.163462e-02  1.000000e-50  3.221154e-02  2.115385e-02  1.533654e-01  6.009615e-02  4.807692e-03  1.000000e-50  1.000000e-50  6.298077e-02  7.500000e-02  8.076923e-02  7.355769e-02  5.384615e-02  3.365385e-03  1.538462e-02 
1.527010e-01  2.381965e-02  2.991635e-02  6.281015e-02  9.045796e-02  6.465334e-02  3.601304e-02  1.956614e-02  4.593790e-02  4.154261e-02  3.204310e-02  2.240181e-02  1.000000e-50  4.012477e-02  5.969091e-02  1.026514e-01  4.763930e-02  3.771445e-02  2.098398e-02  6.933220e-02 
1.609447e-01  2.057463e-02  7.438520e-02  7.304602e-02  4.346238e-02  2.130509e-02  2.970538e-02  2.702703e-02  6.428050e-02  1.000730e-01  2.800097e-02  3.080107e-02  1.000000e-50  4.054054e-02  5.502800e-02  8.461164e-02  4.650597e-02  4.492330e-02  1.558315e-02  3.920136e-02 
1.637653e-01  1.031593e-02  2.192134e-02  6.834300e-02  3.030303e-02  2.772405e-02  2.965828e-02  1.676338e-02  8.252740e-02  1.824629e-01  3.932946e-02  5.609284e-02  1.000000e-50  4.835590e-02  7.156673e-02  6.769826e-02  2.321083e-02  2.192134e-02  7.092199e-03  3.094778e-02 
5.243533e-02  1.561408e-02  1.260778e-01  5.523188e-02  2.982988e-02  9.904451e-02  3.565602e-02  3.728735e-03  9.298532e-02  3.099511e-02  1.747844e-02  2.325798e-01  1.000000e-50  5.033792e-02  5.872757e-02  4.847355e-02  8.389653e-03  5.593102e-03  1.165230e-02  2.516896e-02 
5.629630e-02  2.340741e-02  1.585185e-01  4.325926e-02  5.540741e-02  2.162963e-02  5.600000e-02  2.607407e-02  5.096296e-02  4.829630e-02  1.925926e-02  1.481481e-01  1.000000e-50  3.200000e-02  6.133333e-02  5.896296e-02  3.674074e-02  3.496296e-02  1.214815e-02  5.659259e-02 
7.091550e-02  2.285490e-02  6.830351e-02  4.858300e-02  4.675460e-02  5.119498e-02  4.009403e-02  1.149275e-02  4.283662e-02  1.606373e-02  1.436594e-02  6.725872e-02  1.000000e-50  3.304166e-02  5.406817e-02  1.652083e-01  1.508424e-01  3.539245e-02  1.449654e-02  4.623221e-02 
1.373293e-01  1.327095e-02  4.437382e-02  8.877707e-02  3.993056e-02  3.213277e-02  1.871469e-02  6.659016e-02  6.762006e-02  1.233522e-01  2.933734e-02  2.966102e-02  1.000000e-50  5.081803e-02  6.220574e-02  3.772363e-02  4.104873e-02  6.991525e-02  1.503649e-02  3.216219e-02 
3.204565e-02  6.584723e-03  4.258121e-02  2.282704e-02  1.141352e-02  6.681299e-01  7.462687e-03  1.273047e-02  3.336260e-02  2.326602e-02  5.267779e-03  2.019315e-02  2.194908e-03  1.536435e-02  2.019315e-02  3.599649e-02  1.887621e-02  1.097454e-02  2.194908e-03  8.340650e-03 
5.238650e-02  7.916182e-02  4.493597e-01  1.000000e-50  1.396973e-02  1.000000e-50  5.238650e-02  1.000000e-50  1.280559e-02  1.000000e-50  1.000000e-50  1.769499e-01  1.000000e-50  1.000000e-50  1.396973e-02  1.245634e-01  1.000000e-50  1.000000e-50  2.444703e-02  1.000000e-50 
5.168884e-02  8.188332e-03  2.789150e-02  3.352098e-02  1.560901e-02  2.251791e-02  9.467758e-03  2.200614e-02  3.735926e-02  3.787103e-02  1.074719e-02  1.663255e-02  5.450358e-01  8.700102e-03  2.584442e-02  4.605937e-02  1.535312e-02  4.631525e-02  7.164790e-03  1.202661e-02 
3.841336e-02  1.941545e-02  9.979123e-02  3.716075e-02  3.945720e-02  3.716075e-02  3.215031e-02  2.379958e-02  6.409186e-02  6.116910e-02  2.004175e-02  1.150313e-01  1.000000e-50  4.196242e-02  5.678497e-02  7.557411e-02  1.398747e-01  4.405010e-02  1.586639e-02  3.820459e-02 
1.813324e-01  1.175632e-02  4.916281e-02  8.086926e-02  1.888137e-02  4.025650e-02  6.768792e-03  2.921268e-02  8.300677e-02  1.485572e-01  3.313146e-02  4.560029e-02  1.000000e-50  5.593160e-02  6.234414e-02  9.654435e-02  2.173139e-02  2.422515e-02  1.000000e-50  1.068757e-02 
6.389584e-02  3.104657e-02  1.862794e-02  3.825739e-02  7.250876e-02  4.156234e-02  2.243365e-02  5.448172e-02  5.338007e-02  6.710065e-02  1.612419e-02  2.183275e-02  1.000000e-50  3.314972e-02  5.358037e-02  8.272409e-02  1.129695e-01  1.132699e-01  2.433650e-02  7.871808e-02 
8.912037e-02  1.000000e-50  4.594907e-02  8.703704e-02  3.518519e-02  4.409722e-02  1.967593e-02  5.567130e-02  5.312500e-02  9.699074e-02  1.886574e-02  1.000000e-50  1.637731e-01  3.368056e-02  4.664352e-02  4.976852e-02  3.645833e-02  6.053241e-02  2.361111e-02  3.981481e-02 
2.771699e-02  9.117433e-03  1.261853e-01  4.558716e-02  7.695113e-02  3.245806e-02  5.105762e-02  2.990518e-02  3.026988e-02  9.919767e-02  2.261123e-02  1.462436e-01  1.000000e-50  4.814004e-02  4.704595e-02  2.552881e-02  5.871627e-02  2.625821e-02  2.078775e-02  7.622174e-02 
1.112124e-01  1.000000e-50  8.432088e-02  1.472197e-01  2.187785e-02  4.284412e-02  2.187785e-02  3.646308e-02  1.084777e-01  8.979034e-02  1.002735e-02  3.965360e-02  2.734731e-02  4.785779e-02  6.061987e-02  5.104831e-02  3.646308e-02  3.919781e-02  1.000000e-50  2.370100e-02 
2.475248e-02  5.445545e-03  2.920792e-02  2.623762e-02  1.980198e-02  7.158416e-01  2.227723e-02  1.000000e-50  2.128713e-02  2.079208e-02  8.415842e-03  3.663366e-02  1.000000e-50  7.920792e-03  1.980198e-02  2.376238e-02  1.000000e-50  1.000000e-50  5.445545e-03  1.237624e-02 


#DOUBLE_35x3_DISCRETE_SS_EMISSION
1.000000e-50  7.903576e-04  9.992096e-01 
1.000000e-50  1.000000e+00  1.000000e-50 
9.459246e-04  4.256661e-03  9.947974e-01 
1.000000e-50  1.000000e+00  1.000000e-50 
1.000000e-50  3.319351e-02  9.668065e-01 
1.000000e-50  5.990017e-02  9.400998e-01 
1.000000e+00  1.000000e-50  1.000000e-50 
1.000000e-50  1.000000e+00  1.000000e-50 
1.000000e+00  1.000000e-50  1.000000e-50 
1.000000e+00  1.000000e-50  1.000000e-50 
1.894248e-02  1.000000e-50  9.810575e-01 
1.000000e-50  1.000000e-50  1.000000e+00 
1.000000e-50  6.438321e-03  9.935617e-01 
1.000000e-50  9.942197e-01  5.780347e-03 
1.000000e-50  1.000000e-50  1.000000e+00 
2.674591e-03  7.429421e-04  9.965825e-01 
3.102422e-02  4.143646e-01  5.546111e-01 
1.000000e-50  1.000000e-50  1.000000e+00 
1.000000e-50  1.000000e+00  1.000000e-50 
1.000000e-50  1.000000e-50  1.000000e+00 
2.074742e-01  1.000000e-50  7.925258e-01 
3.747073e-03  3.676815e-02  9.594848e-01 
3.257329e-03  1.599052e-02  9.807521e-01 
1.000000e-50  1.000000e-50  1.000000e+00 
1.000000e+00  1.000000e-50  1.000000e-50 
5.706760e-03  1.316945e-02  9.811238e-01 
1.000000e-50  8.222222e-01  1.777778e-01 
1.000000e-50  6.157004e-03  9.938430e-01 
1.000000e-50  9.001465e-03  9.909985e-01 
9.982021e-01  1.000000e-50  1.797914e-03 
1.000000e-50  1.000000e+00  1.000000e-50 
1.000000e+00  1.000000e-50  1.000000e-50 
7.312614e-04  1.000000e-50  9.992687e-01 
1.000000e-50  1.000000e-50  1.000000e+00 
1.000000e-50  3.974168e-03  9.960258e-01 


#DOUBLE_35x2_DISCRETE_CIS_EMISSION
1.000000e+00  1.000000e-50 
1.000000e+00  1.000000e-50 
9.817782e-01  1.822180e-02 
9.998582e-01  1.418138e-04 
9.406625e-01  5.933746e-02 
9.994451e-01  5.549390e-04 
1.000000e+00  1.000000e-50 
1.000000e+00  1.000000e-50 
1.000000e+00  1.000000e-50 
1.000000e+00  1.000000e-50 
1.000000e+00  1.000000e-50 
1.000000e+00  1.000000e-50 
1.000000e+00  1.000000e-50 
1.000000e+00  1.000000e-50 
9.991730e-01  8.269589e-04 
1.000000e+00  1.000000e-50 
9.970339e-01  2.966102e-03 
1.000000e+00  1.000000e-50 
1.000000e+00  1.000000e-50 
1.000000e+00  1.000000e-50 
1.000000e+00  1.000000e-50 
1.000000e+00  1.000000e-50 
1.000000e+00  1.000000e-50 
9.985640e-01  1.436031e-03 
1.000000e+00  1.000000e-50 
1.000000e+00  1.000000e-50 
1.000000e+00  1.000000e-50 
9.915385e-01  8.461538e-03 
9.970656e-01  2.934395e-03 
1.000000e+00  1.000000e-50 
1.000000e+00  1.000000e-50 
1.000000e+00  1.000000e-50 
1.000000e+00  1.000000e-50 
1.000000e+00  1.000000e-50 
1.000000e+00  1.000000e-50 


#DOUBLE_35x3_TORUS_TORUS_KAPPA
2.031024e+02  1.239628e+02  5.910814e+01 
2.002261e+01  1.364482e+01  -2.831636e+00 
8.245874e+01  6.038610e+01  2.527984e+01 
2.573938e+01  4.282598e+01  5.377206e+00 
5.951374e+01  3.976373e+01  1.599453e+01 
2.849047e+01  2.491164e+01  8.418681e+00 
1.822251e+01  1.905665e+01  5.940934e+00 
8.875554e+00  1.102694e+01  -1.818850e+00 
1.849549e+02  1.570345e+02  5.926179e+01 
1.878860e+02  1.413299e+02  5.973919e+01 
5.143084e+00  4.142767e+00  2.031394e-01 
2.110666e+02  1.496477e+02  6.804635e+01 
5.645191e+01  4.127458e+01  1.803941e+01 
1.342216e+01  1.225684e+01  2.733370e+00 
7.118436e+00  1.018097e+01  6.968652e-01 
1.356848e+01  2.961997e+00  -1.430070e+00 
2.225843e+00  5.493220e+00  -3.267973e-01 
3.057281e+01  4.206905e+01  1.219398e+01 
3.375445e+01  2.267814e+01  7.698409e+00 
6.368748e+01  5.109475e+01  1.767468e+01 
8.885595e+01  8.477160e+01  2.801264e+01 
1.002493e+02  5.093338e+01  2.670221e+01 
9.875646e+00  5.480556e+00  -1.664269e+00 
1.025381e+01  9.763088e+00  7.989556e-02 
3.869916e+02  3.129056e+02  1.205887e+02 
1.359449e+01  6.025825e+00  2.644988e+00 
6.155208e+00  7.576349e+00  -6.089209e+00 
8.654982e+01  6.204978e+01  2.799717e+01 
2.289855e+01  1.615027e+01  5.002057e+00 
8.781818e+01  9.153347e+01  2.776793e+01 
2.086807e+01  2.798581e+01  5.619366e+00 
1.103791e+02  7.173333e+01  3.143233e+01 
5.959195e+01  4.649484e+01  1.498675e+01 
3.542056e+01  4.095482e+01  1.018021e+01 
7.821479e+00  5.738449e+00  1.707175e+00 


#DOUBLE_35x2_TORUS_TORUS_MU
-1.138602e+00  -3.195227e-01 
-1.389658e+00  2.340890e+00 
-1.477265e+00  -1.264427e-01 
-2.051261e+00  2.251491e+00 
-1.135903e+00  2.583476e+00 
-1.435137e+00  2.937953e+00 
-1.488576e+00  -5.169584e-01 
-1.908604e+00  2.045163e+00 
-1.094746e+00  -6.060843e-01 
-1.212155e+00  -7.803990e-01 
-1.667011e+00  -5.046562e-01 
-9.881973e-01  -5.967729e-01 
1.468135e+00  9.158078e-02 
-1.663253e+00  -5.332199e-01 
-1.754022e+00  2.425101e+00 
-1.441517e+00  1.828606e+00 
2.569031e+00  -2.990030e+00 
-1.451692e+00  -5.178420e-01 
-2.609383e+00  2.604156e+00 
-1.123102e+00  2.449578e+00 
-1.507103e+00  1.727697e-02 
9.845001e-01  6.861933e-01 
-2.342945e+00  1.457463e+00 
-2.509439e+00  2.782242e+00 
-1.096409e+00  -7.441468e-01 
1.283190e+00  -2.826338e+00 
-1.548951e+00  2.058155e+00 
-1.067341e+00  -4.391554e-01 
-1.968187e+00  1.583297e-01 
-1.188366e+00  -4.028862e-01 
-2.196091e+00  2.681263e+00 
-9.775244e-01  -7.226066e-01 
-1.796847e+00  2.098632e-01 
-1.086916e+00  -7.208815e-01 
1.570194e+00  6.617536e-02 


