#DOUBLE_1x60_DISCRETE_HIDDEN_START
3.936464e-02  8.080110e-02  1.000000e-50  1.000000e-50  1.000000e-50  3.176796e-02  1.000000e-50  1.450276e-02  8.287293e-03  1.000000e-50  5.110497e-02  1.000000e-50  1.000000e-50  1.000000e-50  1.899171e-01  2.624309e-02  1.000000e-50  5.455801e-02  2.002762e-02  1.450276e-02  1.000000e-50  1.000000e-50  2.279006e-02  1.450276e-02  1.000000e-50  1.381215e-02  2.417127e-02  1.450276e-02  1.000000e-50  1.000000e-50  7.527624e-02  1.000000e-50  1.000000e-50  1.000000e-50  2.140884e-02  1.000000e-50  8.977901e-03  1.000000e-50  1.243094e-02  1.000000e-50  1.000000e-50  7.734807e-02  3.453039e-03  3.383978e-02  1.000000e-50  1.000000e-50  1.000000e-50  1.000000e-50  3.591160e-02  7.596685e-03  6.767956e-02  1.243094e-02  1.000000e-50  1.519337e-02  1.000000e-50  1.000000e-50  7.596685e-03  1.000000e-50  1.000000e-50  1.000000e-50  

#DOUBLE_60x60_DISCRETE_HIDDEN_TRANSITION
5.768087e-02  1.000000e-50  1.000000e-50  1.000000e-50  1.000000e-50  1.000000e-50  1.000000e-50  1.000000e-50  2.333994e-01  5.847374e-03  1.000000e-50  1.000000e-50  1.000000e-50  1.000000e-50  1.000000e-50  1.000000e-50  1.000000e-50  1.000000e-50  1.000000e-50  1.000000e-50  1.833499e-02  1.000000e-50  1.000000e-50  1.000000e-50  1.115956e-01  1.000000e-50  9.910803e-04  1.000000e-50  1.000000e-50  1.290387e-01  1.000000e-50  3.028741e-01  1.000000e-50  1.000000e-50  1.000000e-50  1.000000e-50  1.000000e-50  1.000000e-50  1.000000e-50  1.000000e-50  1.000000e-50  1.000000e-50  1.000000e-50  1.000000e-50  1.000000e-50  1.000000e-50  1.000000e-50  1.000000e-50  1.000000e-50  1.000000e-50  1.000000e-50  4.658077e-03  1.355798e-01  1.000000e-50  1.000000e-50  1.000000e-50  1.000000e-50  1.000000e-50  1.000000e-50  1.000000e-50 
1.000000e-50  1.161797e-01  1.000000e-50  2.898718e-02  1.000000e-50  6.883012e-02  1.000000e-50  7.853101e-03  1.000000e-50  1.000000e-50  1.501328e-02  1.000000e-50  1.000000e-50  1.000000e-50  1.428571e-01  1.000000e-50  1.000000e-50  3.926550e-03  1.000000e-50  2.332833e-02  1.000000e-50  3.233630e-03  1.120222e-02  7.391154e-03  1.000000e-50  1.000000e-50  4.169073e-02  1.000000e-50  6.374870e-02  1.000000e-50  6.086153e-02  1.000000e-50  1.000000e-50  7.737614e-03  7.044693e-03  1.000000e-50  1.000000e-50  4.273011e-03  1.408939e-02  1.000000e-50  7.506640e-03  1.716134e-01  1.328098e-02  1.582169e-02  1.000000e-50  1.000000e-50  2.794780e-02  1.000000e-50  3.222081e-02  1.177965e-02  4.273011e-02  1.000000e-50  1.000000e-50  1.000000e-50  1.000000e-50  1.000000e-50  2.713939e-02  1.940178e-02  2.309736e-03  1.000000e-50 
7.365685e-03  5.350953e-02  1.000000e-50  5.632582e-03  4.896014e-02  2.079723e-02  5.264298e-02  4.354419e-02  4.549393e-03  1.299827e-03  8.448873e-03  1.000000e-50  3.834489e-02  1.000000e-50  2.946274e-01  5.675910e-02  3.466205e-03  2.469671e-02  1.000000e-50  6.499133e-03  1.000000e-50  1.000000e-50  4.376083e-02  1.000000e-50  1.000000e-50  1.000000e-50  2.339688e-02  1.000000e-50  2.274697e-02  1.000000e-50  1.000000e-50  1.000000e-50  1.000000e-50  1.000000e-50  1.000000e-50  1.000000e-50  1.234835e-02  1.018198e-02  1.061525e-02  1.000000e-50  1.000000e-50  1.000000e-50  9.315425e-03  1.000000e-50  1.000000e-50  1.000000e-50  1.000000e-50  1.000000e-50  4.722704e-02  1.278163e-02  1.169844e-02  1.000000e-50  1.000000e-50  2.816291e-02  1.000000e-50  1.000000e-50  8.232236e-03  4.549393e-03  2.881282e-02  5.502600e-02 
1.000000e-50  1.706485e-02  2.218430e-02  1.000000e-50  1.000000e-50  1.000000e-50  3.071672e-02  1.429181e-01  8.532423e-03  1.000000e-50  2.687713e-02  1.066553e-02  1.000000e-50  1.000000e-50  1.919795e-02  1.000000e-50  1.000000e-50  1.000000e-50  6.399317e-03  3.540956e-02  1.000000e-50  5.546075e-03  8.105802e-03  1.194539e-02  1.000000e-50  1.194539e-02  2.090444e-02  1.000000e-50  1.000000e-50  1.000000e-50  1.493174e-02  1.000000e-50  1.000000e-50  1.151877e-02  7.252560e-03  1.000000e-50  1.000000e-50  1.109215e-02  3.370307e-02  1.000000e-50  1.000000e-50  1.000000e-50  4.266212e-02  3.050341e-01  1.791809e-02  1.000000e-50  1.000000e-50  3.967577e-02  7.807167e-02  1.023891e-02  1.749147e-02  1.000000e-50  1.000000e-50  2.303754e-02  1.000000e-50  1.000000e-50  1.000000e-50  8.959044e-03  1.000000e-50  1.000000e-50 
1.000000e-50  6.593407e-02  1.000000e-50  8.241758e-03  1.000000e-50  2.982732e-02  1.000000e-50  2.708006e-02  1.000000e-50  1.000000e-50  8.634223e-03  1.000000e-50  1.000000e-50  1.000000e-50  1.204867e-01  2.511774e-02  1.000000e-50  1.000000e-50  1.569859e-02  7.574568e-02  1.000000e-50  1.000000e-50  1.177394e-03  2.354788e-02  1.000000e-50  1.000000e-50  8.634223e-03  1.000000e-50  8.869702e-02  1.000000e-50  2.943485e-02  1.000000e-50  1.000000e-50  1.000000e-50  1.000000e-50  1.000000e-50  1.000000e-50  1.000000e-50  1.000000e-50  1.000000e-50  1.805338e-02  6.711146e-02  1.000000e-50  8.241758e-03  1.000000e-50  1.000000e-50  1.000000e-50  1.000000e-50  1.758242e-01  4.317111e-03  1.899529e-01  1.000000e-50  1.000000e-50  1.000000e-50  1.000000e-50  1.000000e-50  1.000000e-50  4.317111e-03  3.924647e-03  1.000000e-50 
2.004446e-01  1.926639e-02  2.630604e-02  1.000000e-50  1.000000e-50  1.519081e-02  2.000741e-02  1.000371e-02  1.370878e-02  1.000000e-50  1.000000e-50  1.048536e-01  1.000000e-50  1.000000e-50  3.593924e-02  1.000000e-50  1.000000e-50  1.000000e-50  6.298629e-03  1.000000e-50  1.000000e-50  1.000000e-50  8.521675e-03  8.892182e-03  1.000000e-50  2.223046e-02  6.298629e-03  1.000000e-50  1.000000e-50  1.000000e-50  1.000000e-50  1.000000e-50  1.000000e-50  1.000000e-50  5.187106e-03  1.111523e-02  1.000000e-50  1.000000e-50  1.000000e-50  1.000000e-50  1.000000e-50  5.446462e-02  8.632827e-02  7.928863e-02  1.000000e-50  1.000000e-50  1.000000e-50  1.811782e-01  1.000000e-50  1.074472e-02  1.000000e-50  3.519822e-02  1.000000e-50  1.000000e-50  1.000000e-50  1.000000e-50  2.482401e-02  1.370878e-02  1.000000e-50  1.000000e-50 
1.000000e-50  1.711270e-01  1.000000e-50  1.000000e-50  1.055409e-02  1.000000e-50  8.367885e-02  2.035432e-02  1.000000e-50  1.000000e-50  2.751602e-02  1.000000e-50  1.000000e-50  1.000000e-50  8.594044e-02  1.168489e-02  1.000000e-50  1.000000e-50  1.000000e-50  1.000000e-50  1.000000e-50  1.394648e-02  6.633999e-02  1.000000e-50  1.000000e-50  1.000000e-50  4.372409e-02  1.000000e-50  1.000000e-50  1.000000e-50  2.600829e-02  1.000000e-50  1.000000e-50  3.769318e-02  4.560874e-02  3.392386e-02  5.427818e-02  1.000000e-50  1.000000e-50  1.000000e-50  1.000000e-50  4.523181e-03  9.159442e-02  1.000000e-50  1.000000e-50  1.000000e-50  1.000000e-50  1.000000e-50  1.000000e-50  4.975499e-02  2.450057e-02  2.676216e-02  1.000000e-50  2.186204e-02  1.000000e-50  1.000000e-50  1.000000e-50  1.000000e-50  1.000000e-50  4.862420e-02 
1.000000e-50  5.508938e-02  1.878876e-02  4.013134e-03  4.724553e-02  3.921926e-02  1.000000e-50  3.283473e-02  1.000000e-50  1.000000e-50  2.827435e-02  3.046333e-02  8.208683e-03  1.000000e-50  9.120759e-02  3.557096e-02  1.000000e-50  1.000000e-50  3.082816e-02  1.000000e-50  1.000000e-50  1.000000e-50  8.573513e-03  1.258665e-02  1.000000e-50  1.000000e-50  1.240423e-02  1.000000e-50  1.386355e-02  1.000000e-50  8.938344e-02  1.000000e-50  1.000000e-50  1.000000e-50  2.043050e-02  5.490697e-02  1.149216e-02  7.114192e-03  1.477563e-02  1.000000e-50  1.000000e-50  1.000000e-50  8.573513e-02  1.000000e-50  1.000000e-50  1.000000e-50  1.000000e-50  2.006567e-02  2.334914e-02  3.119300e-02  4.140825e-02  7.661437e-03  1.641737e-02  2.736228e-02  1.000000e-50  1.000000e-50  2.188982e-03  2.517329e-02  2.863918e-02  2.353156e-02 
7.189703e-01  1.000000e-50  1.000000e-50  1.000000e-50  1.000000e-50  1.000000e-50  1.000000e-50  1.000000e-50  4.188375e-02  1.000000e-50  6.129329e-04  1.000000e-50  1.000000e-50  4.699152e-03  1.000000e-50  1.000000e-50  1.000000e-50  1.000000e-50  1.000000e-50  1.000000e-50  1.450608e-02  1.000000e-50  1.000000e-50  1.000000e-50  1.000000e-50  1.000000e-50  1.000000e-50  1.000000e-50  1.000000e-50  1.822454e-01  1.000000e-50  1.000000e-50  1.000000e-50  1.000000e-50  1.000000e-50  1.000000e-50  1.000000e-50  1.000000e-50  1.000000e-50  1.000000e-50  1.000000e-50  1.000000e-50  1.000000e-50  1.000000e-50  1.000000e-50  1.000000e-50  1.000000e-50  1.000000e-50  1.000000e-50  8.172438e-04  1.000000e-50  1.797936e-02  1.828583e-02  1.000000e-50  1.000000e-50  1.000000e-50  1.000000e-50  1.000000e-50  1.000000e-50  1.000000e-50 
2.154088e-01  1.000000e-50  1.000000e-50  1.000000e-50  1.000000e-50  1.000000e-50  1.000000e-50  1.000000e-50  4.748428e-02  1.000000e-50  1.000000e-50  1.000000e-50  1.000000e-50  1.000000e-50  1.000000e-50  1.000000e-50  1.000000e-50  1.000000e-50  1.000000e-50  1.000000e-50  6.792453e-02  1.000000e-50  7.547170e-03  1.000000e-50  5.345912e-03  2.830189e-03  3.459119e-03  2.672956e-02  1.000000e-50  3.389937e-01  1.000000e-50  1.000000e-50  1.003145e-01  1.000000e-50  1.000000e-50  1.000000e-50  1.000000e-50  1.000000e-50  1.000000e-50  3.396226e-02  1.000000e-50  1.000000e-50  1.000000e-50  1.000000e-50  1.000000e-50  1.000000e-50  1.000000e-50  1.000000e-50  1.000000e-50  1.000000e-50  1.000000e-50  1.449686e-01  1.000000e-50  1.000000e-50  1.000000e-50  5.031447e-03  1.000000e-50  1.000000e-50  1.000000e-50  1.000000e-50 
4.319106e-03  6.605691e-02  1.000000e-50  1.000000e-50  1.000000e-50  1.000000e-50  1.000000e-50  2.566057e-02  1.000000e-50  1.000000e-50  1.206809e-01  8.384146e-03  1.000000e-50  1.000000e-50  5.767276e-02  2.845528e-02  1.000000e-50  6.783537e-02  1.000000e-50  1.067073e-02  1.000000e-50  1.000000e-50  5.157520e-02  3.048780e-03  1.000000e-50  8.282520e-02  1.000000e-50  1.000000e-50  1.854675e-02  4.065041e-03  1.582825e-01  1.000000e-50  1.000000e-50  3.379065e-02  5.487805e-02  7.113821e-03  1.000000e-50  1.194106e-02  2.362805e-02  1.000000e-50  1.000000e-50  4.065041e-03  2.184959e-02  1.041667e-02  1.000000e-50  9.654472e-03  7.164634e-02  1.000000e-50  1.000000e-50  1.397358e-02  2.896341e-02  1.000000e-50  1.000000e-50  1.000000e-50  1.000000e-50  1.000000e-50  1.000000e-50  1.000000e-50  1.000000e-50  1.000000e-50 
1.000000e-50  1.000000e-50  3.626618e-01  1.000000e-50  1.000000e-50  1.000000e-50  1.494741e-01  2.813511e-01  1.000000e-50  1.000000e-50  9.708738e-03  7.908576e-02  1.011327e-03  1.000000e-50  1.213592e-02  3.640777e-03  1.000000e-50  1.000000e-50  1.000000e-50  1.000000e-50  1.000000e-50  1.000000e-50  5.056634e-03  1.000000e-50  1.000000e-50  1.000000e-50  8.697411e-03  1.000000e-50  9.101942e-03  1.132686e-02  1.000000e-50  1.000000e-50  1.000000e-50  1.000000e-50  5.258900e-03  3.438511e-03  1.000000e-50  1.000000e-50  2.831715e-03  1.000000e-50  1.000000e-50  1.000000e-50  2.629450e-02  1.000000e-50  1.000000e-50  1.000000e-50  1.000000e-50  1.000000e-50  2.831715e-03  5.663430e-03  1.000000e-50  1.072006e-02  1.000000e-50  2.022654e-03  1.000000e-50  1.000000e-50  1.000000e-50  1.000000e-50  3.033981e-03  4.652104e-03 
1.000000e-50  1.062387e-01  1.401447e-02  1.000000e-50  3.607595e-01  1.446655e-02  2.893309e-02  2.350814e-02  7.685353e-03  3.164557e-03  5.289331e-02  1.039783e-02  4.972875e-03  1.000000e-50  9.674503e-02  9.493671e-03  1.000000e-50  1.000000e-50  1.000000e-50  4.068716e-03  1.000000e-50  1.000000e-50  6.329114e-03  1.000000e-50  1.000000e-50  1.000000e-50  8.137432e-03  1.000000e-50  1.000000e-50  4.972875e-03  4.520796e-02  1.000000e-50  1.000000e-50  1.000000e-50  1.000000e-50  1.175407e-02  1.000000e-50  4.068716e-03  5.877034e-03  1.000000e-50  1.000000e-50  1.000000e-50  1.039783e-02  1.000000e-50  9.041591e-04  1.000000e-50  1.000000e-50  1.000000e-50  6.826401e-02  1.000000e-50  8.227848e-02  1.000000e-50  1.130199e-02  1.000000e-50  1.000000e-50  1.000000e-50  1.000000e-50  3.164557e-03  1.000000e-50  1.000000e-50 
2.941176e-03  5.294118e-03  1.000000e-50  2.352941e-03  1.000000e-50  1.000000e-50  1.235294e-02  1.000000e-50  1.000000e-50  2.529412e-02  1.470588e-02  1.000000e-50  1.764706e-03  2.058824e-02  1.823529e-02  1.000000e-50  4.882353e-02  1.411765e-02  1.000000e-50  1.000000e-50  7.647059e-02  7.647059e-03  5.882353e-03  1.000000e-50  1.000000e-50  1.000000e-50  1.000000e-02  1.000000e-50  1.000000e-50  1.205882e-01  4.117647e-03  1.000000e-50  3.129412e-01  1.000000e-50  3.529412e-03  1.000000e-50  1.000000e-50  1.000000e-50  1.000000e-50  7.823529e-02  1.000000e-50  1.000000e-50  1.000000e-50  1.000000e-50  1.000000e-50  1.000000e-50  1.000000e-50  1.000000e-50  1.000000e-50  1.000000e-50  1.000000e-50  2.111765e-01  2.941176e-03  1.000000e-50  1.000000e-50  1.000000e-50  1.000000e-50  1.000000e-50  1.000000e-50  1.000000e-50 
1.000000e-50  1.100057e-01  1.000000e-50  1.000000e-50  1.000000e-50  5.395064e-02  1.000000e-50  1.434857e-02  1.000000e-50  1.000000e-50  2.974938e-02  1.000000e-50  7.174287e-03  1.000000e-50  5.969007e-02  4.486321e-02  1.000000e-50  1.004400e-02  1.186149e-02  6.791659e-03  1.000000e-50  6.791659e-03  1.664435e-02  1.004400e-02  1.000000e-50  1.434857e-03  3.816721e-02  1.000000e-50  7.317773e-02  1.000000e-50  7.949110e-02  1.000000e-50  1.000000e-50  4.017601e-03  7.556916e-03  2.295772e-02  1.000000e-50  6.600344e-03  2.582743e-03  1.000000e-50  6.504687e-03  1.702698e-01  1.463555e-02  3.386264e-02  1.000000e-50  1.000000e-50  2.783623e-02  1.000000e-50  1.855749e-02  8.417830e-03  3.300172e-02  1.000000e-50  1.000000e-50  2.869715e-02  1.000000e-50  1.000000e-50  1.970538e-02  9.470059e-03  1.109623e-02  1.000000e-50 
2.166065e-01  3.489771e-02  1.000000e-50  1.000000e-50  1.000000e-50  1.000000e-50  1.203369e-02  1.570397e-01  1.000000e-50  1.000000e-50  1.000000e-50  9.626955e-02  1.000000e-50  1.000000e-50  1.000000e-50  1.000000e-50  1.000000e-50  1.000000e-50  8.423586e-03  1.000000e-50  1.000000e-50  1.000000e-50  1.000000e-50  1.000000e-50  1.000000e-50  1.000000e-50  4.813478e-03  1.000000e-50  1.000000e-50  4.873646e-02  1.000000e-50  1.000000e-50  1.000000e-50  8.604091e-02  1.000000e-50  1.000000e-50  5.415162e-03  1.000000e-50  1.000000e-50  1.000000e-50  1.000000e-50  1.000000e-50  2.346570e-02  2.815884e-01  1.000000e-50  1.000000e-50  1.000000e-50  1.000000e-50  1.000000e-50  1.000000e-50  2.466907e-02  1.000000e-50  1.000000e-50  1.000000e-50  1.000000e-50  1.000000e-50  1.000000e-50  1.000000e-50  1.000000e-50  1.000000e-50 
1.000000e-50  1.000000e-50  3.174603e-02  1.000000e-50  1.000000e-50  1.000000e-50  2.645503e-01  1.000000e-50  5.820106e-02  1.000000e-50  1.000000e-50  1.000000e-50  1.000000e-50  1.000000e-50  1.000000e-50  1.000000e-50  1.000000e-50  1.000000e-50  1.000000e-50  1.000000e-50  1.000000e-50  1.000000e-50  1.000000e-50  1.000000e-50  1.000000e-50  1.000000e-50  1.000000e-50  1.000000e-50  1.000000e-50  1.000000e-50  1.000000e-50  1.000000e-50  1.000000e-50  1.000000e-50  4.232804e-02  1.000000e-50  1.000000e-50  1.000000e-50  1.000000e-50  1.000000e-50  1.000000e-50  1.000000e-50  2.328042e-01  1.000000e-50  1.000000e-50  1.000000e-50  1.000000e-50  1.000000e-50  1.000000e-50  1.000000e-50  1.000000e-50  3.333333e-01  1.000000e-50  3.703704e-02  1.000000e-50  1.000000e-50  1.000000e-50  1.000000e-50  1.000000e-50  1.000000e-50 
1.000000e-50  8.695652e-02  1.000000e-50  2.115159e-02  4.112808e-02  2.526439e-02  5.405405e-02  1.821387e-02  1.000000e-50  1.000000e-50  9.576968e-02  1.292597e-02  1.000000e-50  1.000000e-50  1.051704e-01  1.000000e-50  8.225617e-03  1.034078e-01  6.639248e-02  1.000000e-50  1.351351e-02  1.000000e-50  1.000000e-50  1.938895e-02  1.000000e-50  1.000000e-50  5.875441e-02  1.000000e-50  1.000000e-50  1.000000e-50  1.000000e-50  1.000000e-50  1.000000e-50  1.000000e-50  7.168038e-02  1.000000e-50  1.000000e-50  1.000000e-50  2.232667e-02  1.000000e-50  1.000000e-50  1.000000e-50  1.938895e-02  1.000000e-50  1.000000e-50  1.000000e-50  1.000000e-50  1.000000e-50  1.000000e-50  1.000000e-50  4.347826e-02  7.990599e-02  3.525264e-03  1.000000e-50  1.000000e-50  1.000000e-50  1.000000e-50  1.997650e-02  9.400705e-03  1.000000e-50 
9.131804e-02  8.816914e-02  2.159244e-02  2.474134e-02  4.588394e-02  1.349528e-02  1.000000e-50  4.003599e-02  9.896536e-03  1.000000e-50  2.834008e-02  9.896536e-03  6.747638e-03  1.000000e-50  8.726946e-02  1.000000e-50  1.000000e-50  1.000000e-50  1.439496e-02  9.896536e-03  1.000000e-50  1.000000e-50  1.000000e-50  1.214575e-02  1.000000e-50  1.000000e-50  4.138552e-02  1.000000e-50  3.463788e-02  8.547009e-03  5.668016e-02  1.000000e-50  1.000000e-50  1.000000e-50  1.000000e-50  1.529465e-02  1.799370e-03  1.000000e-50  2.249213e-02  1.000000e-50  1.000000e-50  8.457040e-02  3.733693e-02  5.892937e-02  1.000000e-50  1.000000e-50  1.000000e-50  1.000000e-50  3.328835e-02  1.000000e-50  6.702654e-02  1.664417e-02  1.000000e-50  1.000000e-50  1.000000e-50  1.000000e-50  1.079622e-02  1.000000e-50  6.747638e-03  1.000000e-50 
1.244240e-02  5.000000e-02  1.000000e-50  3.248848e-02  1.000000e-50  1.589862e-02  1.000000e-50  2.188940e-02  2.304147e-04  1.000000e-50  5.483871e-02  1.000000e-50  5.529954e-03  1.000000e-50  7.073733e-02  1.000000e-50  1.000000e-50  1.000000e-50  1.000000e-50  2.972350e-02  1.000000e-50  2.764977e-03  9.447005e-03  1.046083e-01  1.000000e-50  1.000000e-50  1.682028e-02  1.000000e-50  1.000000e-50  8.064516e-03  3.317972e-02  1.000000e-50  1.000000e-50  1.000000e-50  1.000000e-50  1.935484e-02  1.000000e-50  6.912442e-03  2.764977e-03  1.000000e-50  9.631336e-02  1.000000e-50  5.783410e-02  7.603687e-03  1.071429e-01  1.000000e-50  1.313364e-02  1.000000e-50  5.069124e-03  4.838710e-03  1.970046e-01  1.000000e-50  1.000000e-50  1.000000e-50  4.608295e-03  1.000000e-50  1.000000e-50  8.755760e-03  1.000000e-50  1.000000e-50 
1.000000e-50  1.000000e-50  3.672014e-02  8.199643e-03  1.000000e-50  1.426025e-02  1.000000e-50  4.064171e-02  1.000000e-50  1.782531e-02  4.991087e-03  1.000000e-50  1.000000e-50  2.039216e-01  6.880570e-02  1.000000e-50  2.388592e-02  1.000000e-50  1.000000e-50  1.000000e-50  1.354724e-02  1.000000e-50  4.884135e-02  1.000000e-50  1.426025e-02  1.426025e-02  1.000000e-50  1.000000e-50  1.000000e-50  1.000000e-50  1.000000e-50  1.000000e-50  2.474153e-01  1.000000e-50  3.172906e-02  2.852050e-02  3.565062e-02  1.000000e-50  7.486631e-03  1.000000e-50  1.000000e-50  1.000000e-50  1.996435e-02  1.000000e-50  1.000000e-50  1.782531e-03  1.000000e-50  1.000000e-50  1.000000e-50  3.565062e-03  1.000000e-50  1.711230e-02  1.000000e-50  1.000000e-50  1.000000e-50  1.000000e-50  1.069519e-03  1.000000e-50  1.000000e-50  9.554367e-02 
2.531646e-02  3.616637e-02  1.000000e-50  1.000000e-50  1.000000e-50  1.000000e-50  1.000000e-50  1.000000e-50  1.000000e-50  1.000000e-50  1.000000e-50  1.000000e-50  1.000000e-50  1.000000e-50  1.000000e-50  1.000000e-50  1.000000e-50  1.066908e-01  1.000000e-50  5.063291e-02  1.000000e-50  4.339964e-02  6.509946e-02  2.893309e-02  1.000000e-50  2.531646e-02  4.520796e-02  1.000000e-50  1.446655e-02  1.000000e-50  1.157324e-01  1.000000e-50  1.000000e-50  1.808318e-02  1.229656e-01  1.000000e-50  1.000000e-50  1.000000e-50  5.424955e-03  1.000000e-50  1.000000e-50  5.424955e-02  1.000000e-50  1.084991e-01  1.808318e-03  1.000000e-50  6.871609e-02  1.000000e-50  1.000000e-50  1.000000e-50  5.063291e-02  1.000000e-50  1.000000e-50  1.000000e-50  1.000000e-50  1.000000e-50  1.000000e-50  1.000000e-50  1.265823e-02  1.000000e-50 
1.000000e-50  2.568946e-02  1.000000e-50  1.000000e-50  1.000000e-50  1.000000e-50  1.000000e-50  2.304496e-02  3.400076e-03  1.000000e-50  3.702304e-02  1.000000e-50  1.000000e-50  1.000000e-50  3.928976e-02  1.000000e-50  1.000000e-50  1.000000e-50  1.000000e-50  2.304496e-02  1.000000e-50  8.689082e-03  1.548923e-02  1.000000e-50  1.000000e-50  1.000000e-50  2.455610e-02  1.000000e-50  1.000000e-50  1.000000e-50  6.460144e-02  1.000000e-50  1.000000e-50  1.511145e-02  2.455610e-02  1.000000e-50  1.000000e-50  1.000000e-50  6.044579e-03  1.000000e-50  1.000000e-50  1.934265e-01  1.000000e-50  2.746505e-01  1.000000e-50  1.000000e-50  6.309029e-02  9.671326e-02  1.000000e-50  1.813374e-02  1.473366e-02  1.000000e-50  1.000000e-50  1.000000e-50  1.000000e-50  1.000000e-50  2.871175e-02  1.000000e-50  1.000000e-50  1.000000e-50 
1.000000e-50  1.245946e-02  1.000000e-50  2.287080e-02  1.000000e-50  6.997781e-03  2.389486e-03  3.413552e-03  1.000000e-50  1.000000e-50  5.803038e-03  4.949650e-03  2.730841e-03  1.000000e-50  7.851169e-03  1.000000e-50  1.000000e-50  1.000000e-50  1.706776e-03  9.284861e-02  1.000000e-50  2.730841e-03  2.048131e-03  1.728964e-01  1.000000e-50  7.339136e-03  1.194743e-03  1.000000e-50  9.728623e-03  1.000000e-50  2.321215e-02  1.000000e-50  1.000000e-50  1.000000e-50  1.000000e-50  1.877453e-03  1.000000e-50  2.491893e-02  9.387267e-03  1.000000e-50  5.785970e-02  7.851169e-03  1.000000e-50  5.973716e-03  6.656426e-03  1.000000e-50  3.072197e-03  1.000000e-50  7.373272e-02  9.557945e-03  3.642260e-01  1.000000e-50  1.000000e-50  1.000000e-50  3.089264e-02  1.000000e-50  1.000000e-50  2.082267e-02  1.000000e-50  1.000000e-50 
1.000000e-50  1.000000e-50  1.000000e-50  1.000000e-50  1.000000e-50  1.000000e-50  1.000000e-50  1.000000e-50  2.884256e-01  7.872227e-02  1.000000e-50  1.000000e-50  1.000000e-50  1.000000e-50  1.000000e-50  1.000000e-50  1.000000e-50  1.000000e-50  1.000000e-50  1.000000e-50  3.769046e-02  1.000000e-50  4.945202e-03  1.000000e-50  2.305533e-01  1.000000e-50  2.673082e-03  1.000000e-50  1.000000e-50  4.477412e-02  1.000000e-50  1.000000e-50  2.298851e-02  1.000000e-50  1.000000e-50  1.000000e-50  1.000000e-50  1.000000e-50  1.000000e-50  5.078856e-03  1.000000e-50  1.000000e-50  1.000000e-50  1.000000e-50  1.000000e-50  1.000000e-50  1.000000e-50  1.000000e-50  1.000000e-50  1.000000e-50  1.000000e-50  1.000000e-50  2.841486e-01  1.000000e-50  1.000000e-50  1.000000e-50  1.000000e-50  1.000000e-50  1.000000e-50  1.000000e-50 
1.160542e-02  1.115409e-01  1.000000e-50  1.289491e-02  4.900064e-02  1.000000e-50  1.000000e-50  1.000000e-50  1.096067e-02  1.000000e-50  4.835590e-02  1.000000e-50  1.218569e-01  1.000000e-50  1.450677e-01  1.000000e-50  1.000000e-50  1.186331e-01  6.511928e-02  1.000000e-50  1.000000e-50  4.577692e-02  4.835590e-02  1.289491e-02  1.000000e-50  4.448743e-02  1.000000e-50  1.000000e-50  2.127660e-02  1.000000e-50  1.000000e-50  1.000000e-50  1.000000e-50  2.643456e-02  2.772405e-02  1.000000e-50  2.643456e-02  1.000000e-50  1.160542e-02  1.000000e-50  1.000000e-50  1.000000e-50  1.000000e-50  1.000000e-50  1.000000e-50  1.000000e-50  1.000000e-50  1.000000e-50  1.000000e-50  3.997421e-02  1.000000e-50  1.000000e-50  1.000000e-50  1.000000e-50  1.000000e-50  1.000000e-50  1.000000e-50  1.000000e-50  1.000000e-50  1.000000e-50 
1.000000e-50  1.188494e-01  1.000000e-50  5.677517e-03  1.000000e-50  1.551855e-02  3.103709e-02  3.141559e-02  1.000000e-50  1.000000e-50  3.747161e-02  2.611658e-02  1.000000e-50  1.000000e-50  1.052233e-01  1.000000e-50  1.000000e-50  8.024224e-02  8.213475e-02  1.097653e-02  1.000000e-50  1.362604e-02  2.006056e-02  1.703255e-02  1.000000e-50  1.021953e-02  1.000000e-50  1.000000e-50  4.163512e-03  1.000000e-50  1.207419e-01  1.000000e-50  1.000000e-50  1.000000e-50  2.043906e-02  8.705526e-03  1.000000e-50  1.000000e-50  7.570023e-03  1.000000e-50  1.000000e-50  1.000000e-50  4.958365e-02  1.000000e-50  3.028009e-03  1.000000e-50  3.633611e-02  3.330810e-02  1.059803e-02  1.097653e-02  2.422407e-02  2.346707e-02  1.097653e-02  2.308857e-02  1.000000e-50  1.000000e-50  2.271007e-03  1.000000e-50  4.920515e-03  1.000000e-50 
1.000000e-50  1.000000e-50  1.000000e-50  1.000000e-50  1.000000e-50  1.000000e-50  1.000000e-50  1.000000e-50  1.000000e-50  2.793624e-01  1.000000e-50  1.000000e-50  1.000000e-50  5.931208e-01  1.510067e-02  1.000000e-50  1.000000e-50  1.000000e-50  1.000000e-50  1.000000e-50  1.000000e-50  1.000000e-50  1.000000e-50  1.000000e-50  7.130872e-02  1.000000e-50  1.000000e-50  1.000000e-50  1.000000e-50  1.000000e-50  1.000000e-50  1.000000e-50  1.510067e-02  1.000000e-50  1.000000e-50  1.000000e-50  1.000000e-50  1.000000e-50  1.000000e-50  1.000000e-50  1.000000e-50  1.000000e-50  1.000000e-50  1.000000e-50  1.000000e-50  1.000000e-50  1.000000e-50  1.000000e-50  1.000000e-50  1.000000e-50  1.000000e-50  2.600671e-02  1.000000e-50  1.000000e-50  1.000000e-50  1.000000e-50  1.000000e-50  1.000000e-50  1.000000e-50  1.000000e-50 
1.000000e-50  1.391332e-01  1.000000e-50  3.015075e-02  9.108040e-03  5.967337e-03  1.000000e-50  1.000000e-50  1.000000e-50  1.000000e-50  1.000000e-50  1.000000e-50  1.381910e-02  1.000000e-50  5.559045e-02  1.000000e-50  1.000000e-50  1.000000e-50  1.818467e-01  1.000000e-50  1.000000e-50  1.000000e-50  5.402010e-02  1.388191e-01  1.000000e-50  5.967337e-03  1.884422e-02  1.000000e-50  9.422111e-03  1.000000e-50  1.152638e-01  1.000000e-50  1.000000e-50  1.000000e-50  1.000000e-50  1.130653e-02  1.000000e-50  1.000000e-50  7.537688e-03  1.000000e-50  1.000000e-50  1.000000e-50  1.000000e-50  1.000000e-50  1.000000e-50  1.000000e-50  1.000000e-50  1.000000e-50  4.711055e-03  7.223618e-03  1.432161e-01  1.000000e-50  1.000000e-50  4.711055e-03  1.000000e-50  1.000000e-50  4.396985e-03  1.570352e-03  3.737437e-02  1.000000e-50 
1.000000e-50  1.000000e-50  3.571429e-02  1.000000e-50  1.000000e-50  1.000000e-50  1.000000e-50  2.357143e-02  1.000000e-50  1.985714e-01  1.000000e-50  8.900000e-02  1.000000e-50  4.642857e-02  1.000000e-50  4.285714e-04  1.000000e-50  1.000000e-50  2.857143e-04  1.000000e-50  1.995714e-01  1.000000e-50  1.000000e-50  1.000000e-50  1.235714e-01  1.000000e-50  1.000000e-50  1.000000e-50  1.000000e-50  5.728571e-02  1.000000e-50  1.000000e-50  2.157143e-02  1.000000e-50  1.000000e-50  1.000000e-50  1.000000e-50  1.000000e-50  1.000000e-50  1.000000e-50  1.000000e-50  1.000000e-50  1.000000e-50  1.000000e-50  1.000000e-50  1.000000e-50  1.000000e-50  1.000000e-50  1.000000e-50  1.000000e-50  1.000000e-50  1.000000e-50  1.000000e-50  1.000000e-50  1.000000e-50  2.040000e-01  1.000000e-50  1.000000e-50  1.000000e-50  1.000000e-50 
1.693089e-02  5.217793e-02  2.755118e-02  1.000000e-50  1.000000e-50  1.000000e-50  6.464522e-03  2.878252e-02  1.000000e-50  1.000000e-50  5.987379e-02  5.664153e-02  1.000000e-50  1.000000e-50  5.448669e-02  1.739264e-02  1.000000e-50  2.447283e-02  2.631984e-02  1.000000e-50  1.000000e-50  1.292904e-02  2.755118e-02  1.385255e-02  1.000000e-50  4.063414e-02  1.000000e-50  1.000000e-50  1.893181e-02  1.000000e-50  8.650146e-02  1.000000e-50  1.000000e-50  1.000000e-50  1.600739e-02  2.493459e-02  1.000000e-50  4.617516e-03  2.508850e-02  1.000000e-50  6.156688e-03  3.340003e-02  5.310143e-02  5.802678e-02  1.000000e-50  1.000000e-50  4.432815e-02  5.694936e-02  1.000000e-50  2.354933e-02  3.478529e-02  2.093274e-02  1.000000e-50  1.000000e-50  7.695860e-04  1.000000e-50  1.385255e-02  8.465446e-03  1.000000e-50  3.540095e-03 
1.000000e-50  1.000000e-50  1.000000e-50  1.000000e-50  1.000000e-50  1.000000e-50  1.000000e-50  1.000000e-50  3.061308e-01  3.444741e-02  1.000000e-50  1.000000e-50  1.000000e-50  1.000000e-50  1.000000e-50  1.000000e-50  1.000000e-50  1.000000e-50  1.000000e-50  1.000000e-50  1.000000e-50  1.000000e-50  1.000000e-50  1.000000e-50  4.193152e-01  1.000000e-50  1.000000e-50  1.000000e-50  1.000000e-50  1.000000e-50  1.000000e-50  1.000000e-50  1.000000e-50  1.000000e-50  1.000000e-50  1.000000e-50  1.000000e-50  1.000000e-50  1.000000e-50  1.000000e-50  1.000000e-50  1.000000e-50  1.000000e-50  1.000000e-50  1.000000e-50  1.000000e-50  1.000000e-50  1.000000e-50  1.000000e-50  1.000000e-50  1.000000e-50  1.000000e-50  2.401066e-01  1.000000e-50  1.000000e-50  1.000000e-50  1.000000e-50  1.000000e-50  1.000000e-50  1.000000e-50 
2.054054e-02  6.162162e-02  1.000000e-50  1.000000e-50  1.729730e-02  1.027027e-02  3.783784e-02  2.432432e-02  1.000000e-50  1.000000e-50  4.648649e-02  1.675676e-02  1.000000e-50  1.000000e-50  1.232432e-01  2.378378e-02  1.000000e-50  2.648649e-02  1.000000e-50  1.000000e-50  1.000000e-50  1.000000e-50  1.189189e-01  1.000000e-50  1.000000e-50  1.081081e-02  2.216216e-02  1.000000e-50  1.000000e-50  1.000000e-50  4.216216e-02  1.000000e-50  1.000000e-50  1.675676e-02  2.540541e-02  4.162162e-02  2.756757e-02  1.000000e-50  3.513514e-02  1.000000e-50  1.000000e-50  1.000000e-50  9.189189e-02  1.000000e-50  1.000000e-50  1.000000e-50  1.000000e-50  1.000000e-50  1.027027e-02  4.162162e-02  4.864865e-03  1.000000e-50  1.000000e-50  3.351351e-02  1.000000e-50  1.000000e-50  1.000000e-50  1.567568e-02  1.729730e-02  3.567568e-02 
1.000000e-50  1.000000e-50  1.000000e-50  1.000000e-50  1.000000e-50  1.000000e-50  1.000000e-50  1.000000e-50  1.000000e-50  1.000000e-50  1.000000e-50  1.000000e-50  1.000000e-50  1.000000e-50  1.000000e-50  1.000000e-50  9.122007e-03  1.000000e-50  1.000000e-50  1.000000e-50  1.000000e-50  1.000000e-50  1.000000e-50  1.000000e-50  1.000000e-50  1.000000e-50  1.140251e-02  3.147092e-01  1.000000e-50  1.000000e-50  1.000000e-50  1.000000e-50  1.000000e-50  5.017104e-02  1.000000e-50  1.000000e-50  1.000000e-50  1.000000e-50  1.140251e-03  1.000000e-50  1.000000e-50  1.000000e-50  1.000000e-50  1.824401e-02  1.000000e-50  1.000000e-50  1.000000e-50  3.044470e-01  1.000000e-50  1.000000e-50  1.000000e-50  2.371722e-01  1.000000e-50  5.359179e-02  1.000000e-50  1.000000e-50  1.000000e-50  1.000000e-50  1.000000e-50  1.000000e-50 
1.550000e-02  8.600000e-02  1.000000e-50  3.500000e-03  5.000000e-02  6.000000e-03  3.050000e-02  1.550000e-02  1.250000e-02  1.000000e-50  6.750000e-02  9.000000e-03  1.000000e-50  1.000000e-50  1.360000e-01  1.250000e-02  1.000000e-50  5.150000e-02  3.450000e-02  1.000000e-02  1.000000e-50  2.600000e-02  1.500000e-02  1.800000e-02  1.000000e-50  2.700000e-02  3.100000e-02  7.000000e-03  1.150000e-02  1.000000e-50  9.850000e-02  1.000000e-50  1.000000e-50  1.000000e-50  4.600000e-02  1.000000e-50  1.000000e-50  1.000000e-50  1.600000e-02  1.000000e-50  1.000000e-50  1.000000e-02  2.850000e-02  1.000000e-50  1.000000e-50  1.000000e-50  3.700000e-02  1.000000e-50  1.000000e-50  1.000000e-50  3.500000e-02  2.600000e-02  1.000000e-50  1.000000e-50  1.000000e-50  1.000000e-50  2.500000e-03  1.350000e-02  1.100000e-02  1.000000e-50 
1.000000e-50  3.546099e-02  1.000000e-50  1.482914e-02  1.000000e-50  1.000000e-50  1.740812e-02  3.030303e-02  1.000000e-50  1.000000e-50  1.000000e-50  1.000000e-50  2.475822e-01  1.000000e-50  1.000000e-50  1.000000e-50  1.000000e-50  1.000000e-50  1.000000e-50  1.000000e-50  1.000000e-50  1.000000e-50  1.000000e-50  1.000000e-50  1.000000e-50  3.610574e-02  1.000000e-50  1.000000e-50  3.546099e-02  1.000000e-50  1.000000e-50  1.000000e-50  1.000000e-50  1.000000e-50  3.159252e-02  1.000000e-50  1.000000e-50  1.000000e-50  1.000000e-50  1.000000e-50  1.000000e-50  4.190845e-02  1.000000e-50  2.559639e-01  1.000000e-50  1.000000e-50  1.000000e-50  5.351386e-02  1.000000e-50  1.000000e-50  1.000000e-50  1.000000e-50  1.000000e-50  1.000000e-50  1.000000e-50  1.000000e-50  1.000000e-50  1.000000e-50  1.998711e-01  1.000000e-50 
1.000000e-50  3.163673e-01  1.000000e-50  1.000000e-50  1.000000e-50  1.000000e-50  1.000000e-50  1.000000e-50  1.000000e-50  1.000000e-50  1.000000e-50  1.696607e-02  1.000000e-50  1.000000e-50  2.195609e-01  7.584830e-02  1.000000e-50  1.000000e-50  1.097804e-02  1.000000e-50  1.000000e-50  1.000000e-50  1.000000e-50  1.000000e-50  1.000000e-50  1.000000e-50  1.000000e-50  1.000000e-50  9.381238e-02  1.000000e-50  7.285429e-02  1.000000e-50  1.000000e-50  1.000000e-50  1.197605e-02  1.000000e-50  1.000000e-50  1.000000e-50  1.000000e-50  1.000000e-50  1.000000e-50  3.592814e-02  1.000000e-50  6.986028e-03  1.000000e-50  1.000000e-50  1.000000e-50  1.000000e-50  1.000000e-50  1.000000e-50  1.247505e-01  8.982036e-03  1.000000e-50  1.000000e-50  1.000000e-50  1.000000e-50  1.000000e-50  1.000000e-50  4.990020e-03  1.000000e-50 
1.000000e-50  1.559633e-02  1.000000e-50  1.000000e-50  1.100917e-02  2.293578e-02  1.000000e-50  1.000000e-50  1.000000e-50  1.000000e-50  1.743119e-02  1.192661e-02  1.000000e-50  1.000000e-50  1.000000e-50  1.000000e-50  1.000000e-50  1.000000e-50  1.000000e-50  1.752294e-01  1.000000e-50  1.000000e-50  1.376147e-02  1.587156e-01  1.000000e-50  8.256881e-03  5.504587e-03  1.000000e-50  1.284404e-02  1.000000e-50  3.486239e-02  1.000000e-50  1.000000e-50  1.000000e-50  1.000000e-50  1.000000e-50  2.752294e-03  1.000000e-50  2.752294e-03  1.000000e-50  1.000000e-50  1.467890e-02  1.000000e-50  1.009174e-02  5.504587e-03  1.000000e-50  2.110092e-02  1.000000e-50  1.000000e-50  1.926606e-02  4.321101e-01  9.174312e-04  2.752294e-03  1.000000e-50  1.000000e-50  1.000000e-50  1.000000e-50  1.000000e-50  1.000000e-50  1.000000e-50 
1.920341e-02  4.409673e-02  1.593172e-01  1.000000e-50  1.778094e-02  5.689900e-03  1.000000e-50  1.571835e-01  6.401138e-03  1.000000e-50  4.338549e-02  7.539118e-02  1.000000e-50  1.000000e-50  3.129445e-02  1.066856e-02  1.000000e-50  4.409673e-02  2.987198e-02  1.000000e-50  1.000000e-50  1.000000e-50  2.489331e-02  1.422475e-02  1.000000e-50  1.000000e-50  3.556188e-02  1.000000e-50  1.000000e-50  1.000000e-50  1.000000e-50  1.000000e-50  1.000000e-50  3.058321e-02  2.489331e-02  1.137980e-02  1.000000e-50  8.534851e-03  2.204836e-02  1.000000e-50  1.000000e-50  7.823613e-03  2.204836e-02  2.560455e-02  1.000000e-50  1.000000e-50  1.000000e-50  4.978663e-02  1.706970e-02  3.129445e-02  1.351351e-02  1.000000e-50  1.000000e-50  1.000000e-50  1.000000e-50  1.000000e-50  4.267425e-03  1.209104e-02  1.000000e-50  1.000000e-50 
1.000000e-50  1.000000e-50  1.000000e-50  2.657807e-02  1.000000e-50  3.322259e-02  1.000000e-50  1.000000e-50  1.000000e-50  1.000000e-50  1.000000e-50  1.000000e-50  1.196013e-01  1.000000e-50  1.993355e-02  1.000000e-50  1.000000e-50  1.000000e-50  3.654485e-02  1.000000e-50  1.000000e-50  1.000000e-50  1.000000e-50  1.000000e-50  1.000000e-50  1.000000e-50  1.000000e-50  1.000000e-50  1.328904e-02  1.000000e-50  1.000000e-50  1.000000e-50  1.000000e-50  1.000000e-50  1.000000e-50  1.000000e-50  2.857143e-01  1.000000e-50  8.637874e-02  1.000000e-50  1.000000e-50  1.000000e-50  1.000000e-50  1.000000e-50  1.000000e-50  1.000000e-50  1.000000e-50  1.000000e-50  1.000000e-50  1.461794e-01  3.986711e-02  1.000000e-50  1.000000e-50  1.000000e-50  1.000000e-50  1.000000e-50  1.000000e-50  1.000000e-50  1.000000e-50  1.926910e-01 
1.000000e-50  5.781499e-03  1.000000e-50  6.957735e-02  1.000000e-50  1.236045e-02  1.000000e-50  1.000000e-50  1.000000e-50  1.000000e-50  1.814195e-02  1.000000e-50  1.000000e-50  1.000000e-50  2.811005e-02  1.000000e-50  1.000000e-50  1.000000e-50  1.000000e-50  1.301834e-01  1.000000e-50  1.000000e-50  1.000000e-50  1.000000e-50  1.000000e-50  1.000000e-50  1.136364e-02  1.000000e-50  1.000000e-50  1.000000e-50  2.292663e-02  1.000000e-50  1.000000e-50  1.000000e-50  1.000000e-50  1.000000e-50  1.000000e-50  2.192982e-03  3.249601e-02  1.000000e-50  3.409091e-02  2.352472e-02  1.000000e-50  5.980861e-04  1.000000e-50  1.000000e-50  4.186603e-03  1.000000e-50  5.580144e-01  1.000000e-50  1.000000e-50  1.000000e-50  1.000000e-50  1.000000e-50  1.000000e-50  1.000000e-50  1.000000e-50  4.645136e-02  1.000000e-50  1.000000e-50 
9.659380e-03  7.388578e-02  1.000000e-50  3.050330e-03  8.642603e-03  2.372479e-02  6.270124e-03  1.287917e-02  1.000000e-50  1.000000e-50  7.964752e-03  1.000000e-50  6.778512e-03  1.000000e-50  1.337062e-01  1.186240e-02  1.000000e-50  6.439587e-03  1.982715e-02  9.150991e-03  1.000000e-50  1.864091e-03  5.253347e-03  1.576004e-02  1.000000e-50  1.000000e-50  2.067446e-02  2.372479e-03  6.270124e-02  2.541942e-03  3.609558e-02  1.000000e-50  1.000000e-50  1.237078e-02  9.998305e-03  2.355533e-02  6.778512e-03  7.286901e-03  3.050330e-03  1.000000e-50  1.304864e-02  8.286731e-02  7.151330e-02  4.355194e-02  1.000000e-50  1.000000e-50  9.659380e-03  1.000000e-50  3.202847e-02  1.474326e-02  6.287070e-02  1.000000e-50  1.000000e-50  5.321132e-02  1.000000e-50  1.000000e-50  3.423149e-02  1.000000e-50  3.812913e-02  1.000000e-50 
1.000000e-50  2.770717e-02  1.314184e-01  1.000000e-50  1.000000e-50  1.000000e-50  1.270971e-02  8.922217e-02  1.000000e-50  1.000000e-50  2.236909e-02  4.130656e-01  1.000000e-50  1.000000e-50  9.150991e-03  7.117438e-03  1.000000e-50  1.000000e-50  1.245552e-02  1.000000e-50  1.000000e-50  1.000000e-50  9.659380e-03  1.000000e-50  1.000000e-50  8.108795e-02  1.372649e-02  4.321301e-03  1.000000e-50  3.558719e-03  1.372649e-02  1.000000e-50  1.000000e-50  1.000000e-50  1.000000e-50  1.000000e-50  1.000000e-50  1.000000e-50  1.000000e-50  1.000000e-50  1.000000e-50  1.000000e-50  8.362989e-02  3.228266e-02  1.000000e-50  1.000000e-50  1.000000e-50  1.000000e-50  1.000000e-50  1.000000e-50  1.000000e-50  1.000000e-50  1.000000e-50  1.000000e-50  1.000000e-50  2.745297e-02  1.000000e-50  5.338078e-03  1.000000e-50  1.000000e-50 
1.000000e-50  3.554940e-02  2.691597e-01  3.924284e-03  1.177285e-02  1.000000e-50  2.169898e-02  8.079409e-02  1.000000e-50  1.000000e-50  2.377655e-02  1.657433e-01  1.000000e-50  1.000000e-50  2.377655e-02  1.731302e-02  1.000000e-50  1.846722e-03  3.670360e-02  1.000000e-50  1.000000e-50  1.615882e-03  1.731302e-02  4.155125e-03  1.000000e-50  2.839335e-02  1.431210e-02  1.615882e-03  2.146814e-02  5.309326e-03  2.262235e-02  1.000000e-50  1.000000e-50  1.000000e-50  4.847645e-03  1.000000e-50  1.000000e-50  4.616805e-04  8.079409e-03  1.000000e-50  1.000000e-50  1.000000e-50  2.770083e-02  1.000000e-50  1.000000e-50  1.080332e-01  1.000000e-50  1.000000e-50  1.000000e-50  7.848569e-03  1.615882e-02  6.694367e-03  1.000000e-50  1.000000e-50  1.000000e-50  1.000000e-50  2.539243e-03  7.617729e-03  1.000000e-50  1.154201e-03 
1.000000e-50  1.000000e-50  1.000000e-50  1.504298e-02  8.595989e-03  1.000000e-50  1.000000e-50  1.000000e-50  1.000000e-50  1.000000e-50  1.000000e-50  1.000000e-50  5.730659e-03  1.000000e-50  1.000000e-50  1.000000e-50  1.000000e-50  1.000000e-50  1.432665e-03  1.000000e-50  1.000000e-50  1.000000e-50  2.865330e-03  6.325215e-01  1.000000e-50  1.000000e-50  1.000000e-50  1.000000e-50  1.000000e-50  1.000000e-50  1.000000e-50  1.000000e-50  1.000000e-50  1.000000e-50  2.148997e-03  1.000000e-50  1.000000e-50  1.346705e-01  6.446991e-03  1.000000e-50  1.504298e-02  1.000000e-50  1.000000e-50  1.000000e-50  2.865330e-02  1.000000e-50  1.000000e-50  1.000000e-50  1.575931e-02  1.000000e-50  1.267908e-01  1.000000e-50  1.000000e-50  1.000000e-50  1.000000e-50  1.000000e-50  1.000000e-50  4.297994e-03  1.000000e-50  1.000000e-50 
1.000000e-50  1.000000e-50  1.000000e-50  1.000000e-50  1.000000e-50  1.000000e-50  5.253623e-01  1.000000e-50  1.000000e-50  1.000000e-50  1.000000e-50  1.000000e-50  1.000000e-50  1.000000e-50  1.000000e-50  1.000000e-50  1.000000e-50  1.000000e-50  1.000000e-50  1.000000e-50  1.000000e-50  1.000000e-50  1.000000e-50  1.000000e-50  1.000000e-50  1.068841e-01  1.000000e-50  1.000000e-50  1.974638e-01  1.000000e-50  1.000000e-50  1.000000e-50  1.000000e-50  1.000000e-50  1.000000e-50  1.000000e-50  1.000000e-50  1.000000e-50  1.000000e-50  1.000000e-50  1.000000e-50  1.000000e-50  3.623188e-02  1.000000e-50  1.000000e-50  1.000000e-50  1.000000e-50  1.449275e-02  1.000000e-50  1.000000e-50  1.000000e-50  1.000000e-50  1.000000e-50  1.000000e-50  1.000000e-50  1.195652e-01  1.000000e-50  1.000000e-50  1.000000e-50  1.000000e-50 
1.000000e-50  5.481050e-02  1.000000e-50  3.498542e-03  1.000000e-50  1.000000e-50  1.000000e-50  1.574344e-02  1.000000e-50  1.000000e-50  2.005831e-01  1.000000e-50  1.000000e-50  1.000000e-50  1.644315e-01  1.000000e-50  1.000000e-50  1.000000e-50  4.606414e-02  1.000000e-50  1.000000e-50  1.000000e-50  5.481050e-02  1.000000e-50  1.000000e-50  1.000000e-50  1.002915e-01  1.000000e-50  1.000000e-50  1.000000e-50  1.000000e-50  1.000000e-50  1.000000e-50  1.000000e-50  1.562682e-01  1.000000e-50  1.000000e-50  1.000000e-50  2.099125e-02  1.000000e-50  1.000000e-50  3.090379e-02  1.000000e-50  1.000000e-50  1.000000e-50  1.000000e-50  1.000000e-50  1.000000e-50  1.000000e-50  3.381924e-02  4.314869e-02  3.965015e-02  1.000000e-50  1.000000e-50  1.000000e-50  1.000000e-50  1.000000e-50  1.000000e-50  3.498542e-02  1.000000e-50 
2.637131e-04  1.000000e-50  1.000000e-50  1.000000e-50  1.000000e-50  1.000000e-50  1.000000e-50  1.000000e-50  1.803797e-01  1.397679e-01  1.000000e-50  1.000000e-50  1.000000e-50  1.000000e-50  1.000000e-50  1.000000e-50  1.000000e-50  1.000000e-50  1.000000e-50  1.000000e-50  1.318565e-02  1.000000e-50  1.000000e-50  1.000000e-50  4.156118e-01  1.000000e-50  1.000000e-50  5.116034e-02  1.000000e-50  2.584388e-02  1.000000e-50  1.598101e-01  1.000000e-50  1.000000e-50  1.000000e-50  1.000000e-50  1.000000e-50  1.000000e-50  1.000000e-50  1.000000e-50  1.000000e-50  1.000000e-50  1.000000e-50  1.000000e-50  1.000000e-50  1.000000e-50  1.000000e-50  1.397679e-02  1.000000e-50  1.000000e-50  1.000000e-50  1.000000e-50  1.000000e-50  1.000000e-50  1.000000e-50  1.000000e-50  1.000000e-50  1.000000e-50  1.000000e-50  1.000000e-50 
1.000000e-50  1.604096e-02  1.000000e-50  5.335609e-02  1.000000e-50  1.433447e-02  1.000000e-50  1.262799e-02  1.000000e-50  1.000000e-50  1.000000e-50  1.000000e-50  1.000000e-50  1.000000e-50  2.161547e-02  1.000000e-50  1.000000e-50  1.000000e-50  1.000000e-50  4.630262e-02  1.000000e-50  1.706485e-03  8.418658e-03  1.000000e-50  1.000000e-50  1.000000e-50  3.640501e-03  1.000000e-50  1.000000e-50  1.000000e-50  2.207053e-02  1.000000e-50  1.000000e-50  1.000000e-50  5.802048e-03  1.820250e-03  1.000000e-50  3.868032e-03  1.000000e-50  1.000000e-50  1.535836e-01  8.191126e-03  7.963595e-04  1.000000e-50  7.827076e-02  4.550626e-04  1.000000e-50  1.000000e-50  1.684869e-01  7.508532e-03  3.127418e-01  1.000000e-50  1.000000e-50  1.000000e-50  5.346985e-02  1.000000e-50  1.592719e-03  3.299204e-03  1.000000e-50  1.000000e-50 
3.460621e-02  5.429594e-02  1.000000e-50  2.386635e-02  1.000000e-50  1.000000e-50  1.000000e-50  5.131265e-02  4.773270e-03  1.000000e-50  3.042959e-02  1.000000e-50  5.369928e-03  1.000000e-50  1.330549e-01  1.000000e-50  1.000000e-50  1.000000e-50  1.491647e-02  2.326969e-02  1.000000e-50  9.546539e-03  7.159905e-03  3.460621e-02  1.000000e-50  1.000000e-50  2.147971e-02  1.000000e-50  2.804296e-02  1.000000e-50  1.038186e-01  1.000000e-50  1.000000e-50  1.000000e-50  1.000000e-50  1.000000e-50  1.000000e-50  1.000000e-50  2.028640e-02  1.000000e-50  1.000000e-50  1.079952e-01  4.474940e-02  5.787589e-02  1.000000e-50  1.000000e-50  3.937947e-02  1.000000e-50  5.787589e-02  1.000000e-50  6.503580e-02  1.000000e-50  1.000000e-50  1.193317e-02  1.000000e-50  1.000000e-50  1.000000e-50  1.073986e-02  3.579952e-03  1.000000e-50 
1.000000e-50  5.355861e-03  1.000000e-50  2.711060e-02  1.000000e-50  1.628844e-02  1.000000e-50  1.711667e-03  1.000000e-50  1.000000e-50  4.527635e-03  1.000000e-50  1.711667e-03  1.000000e-50  8.392690e-03  1.000000e-50  1.000000e-50  1.000000e-50  1.822097e-03  8.359560e-02  1.000000e-50  1.435592e-03  5.521506e-03  8.127657e-02  1.000000e-50  1.000000e-50  3.588979e-03  1.000000e-50  1.021479e-02  1.000000e-50  1.325162e-02  1.000000e-50  1.000000e-50  1.000000e-50  1.000000e-50  2.760753e-03  1.000000e-50  1.645409e-02  2.042957e-03  1.000000e-50  1.345591e-01  5.079786e-03  1.000000e-50  1.000000e-50  5.411076e-03  1.000000e-50  8.282259e-04  1.000000e-50  9.817238e-02  4.085915e-03  4.184750e-01  1.000000e-50  1.000000e-50  1.000000e-50  3.727017e-02  1.000000e-50  7.177958e-04  8.337474e-03  1.000000e-50  1.000000e-50 
1.960031e-02  1.000000e-50  1.000000e-50  1.000000e-50  1.000000e-50  5.764796e-04  1.537279e-03  1.000000e-50  1.000000e-50  1.000000e-50  1.000000e-50  6.725596e-03  1.000000e-50  7.109915e-03  1.000000e-50  1.000000e-50  1.000000e-50  7.494235e-03  1.000000e-50  1.000000e-50  1.018447e-02  1.000000e-50  1.921599e-03  1.000000e-50  1.000000e-50  1.000000e-50  1.306687e-02  1.035742e-01  1.000000e-50  1.729439e-02  1.000000e-50  1.000000e-50  1.000000e-50  1.825519e-02  4.419677e-03  1.000000e-50  1.000000e-50  1.000000e-50  1.000000e-50  1.000000e-50  1.000000e-50  1.000000e-50  1.000000e-50  1.000000e-50  1.000000e-50  7.109915e-03  1.000000e-50  1.958109e-01  1.000000e-50  1.000000e-50  1.000000e-50  5.797463e-01  1.000000e-50  1.000000e-50  1.000000e-50  5.572636e-03  1.000000e-50  1.000000e-50  1.000000e-50  1.000000e-50 
1.000000e-50  1.000000e-50  1.000000e-50  1.000000e-50  1.000000e-50  1.000000e-50  1.000000e-50  1.000000e-50  1.720506e-01  3.615499e-03  1.000000e-50  1.964945e-03  1.000000e-50  1.000000e-50  1.000000e-50  1.000000e-50  1.000000e-50  1.000000e-50  1.000000e-50  1.000000e-50  2.106421e-02  1.000000e-50  1.000000e-50  1.000000e-50  1.000000e-50  1.000000e-50  1.000000e-50  1.000000e-50  1.000000e-50  1.164034e-01  1.000000e-50  6.853729e-02  1.000000e-50  1.000000e-50  1.000000e-50  1.000000e-50  1.000000e-50  1.000000e-50  1.000000e-50  1.964945e-03  1.000000e-50  1.000000e-50  1.000000e-50  1.000000e-50  1.000000e-50  1.000000e-50  1.000000e-50  1.000000e-50  1.000000e-50  1.000000e-50  1.000000e-50  1.000000e-50  6.127486e-01  1.000000e-50  1.000000e-50  1.650554e-03  1.000000e-50  1.000000e-50  1.000000e-50  1.000000e-50 
1.000000e-50  1.000000e-50  1.000000e-50  1.000000e-50  1.000000e-50  1.000000e-50  1.000000e-50  1.000000e-50  4.253612e-02  1.000000e-50  1.000000e-50  1.000000e-50  1.000000e-50  1.000000e-50  1.000000e-50  1.000000e-50  1.000000e-50  1.000000e-50  1.605136e-03  1.000000e-50  1.000000e-50  1.000000e-50  1.000000e-50  1.000000e-50  1.000000e-50  1.000000e-50  1.000000e-50  1.000000e-50  1.000000e-50  4.494382e-02  1.000000e-50  2.391653e-01  1.000000e-50  1.000000e-50  1.000000e-50  1.000000e-50  1.000000e-50  1.000000e-50  1.000000e-50  1.000000e-50  1.000000e-50  1.000000e-50  1.000000e-50  1.000000e-50  1.000000e-50  1.000000e-50  1.000000e-50  6.709470e-01  1.000000e-50  1.000000e-50  1.000000e-50  8.025682e-04  1.000000e-50  1.000000e-50  1.000000e-50  1.000000e-50  1.000000e-50  1.000000e-50  1.000000e-50  1.000000e-50 
1.000000e-50  3.889304e-02  2.468212e-02  1.196709e-02  3.515333e-02  1.000000e-50  1.000000e-50  1.151832e-01  1.000000e-50  1.000000e-50  1.000000e-50  6.656694e-02  1.000000e-50  1.000000e-50  1.000000e-50  1.000000e-50  1.000000e-50  1.000000e-50  1.000000e-50  1.000000e-50  1.000000e-50  1.000000e-50  1.346298e-02  3.492895e-01  1.000000e-50  1.000000e-50  1.000000e-50  1.000000e-50  1.000000e-50  1.000000e-50  1.077038e-01  1.000000e-50  1.000000e-50  1.000000e-50  1.000000e-50  1.000000e-50  1.000000e-50  1.000000e-50  1.000000e-50  1.000000e-50  1.000000e-50  1.000000e-50  4.188482e-02  2.842184e-02  1.000000e-50  1.000000e-50  1.000000e-50  1.000000e-50  1.000000e-50  3.440539e-02  7.853403e-02  1.000000e-50  1.000000e-50  1.000000e-50  1.000000e-50  1.000000e-50  1.000000e-50  5.385191e-02  1.000000e-50  1.000000e-50 
1.108374e-02  1.000000e-50  1.000000e-50  1.000000e-50  1.000000e-50  1.000000e-50  1.000000e-50  4.433498e-02  1.000000e-50  1.000000e-50  2.339901e-02  1.000000e-50  1.000000e-50  1.231527e-03  6.650246e-02  1.000000e-50  1.000000e-50  1.000000e-50  1.000000e-50  1.000000e-50  1.000000e-50  1.000000e-50  1.785714e-02  1.000000e-50  1.000000e-50  1.000000e-50  1.000000e-50  1.000000e-50  1.231527e-03  1.000000e-50  1.000000e-50  1.000000e-50  1.000000e-50  1.000000e-50  3.817734e-02  3.448276e-02  2.413793e-01  1.000000e-50  1.000000e-50  1.000000e-50  1.000000e-50  1.000000e-50  2.155172e-02  1.000000e-50  1.000000e-50  1.000000e-50  1.000000e-50  1.000000e-50  1.000000e-50  1.000000e-50  1.000000e-50  1.000000e-50  1.000000e-50  1.000000e-50  1.000000e-50  1.000000e-50  1.000000e-50  6.280788e-02  4.987685e-02  3.860837e-01 
1.000000e-50  7.647628e-02  1.000000e-50  1.000000e-50  1.000000e-50  1.000000e-50  1.000000e-50  1.000000e-50  1.000000e-50  1.000000e-50  1.000000e-50  1.000000e-50  6.689255e-01  1.000000e-50  3.872217e-02  1.000000e-50  1.000000e-50  1.000000e-50  1.000000e-50  1.000000e-50  1.000000e-50  1.000000e-50  1.064860e-02  3.484995e-02  1.000000e-50  1.000000e-50  2.129719e-02  1.000000e-50  5.808325e-03  1.000000e-50  5.711520e-02  1.000000e-50  1.000000e-50  1.000000e-50  5.033882e-02  1.000000e-50  1.000000e-50  1.000000e-50  1.000000e-50  1.000000e-50  1.000000e-50  2.032914e-02  1.000000e-50  1.000000e-50  1.000000e-50  1.000000e-50  1.000000e-50  1.000000e-50  1.000000e-50  1.000000e-50  1.000000e-50  1.000000e-50  1.000000e-50  1.000000e-50  1.000000e-50  1.000000e-50  1.000000e-50  1.548887e-02  1.000000e-50  1.000000e-50 
1.000000e-50  6.412826e-02  1.000000e-50  1.000000e-50  1.803607e-02  1.000000e-50  3.874415e-02  4.408818e-02  6.680027e-03  1.000000e-50  3.340013e-03  2.204409e-02  2.324649e-01  1.000000e-50  8.016032e-02  7.348029e-03  1.000000e-50  1.000000e-50  2.070808e-02  4.408818e-02  1.000000e-50  1.000000e-50  9.352037e-03  1.870407e-02  1.000000e-50  1.000000e-50  1.402806e-02  1.000000e-50  1.000000e-50  1.000000e-50  2.338009e-02  1.000000e-50  1.000000e-50  1.000000e-50  1.736807e-02  1.000000e-50  1.000000e-50  1.000000e-50  1.000000e-50  1.000000e-50  1.000000e-50  3.273213e-02  2.338009e-02  1.000000e-50  5.344021e-03  1.000000e-50  1.000000e-50  1.803607e-02  5.945224e-02  1.269205e-02  2.004008e-02  1.000000e-50  1.000000e-50  1.000000e-50  1.000000e-50  1.000000e-50  9.352037e-03  1.002004e-02  1.442886e-01  1.000000e-50 
1.933535e-02  1.220544e-01  1.933535e-02  2.598187e-02  1.661631e-01  2.175227e-02  5.015106e-02  4.894260e-02  6.042296e-03  1.000000e-50  3.141994e-02  1.268882e-02  4.350453e-02  1.000000e-50  3.625378e-02  1.000000e-50  1.000000e-50  1.993958e-02  1.208459e-03  1.000000e-50  1.000000e-50  1.000000e-50  2.356495e-02  7.250755e-03  1.000000e-50  1.000000e-50  1.933535e-02  1.000000e-50  4.290030e-02  1.000000e-50  4.531722e-02  1.000000e-50  1.000000e-50  1.000000e-50  3.021148e-03  2.356495e-02  1.208459e-02  9.063444e-03  3.625378e-03  1.000000e-50  1.000000e-50  1.000000e-50  1.873112e-02  1.000000e-50  1.000000e-50  1.000000e-50  1.000000e-50  1.691843e-02  1.752266e-02  1.000000e-50  9.305136e-02  1.000000e-50  1.000000e-50  1.000000e-50  1.000000e-50  1.000000e-50  1.000000e-50  1.000000e-50  3.927492e-02  1.000000e-50 
1.466837e-02  2.334184e-01  1.000000e-50  1.000000e-50  2.340561e-01  1.000000e-50  1.128827e-01  4.655612e-02  1.000000e-50  1.000000e-50  1.000000e-50  1.275510e-02  1.000000e-50  1.000000e-50  2.423469e-01  1.658163e-02  1.000000e-50  1.000000e-50  1.000000e-50  1.000000e-50  1.000000e-50  1.000000e-50  1.658163e-02  1.000000e-50  1.000000e-50  1.000000e-50  2.997449e-02  1.000000e-50  1.000000e-50  1.000000e-50  1.000000e-50  1.000000e-50  1.000000e-50  1.000000e-50  1.000000e-50  1.000000e-50  1.000000e-50  1.147959e-02  5.739796e-03  1.000000e-50  1.000000e-50  1.000000e-50  1.000000e-50  1.000000e-50  1.000000e-50  1.000000e-50  1.000000e-50  1.000000e-50  2.295918e-02  1.000000e-50  1.000000e-50  1.000000e-50  1.000000e-50  1.000000e-50  1.000000e-50  1.000000e-50  1.000000e-50  1.000000e-50  1.000000e-50  1.000000e-50 


#DOUBLE_1x60_DISCRETE_HIDDEN_DOMINANT-EIGENVECTOR
4.402113e-02  3.873499e-02  2.058918e-02  1.049042e-02  1.163098e-02  1.177977e-02  1.193779e-02  2.486227e-02  4.267656e-02  1.425202e-02  1.708981e-02  2.219334e-02  9.962012e-03  7.538475e-03  4.650550e-02  7.404998e-03  8.317525e-04  7.369724e-03  1.002456e-02  1.955654e-02  1.237803e-02  2.472966e-03  1.194076e-02  2.588726e-02  3.287060e-02  6.885637e-03  1.183280e-02  5.109413e-03  1.451688e-02  3.133255e-02  2.871124e-02  2.120896e-02  8.359987e-03  3.951975e-03  8.952118e-03  6.956586e-03  4.566698e-03  4.898483e-03  6.253059e-03  1.351840e-03  2.238708e-02  2.600660e-02  1.771015e-02  1.920503e-02  6.238191e-03  2.443765e-03  7.705336e-03  1.683665e-02  3.903673e-02  7.498261e-03  8.051395e-02  2.308918e-02  5.653582e-02  5.479950e-03  6.000001e-03  7.463918e-03  4.608542e-03  6.819310e-03  7.383278e-03  7.148582e-03  

#DOUBLE_60x20_DISCRETE_AA_EMISSION
1.167080e-01  1.298959e-02  4.749628e-02  8.358949e-02  4.075359e-02  2.498761e-02  1.864155e-02  7.188894e-02  5.741200e-02  1.573624e-01  2.835895e-02  2.677243e-02  1.219633e-02  3.877045e-02  5.761031e-02  2.944968e-02  3.549826e-02  8.091225e-02  2.022806e-02  3.837382e-02 
2.748318e-02  1.756187e-02  1.000000e-50  6.249287e-02  5.713308e-02  1.000000e-50  2.862356e-02  1.278367e-01  9.328316e-02  9.442354e-02  2.155320e-02  1.653552e-02  1.000000e-50  5.644885e-02  6.876497e-02  1.767590e-02  7.013342e-02  1.810925e-01  1.368457e-02  4.527312e-02 
7.895879e-02  4.989154e-03  1.598698e-01  8.590022e-02  3.210412e-02  5.271150e-02  2.429501e-02  6.724512e-03  6.702820e-02  6.702820e-02  1.171367e-02  7.418655e-02  1.000000e-50  5.921909e-02  4.945770e-02  1.245119e-01  5.726681e-02  4.989154e-03  1.171367e-02  2.733189e-02 
2.919390e-02  4.531590e-02  3.629630e-01  3.137255e-02  2.701525e-02  1.000000e-50  3.398693e-02  2.701525e-02  2.091503e-02  3.616558e-02  5.664488e-03  2.196078e-01  1.000000e-50  1.481481e-02  1.350763e-02  5.315904e-02  5.664488e-03  2.875817e-02  8.278867e-03  3.660131e-02 
1.831530e-01  1.854714e-02  8.693972e-02  8.114374e-02  2.627512e-02  7.959815e-02  2.743431e-02  7.341577e-03  6.530139e-02  4.327666e-02  2.627512e-02  3.632148e-02  1.000000e-50  5.177743e-02  5.602782e-02  8.114374e-02  6.221020e-02  1.738794e-02  1.081917e-02  3.902628e-02 
1.040505e-02  1.300632e-02  1.293200e-01  1.635080e-02  1.000000e-50  1.664809e-01  1.672241e-02  1.000000e-50  1.374954e-02  6.317354e-03  1.000000e-50  7.469342e-02  1.000000e-50  7.803790e-03  1.858045e-02  3.080639e-01  2.185061e-01  1.000000e-50  1.000000e-50  1.000000e-50 
5.202952e-02  5.719557e-02  3.247232e-02  7.269373e-02  4.686347e-02  1.254613e-02  2.140221e-02  5.940959e-02  6.715867e-02  1.745387e-01  3.321033e-02  1.918819e-02  1.000000e-50  3.653137e-02  5.571956e-02  3.468635e-02  8.154982e-02  5.756458e-02  2.472325e-02  6.051661e-02 
3.613808e-02  1.492269e-02  9.061489e-02  4.027328e-02  6.023013e-02  3.362100e-02  4.368932e-02  3.290183e-02  4.854369e-02  8.755843e-02  2.121539e-02  1.175836e-01  3.056455e-03  4.099245e-02  5.267889e-02  4.656598e-02  1.114707e-01  4.081266e-02  2.139518e-02  5.573535e-02 
8.201439e-02  1.017472e-02  2.918808e-02  6.043165e-02  8.180884e-02  2.096608e-02  2.949640e-02  1.055498e-01  5.426516e-02  1.326824e-01  2.404933e-02  1.438849e-02  1.000000e-50  3.134635e-02  4.244604e-02  2.435766e-02  5.169579e-02  1.167523e-01  2.024666e-02  6.813977e-02 
7.588586e-02  5.957981e-03  3.888366e-02  9.125118e-02  4.264660e-02  2.822201e-02  2.163688e-02  1.028536e-01  8.247099e-02  1.207275e-01  2.226403e-02  2.728128e-02  1.000000e-50  5.926623e-02  4.703669e-02  3.167137e-02  4.201944e-02  1.009721e-01  1.254312e-02  4.640953e-02 
6.977336e-02  2.317291e-02  5.143876e-02  7.206519e-02  2.928444e-02  6.264324e-02  3.310415e-02  4.252610e-02  9.065444e-02  7.868602e-02  1.909855e-02  3.997963e-02  4.074357e-02  3.386809e-02  5.474917e-02  7.231984e-02  7.512096e-02  6.187930e-02  1.655208e-02  3.234021e-02 
1.177769e-01  1.223917e-02  9.048957e-02  1.101525e-01  2.427769e-02  5.216693e-02  3.330658e-02  2.066613e-02  7.463884e-02  5.116372e-02  1.645265e-02  4.093098e-02  2.929374e-02  4.735152e-02  5.216693e-02  1.274077e-01  4.715088e-02  1.645265e-02  1.565008e-02  2.026485e-02 
1.000000e-50  1.801802e-03  1.801802e-03  3.153153e-03  1.000000e-50  9.747748e-01  1.000000e-50  1.000000e-50  1.000000e-50  1.000000e-50  1.000000e-50  1.036036e-02  1.000000e-50  1.000000e-50  1.000000e-50  1.000000e-50  8.108108e-03  1.000000e-50  1.000000e-50  1.000000e-50 
6.547961e-02  3.216542e-02  6.031017e-02  9.075244e-02  6.375646e-02  1.493395e-02  2.986789e-02  5.226881e-02  8.845491e-02  1.085583e-01  2.010339e-02  3.618610e-02  1.000000e-50  4.882252e-02  5.686387e-02  4.824813e-02  7.007467e-02  5.801264e-02  1.550833e-02  3.963240e-02 
8.051408e-02  2.627103e-02  2.022302e-02  5.962956e-02  6.255906e-02  1.077301e-02  1.682102e-02  8.108108e-02  6.208656e-02  1.688717e-01  3.118503e-02  2.173502e-02  1.000000e-50  4.413154e-02  4.932905e-02  4.394254e-02  5.707806e-02  9.440559e-02  2.249102e-02  4.687205e-02 
1.538462e-02  4.201183e-02  4.704142e-01  3.372781e-02  4.142012e-03  1.000000e-50  1.000000e-50  5.325444e-03  1.124260e-02  7.692308e-03  1.000000e-50  2.248521e-01  6.508876e-03  8.284024e-03  2.071006e-02  1.035503e-01  1.000000e-50  1.183432e-02  1.775148e-02  1.656805e-02 
2.083333e-02  1.000000e-50  2.604167e-02  6.770833e-02  9.895833e-02  1.000000e-50  1.000000e-50  1.770833e-01  6.250000e-02  1.145833e-01  1.000000e-50  3.645833e-02  1.000000e-50  4.687500e-02  1.000000e-50  1.000000e-50  6.250000e-02  1.718750e-01  3.645833e-02  7.812500e-02 
6.844548e-02  1.000000e-50  7.656613e-02  7.366589e-02  4.118329e-02  9.338747e-02  1.000000e-50  4.002320e-02  8.526682e-02  5.510441e-02  6.960557e-03  6.786543e-02  1.000000e-50  3.480278e-02  6.496520e-02  1.194896e-01  7.598608e-02  6.148492e-02  1.000000e-50  3.480278e-02 
1.090909e-01  2.882483e-02  6.075388e-02  5.898004e-02  6.607539e-02  1.685144e-02  5.055432e-02  1.000000e-50  2.971175e-02  1.000000e-50  1.419069e-02  6.164080e-02  1.000000e-50  2.394678e-02  5.720621e-02  2.483370e-01  9.711752e-02  1.000000e-50  1.596452e-02  6.075388e-02 
7.215793e-02  2.541411e-02  3.698661e-02  5.627411e-02  4.334014e-02  3.539823e-02  1.837985e-02  3.267529e-02  6.512367e-02  9.757204e-02  1.906059e-02  2.064897e-02  2.058089e-01  2.813705e-02  5.060132e-02  4.742455e-02  3.154073e-02  5.105514e-02  2.927161e-02  3.312911e-02 
1.479756e-01  9.315657e-03  4.872805e-02  9.530634e-02  2.149767e-02  2.293085e-02  1.540666e-02  1.934790e-02  8.742386e-02  1.662487e-01  3.475457e-02  4.371193e-02  1.000000e-50  4.371193e-02  7.989968e-02  7.739162e-02  3.296310e-02  2.758868e-02  8.599068e-03  1.719814e-02 
1.028369e-01  3.368794e-02  1.507092e-01  7.801418e-02  1.000000e-50  2.127660e-02  3.900709e-02  1.000000e-50  6.914894e-02  8.865248e-02  2.304965e-02  1.010638e-01  1.000000e-50  3.723404e-02  5.673759e-02  8.156028e-02  4.078014e-02  4.255319e-02  1.000000e-50  3.368794e-02 
6.324405e-02  2.492560e-02  1.309524e-01  4.166667e-02  5.915179e-02  1.004464e-02  6.547619e-02  2.380952e-02  4.687500e-02  5.319940e-02  2.232143e-02  1.473214e-01  1.000000e-50  3.534226e-02  6.770833e-02  5.952381e-02  3.943452e-02  2.790179e-02  1.711310e-02  6.398810e-02 
1.758261e-01  2.859099e-02  3.561034e-02  5.975004e-02  1.010101e-01  5.649718e-02  3.543914e-02  8.902585e-03  5.136107e-02  3.817839e-02  3.064544e-02  2.362609e-02  1.000000e-50  3.680877e-02  6.608457e-02  1.148776e-01  3.954802e-02  1.000000e-50  2.568053e-02  7.156309e-02 
9.803922e-02  1.453915e-02  6.896092e-02  1.380552e-01  2.694411e-02  3.388022e-02  2.280912e-02  3.307990e-02  6.229158e-02  9.803922e-02  3.481393e-02  4.028278e-02  1.000000e-50  6.415900e-02  7.056156e-02  4.961985e-02  4.841937e-02  5.535548e-02  1.373883e-02  2.641056e-02 
4.873418e-02  4.113924e-02  2.462025e-01  6.645570e-02  2.025316e-02  1.329114e-01  3.797468e-02  1.000000e-50  4.683544e-02  1.000000e-50  1.139241e-02  1.537975e-01  1.582278e-02  2.215190e-02  1.265823e-02  8.354430e-02  5.063291e-02  1.000000e-50  9.493671e-03  1.000000e-50 
7.097259e-02  1.239204e-02  1.216673e-01  5.557642e-02  4.055576e-02  3.792715e-02  3.154337e-02  2.140443e-02  5.144574e-02  7.698085e-02  2.290650e-02  1.002629e-01  1.693579e-01  3.266992e-02  4.506196e-02  3.867818e-02  2.177995e-02  1.802478e-02  7.885843e-03  2.290650e-02 
9.136630e-02  1.508801e-02  8.046940e-02  1.374686e-01  3.604359e-02  6.370495e-02  2.514669e-02  4.861693e-02  8.382230e-02  4.777871e-02  1.000000e-50  4.442582e-02  2.933780e-02  7.795474e-02  8.130763e-02  7.879296e-02  4.358759e-02  1.000000e-50  1.508801e-02  1.000000e-50 
6.128734e-02  7.391438e-03  1.395134e-01  8.500154e-02  1.416692e-02  1.909455e-02  2.833385e-02  1.724669e-02  1.198029e-01  4.989221e-02  8.623345e-03  3.603326e-02  1.000000e-50  5.605174e-02  6.929473e-02  1.022482e-01  1.247305e-01  3.911303e-02  4.927626e-03  1.724669e-02 
1.601585e-01  1.131862e-02  4.881154e-02  9.252971e-02  2.009055e-02  3.056027e-02  1.046972e-02  3.890775e-02  9.069044e-02  1.331353e-01  3.381437e-02  4.272779e-02  2.122241e-03  5.560272e-02  7.555178e-02  5.574420e-02  2.461800e-02  3.678551e-02  1.146010e-02  2.490096e-02 
5.916350e-02  2.038023e-02  9.627376e-02  3.361217e-02  2.053232e-02  1.780989e-01  3.041825e-02  5.779468e-03  3.330798e-02  2.631179e-02  1.277567e-02  7.467681e-02  2.585551e-03  2.479087e-02  3.057034e-02  1.359696e-01  1.659316e-01  1.414449e-02  9.277567e-03  2.539924e-02 
1.694393e-01  1.150133e-02  1.146026e-01  1.790922e-01  1.000000e-50  8.030396e-02  1.000000e-50  1.000000e-50  9.755597e-02  8.215239e-04  1.622510e-02  6.900801e-02  1.000000e-50  6.140891e-02  7.229411e-02  8.092011e-02  4.682686e-02  1.000000e-50  1.000000e-50  1.000000e-50 
4.530917e-02  2.771855e-02  1.000000e-50  5.703625e-02  6.876333e-02  2.025586e-02  3.571429e-02  6.556503e-02  6.449893e-02  1.268657e-01  3.518124e-02  6.130064e-02  1.000000e-50  4.317697e-02  5.117271e-02  5.810235e-02  8.848614e-02  7.409382e-02  1.865672e-02  5.810235e-02 
6.152125e-02  1.000000e-50  6.711409e-02  7.382550e-02  5.145414e-02  5.928412e-02  3.803132e-02  4.474273e-02  2.572707e-02  1.029083e-01  2.572707e-02  2.684564e-02  1.588367e-01  2.572707e-02  5.369128e-02  6.263982e-02  3.020134e-02  6.040268e-02  1.000000e-50  3.131991e-02 
2.406680e-02  1.178782e-02  3.143418e-02  3.487230e-02  2.062868e-02  6.571709e-01  1.768173e-02  1.473477e-02  2.357564e-02  2.504912e-02  6.385069e-03  3.536346e-02  1.000000e-50  1.375246e-02  1.817289e-02  3.290766e-02  1.817289e-02  7.367387e-03  6.876228e-03  1.000000e-50 
1.188498e-01  2.619808e-02  1.265176e-01  8.753994e-02  1.000000e-50  8.306709e-03  8.115016e-02  3.067093e-02  8.498403e-02  4.600639e-02  2.236422e-02  5.942492e-02  1.000000e-50  4.472843e-02  6.198083e-02  1.246006e-01  2.683706e-02  1.000000e-50  5.111821e-03  4.472843e-02 
3.431373e-02  1.078431e-02  9.705882e-02  7.647059e-02  1.274510e-02  7.843137e-02  3.725490e-02  1.000000e-50  1.784314e-01  1.078431e-02  1.000000e-50  2.392157e-01  1.000000e-50  7.745098e-02  9.411765e-02  3.039216e-02  2.941176e-03  6.862745e-03  1.000000e-50  1.274510e-02 
1.000000e-50  1.000000e-50  2.096627e-02  1.823154e-03  1.000000e-50  9.525980e-01  9.115770e-04  1.000000e-50  5.469462e-03  1.000000e-50  1.000000e-50  1.000000e-50  1.000000e-50  1.000000e-50  1.000000e-50  1.549681e-02  2.734731e-03  1.000000e-50  1.000000e-50  1.000000e-50 
2.964008e-02  1.000000e-50  4.657728e-02  1.693719e-02  1.411433e-02  7.057163e-01  5.645730e-03  7.057163e-03  2.540579e-02  1.693719e-02  3.528582e-03  2.681722e-02  1.000000e-50  8.468596e-03  1.905434e-02  4.728299e-02  1.129146e-02  4.234298e-03  2.822865e-03  8.468596e-03 
6.600660e-03  1.000000e-50  4.620462e-02  1.000000e-50  2.178218e-01  1.000000e-50  1.221122e-01  2.640264e-02  1.000000e-50  1.452145e-01  1.000000e-50  5.280528e-02  1.000000e-50  1.000000e-50  4.620462e-02  1.000000e-50  1.452145e-01  1.000000e-50  1.000000e-50  1.914191e-01 
2.424002e-02  1.609378e-02  1.808067e-02  3.993642e-02  4.808265e-02  6.755414e-03  3.397576e-02  2.030598e-01  5.126167e-02  1.567653e-01  2.841248e-02  1.768329e-02  1.000000e-50  2.443870e-02  3.179018e-02  1.986887e-02  4.430757e-02  2.352474e-01  1.000000e-50  1.000000e-50 
7.711609e-02  3.512881e-03  3.780529e-02  3.613249e-02  4.851121e-03  1.338240e-02  6.691201e-03  1.000000e-50  3.613249e-02  4.182001e-03  6.858481e-03  8.865841e-03  6.945467e-01  9.869522e-03  2.174640e-02  2.827032e-02  3.345601e-03  1.000000e-50  1.672800e-03  5.018401e-03 
1.550329e-01  1.188670e-02  5.311077e-02  9.914011e-02  3.186646e-02  4.248862e-02  1.846232e-02  4.274153e-02  7.991907e-02  9.914011e-02  2.099140e-02  1.593323e-02  1.000000e-50  4.071826e-02  6.828528e-02  6.676783e-02  4.172989e-02  5.513404e-02  2.352049e-02  3.313101e-02 
4.980310e-02  5.559416e-03  2.710215e-02  4.053741e-02  1.459347e-02  1.621496e-02  6.717628e-03  2.478573e-02  4.632847e-02  3.520964e-02  8.339124e-03  1.922631e-02  5.543201e-01  8.339124e-03  2.061617e-02  4.679175e-02  1.899467e-02  3.937920e-02  6.022701e-03  1.111883e-02 
6.437768e-02  9.298999e-03  5.579399e-02  4.721030e-02  2.575107e-02  2.288984e-02  2.217454e-02  1.001431e-01  5.865522e-02  1.487840e-01  2.288984e-02  3.361946e-02  1.144492e-02  2.789700e-02  4.649499e-02  5.579399e-02  7.010014e-02  1.487840e-01  1.001431e-02  1.788269e-02 
7.885305e-02  1.000000e-50  1.200717e-01  1.953405e-01  2.867384e-02  2.150538e-02  3.046595e-02  5.376344e-02  1.111111e-01  3.225806e-02  1.000000e-50  4.121864e-02  1.000000e-50  3.225806e-02  6.451613e-02  6.093190e-02  5.017921e-02  7.885305e-02  1.000000e-50  1.000000e-50 
6.256983e-02  1.899441e-02  6.648045e-02  6.815642e-02  1.620112e-02  6.592179e-02  1.899441e-02  3.016760e-02  8.212291e-02  4.469274e-02  1.000000e-50  4.301676e-02  2.519553e-01  4.636872e-02  5.363128e-02  6.480447e-02  2.960894e-02  2.849162e-02  1.000000e-50  7.821229e-03 
6.643908e-02  1.000000e-50  6.801471e-02  8.902311e-02  1.969538e-02  3.440126e-02  2.100840e-02  3.650210e-02  3.860294e-02  4.595588e-02  1.286765e-02  3.492647e-02  2.652311e-01  3.650210e-02  2.836134e-02  6.512605e-02  3.308824e-02  4.989496e-02  2.232143e-02  3.203782e-02 
4.699503e-02  1.751017e-02  2.428830e-02  4.699503e-02  6.213285e-02  1.468595e-02  1.705829e-02  1.356756e-01  5.015816e-02  1.676457e-01  1.830095e-02  2.779033e-02  1.129688e-03  2.835517e-02  4.304112e-02  2.202892e-02  5.320831e-02  1.513782e-01  1.976954e-02  5.185269e-02 
1.060695e-02  1.000000e-50  1.000000e-50  2.946376e-03  1.000000e-50  9.693577e-01  5.303477e-03  1.000000e-50  7.071302e-03  1.000000e-50  1.000000e-50  1.178550e-03  1.000000e-50  3.535651e-03  1.000000e-50  1.000000e-50  1.000000e-50  1.000000e-50  1.000000e-50  1.000000e-50 
5.475155e-02  1.925934e-02  9.079404e-03  4.402135e-02  6.262037e-02  1.117042e-02  2.096517e-02  1.132449e-01  4.589226e-02  8.171463e-02  2.013977e-02  1.447202e-02  1.000000e-50  3.334617e-02  5.579706e-02  4.209542e-02  9.255489e-02  1.877511e-01  2.162549e-02  6.949871e-02 
1.034087e-01  2.240521e-02  4.040597e-02  9.249330e-02  3.753351e-02  3.925699e-02  2.221371e-02  7.793949e-02  6.606664e-02  1.359632e-01  2.987361e-02  2.508617e-02  5.744925e-03  4.710839e-02  6.664113e-02  3.140559e-02  3.868250e-02  6.951360e-02  1.704328e-02  3.121409e-02 
1.699546e-01  1.189917e-02  2.951307e-02  7.076875e-02  3.076562e-02  2.810396e-02  1.910130e-02  6.826366e-02  7.695319e-02  1.413026e-01  3.522781e-02  2.238923e-02  1.000000e-50  5.769532e-02  7.303899e-02  3.436668e-02  2.935651e-02  6.427118e-02  1.291686e-02  2.411148e-02 
1.196443e-01  1.000000e-50  1.000000e-50  8.245756e-02  3.476152e-02  4.931285e-02  1.000000e-50  4.769604e-02  7.679871e-02  1.253032e-01  1.000000e-50  1.000000e-50  1.495554e-01  3.556993e-02  4.607922e-02  5.173808e-02  5.173808e-02  5.254648e-02  3.880356e-02  3.799515e-02 
1.000000e-50  6.110283e-02  5.663189e-02  1.000000e-50  1.000000e-50  1.311475e-01  2.309985e-02  1.000000e-50  9.687034e-03  4.321908e-02  1.000000e-50  4.992548e-02  1.000000e-50  1.000000e-50  1.000000e-50  2.131148e-01  2.898659e-01  5.141580e-02  1.000000e-50  7.078987e-02 
1.354104e-01  1.378071e-02  3.115638e-02  6.650689e-02  3.235470e-02  2.756141e-02  3.175554e-02  1.917316e-02  7.070102e-02  1.671660e-01  4.313960e-02  8.448173e-02  1.000000e-50  5.272618e-02  7.429599e-02  5.692031e-02  2.576393e-02  2.636309e-02  5.991612e-03  3.475135e-02 
1.277407e-01  1.000000e-50  1.000000e-50  8.674929e-02  4.957102e-02  1.715920e-02  1.000000e-50  1.620591e-02  5.624404e-02  2.955195e-02  1.048618e-02  1.715920e-02  3.203051e-01  1.000000e-50  4.099142e-02  4.099142e-02  4.480458e-02  1.086749e-01  8.579600e-03  2.478551e-02 
5.621693e-02  1.455026e-02  1.369048e-01  5.092593e-02  1.719577e-02  1.044974e-01  4.298942e-02  4.629630e-03  6.481481e-02  1.984127e-02  1.653439e-02  2.870370e-01  1.000000e-50  4.828042e-02  4.298942e-02  5.820106e-02  4.629630e-03  1.000000e-50  4.629630e-03  2.513228e-02 
5.269534e-02  1.332526e-02  1.211387e-01  3.270745e-02  5.511811e-02  1.926105e-01  3.452453e-02  1.000000e-50  6.420351e-02  3.937008e-02  2.483343e-02  1.811024e-01  1.000000e-50  2.967898e-02  4.845548e-02  4.239855e-02  3.028468e-03  1.000000e-50  2.543913e-02  3.937008e-02 
1.000000e-50  1.000000e-50  1.000000e-50  1.000000e-50  1.000000e-50  9.968534e-01  1.000000e-50  1.000000e-50  1.000000e-50  1.000000e-50  3.146633e-03  1.000000e-50  1.000000e-50  1.000000e-50  1.000000e-50  1.000000e-50  1.000000e-50  1.000000e-50  1.000000e-50  1.000000e-50 


#DOUBLE_60x3_DISCRETE_SS_EMISSION
1.000000e+00  1.000000e-50  1.000000e-50 
1.000000e-50  1.000000e-50  1.000000e+00 
1.000000e-50  2.814462e-03  9.971855e-01 
1.000000e-50  5.809199e-01  4.190801e-01 
1.000000e-50  5.790906e-02  9.420909e-01 
1.000000e-50  2.158541e-02  9.784146e-01 
1.000000e-50  1.000000e-50  1.000000e+00 
1.000000e-50  8.665824e-03  9.913342e-01 
1.000000e+00  1.000000e-50  1.000000e-50 
1.000000e+00  1.000000e-50  1.000000e-50 
2.531646e-04  2.025316e-03  9.977215e-01 
1.000000e-50  1.000000e-50  1.000000e+00 
1.000000e-50  1.308664e-02  9.869134e-01 
9.953569e-01  1.000000e-50  4.643064e-03 
1.000000e-50  1.000000e-50  1.000000e+00 
1.199041e-03  1.000000e-50  9.988010e-01 
1.347150e-01  1.000000e-50  8.652850e-01 
3.739931e-02  1.000000e-50  9.626007e-01 
1.000000e-50  1.000000e-50  1.000000e+00 
1.000000e-50  1.000000e+00  1.000000e-50 
1.000000e+00  1.000000e-50  1.000000e-50 
7.042254e-03  5.105634e-02  9.419014e-01 
1.000000e-50  1.671620e-02  9.832838e-01 
1.000000e-50  1.000000e+00  1.000000e-50 
1.000000e+00  1.000000e-50  1.000000e-50 
1.000000e-50  1.000000e-50  1.000000e+00 
9.654660e-03  1.596732e-02  9.743780e-01 
1.000000e+00  1.000000e-50  1.000000e-50 
1.000000e-50  1.000000e-50  1.000000e+00 
9.998589e-01  1.000000e-50  1.411233e-04 
1.000000e-50  1.043399e-02  9.895660e-01 
1.000000e+00  1.000000e-50  1.000000e-50 
1.000000e+00  1.000000e-50  1.000000e-50 
9.331849e-01  1.000000e-50  6.681514e-02 
1.000000e-50  6.882989e-03  9.931170e-01 
1.000000e-50  1.000000e-50  1.000000e+00 
1.000000e-50  1.000000e-50  1.000000e+00 
1.000000e-50  9.233610e-01  7.663897e-02 
5.454545e-02  2.587413e-02  9.195804e-01 
9.904459e-01  1.000000e-50  9.554140e-03 
1.000000e-50  1.000000e+00  1.000000e-50 
3.348962e-04  6.697924e-04  9.989953e-01 
1.000000e-50  1.000000e-50  1.000000e+00 
1.000000e-50  4.594533e-03  9.954055e-01 
1.000000e-50  9.863994e-01  1.360057e-02 
1.000000e-50  1.000000e-50  1.000000e+00 
1.000000e-50  1.000000e-50  1.000000e+00 
1.000000e+00  1.000000e-50  1.000000e-50 
1.000000e-50  1.000000e+00  1.000000e-50 
3.554502e-03  9.300948e-02  9.034360e-01 
1.000000e-50  1.000000e+00  1.000000e-50 
1.000000e+00  1.000000e-50  1.000000e-50 
1.000000e+00  1.000000e-50  1.000000e-50 
1.000000e+00  1.000000e-50  1.000000e-50 
1.000000e-50  1.000000e+00  1.000000e-50 
6.790865e-02  1.000000e-50  9.320913e-01 
1.000000e-50  1.000000e-50  1.000000e+00 
1.000000e-50  9.030544e-02  9.096946e-01 
7.888350e-03  1.000000e-50  9.921117e-01 
1.000000e-50  1.000000e-50  1.000000e+00 


#DOUBLE_60x2_DISCRETE_CIS_EMISSION
1.000000e+00  1.000000e-50 
9.990876e-01  9.124088e-04 
1.000000e+00  1.000000e-50 
1.000000e+00  1.000000e-50 
1.000000e+00  1.000000e-50 
1.000000e+00  1.000000e-50 
1.000000e+00  1.000000e-50 
9.969654e-01  3.034630e-03 
1.000000e+00  1.000000e-50 
1.000000e+00  1.000000e-50 
1.000000e+00  1.000000e-50 
1.000000e+00  1.000000e-50 
1.000000e+00  1.000000e-50 
1.000000e+00  1.000000e-50 
1.000000e+00  1.000000e-50 
1.000000e+00  1.000000e-50 
1.000000e+00  1.000000e-50 
1.000000e+00  1.000000e-50 
1.000000e+00  1.000000e-50 
9.972746e-01  2.725414e-03 
1.000000e+00  1.000000e-50 
1.000000e+00  1.000000e-50 
1.000000e+00  1.000000e-50 
1.000000e+00  1.000000e-50 
1.000000e+00  1.000000e-50 
1.000000e+00  1.000000e-50 
9.699332e-01  3.006682e-02 
1.000000e+00  1.000000e-50 
1.000000e+00  1.000000e-50 
1.000000e+00  1.000000e-50 
9.980261e-01  1.973884e-03 
1.000000e+00  1.000000e-50 
1.000000e+00  1.000000e-50 
1.000000e+00  1.000000e-50 
1.000000e+00  1.000000e-50 
1.000000e+00  1.000000e-50 
1.000000e+00  1.000000e-50 
1.000000e+00  1.000000e-50 
1.000000e+00  1.000000e-50 
1.000000e+00  1.000000e-50 
1.000000e+00  1.000000e-50 
9.496475e-01  5.035247e-02 
1.000000e+00  1.000000e-50 
9.803876e-01  1.961237e-02 
1.000000e+00  1.000000e-50 
1.000000e+00  1.000000e-50 
1.000000e+00  1.000000e-50 
1.000000e+00  1.000000e-50 
1.000000e+00  1.000000e-50 
9.964623e-01  3.537736e-03 
9.998899e-01  1.101261e-04 
1.000000e+00  1.000000e-50 
1.000000e+00  1.000000e-50 
1.000000e+00  1.000000e-50 
1.000000e+00  1.000000e-50 
1.000000e+00  1.000000e-50 
1.000000e+00  1.000000e-50 
1.000000e+00  1.000000e-50 
1.000000e+00  1.000000e-50 
1.000000e+00  1.000000e-50 


#DOUBLE_60x3_TORUS_TORUS_KAPPA
4.634299e+02  3.736466e+02  1.696466e+02 
1.346690e+01  1.206736e+01  2.969770e+00 
1.039169e+02  9.258583e+01  3.879333e+01 
3.922782e+00  1.003605e+01  -4.501123e+00 
3.570241e+01  3.633276e+01  1.138768e+01 
4.805161e+01  4.456118e+01  1.515830e+01 
1.499735e+01  1.685222e+01  3.304346e+00 
2.993888e+01  2.809194e+01  8.303111e+00 
4.331064e+02  4.400370e+02  1.635769e+02 
2.009027e+02  1.502006e+02  6.423574e+01 
5.132258e+00  5.930860e+00  2.588088e-01 
1.926434e+02  1.190056e+02  5.682023e+01 
7.825069e+01  6.650457e+01  2.813039e+01 
2.835123e+01  2.486555e+01  7.220872e+00 
1.713279e+01  1.652121e+01  2.031265e+00 
7.002769e+00  9.747925e+00  -6.483960e+00 
1.670212e+01  2.162570e+01  -1.184645e+00 
3.835138e+00  2.780108e+00  -1.642075e-01 
2.758402e+01  2.954704e+01  5.913339e+00 
2.866253e+01  2.363799e+01  4.165632e+00 
6.888541e+01  5.837839e+01  2.048368e+01 
1.046972e+01  1.960029e+00  -3.082875e+00 
1.336072e+01  8.075740e+00  -4.000226e-02 
3.390162e+01  1.904757e+01  4.123011e+00 
3.239906e+02  2.439420e+02  8.975994e+01 
1.217263e+01  1.259893e+01  3.076901e+00 
3.513334e+01  4.549241e+00  -1.493246e+00 
5.569248e+01  4.657652e+01  1.719283e+01 
2.663546e+01  3.498595e+01  1.091998e+01 
2.150866e+02  1.427723e+02  6.106550e+01 
3.545023e+00  4.432779e+00  -1.301510e+00 
4.917783e+02  3.315756e+02  1.401691e+02 
2.382513e+01  2.631506e+01  8.934170e+00 
3.067626e+01  2.497411e+01  8.980652e+00 
6.672726e+00  4.065400e+00  1.039616e+00 
7.671730e+01  5.691779e+01  1.473300e+01 
1.188171e+02  7.326331e+01  3.321254e+01 
5.121643e+00  1.375284e+01  1.614185e+00 
2.716006e+01  1.280096e+01  6.174411e+00 
3.343034e+01  4.704695e+01  1.149167e+01 
2.238278e+01  2.442417e+01  1.312754e+00 
6.821703e+01  4.692720e+01  1.864093e+01 
1.138222e+02  8.300687e+01  3.263755e+01 
8.040562e+01  6.234689e+01  2.822204e+01 
1.350528e+01  1.296582e+01  2.885038e+00 
1.011486e+01  1.921289e+01  -2.464405e+00 
1.105960e+01  6.368616e+00  1.466978e+00 
1.700329e+02  1.305095e+02  5.453826e+01 
2.539361e+01  2.393623e+01  3.053876e+00 
3.195915e+00  4.865949e+00  -3.974895e-01 
2.562472e+01  1.934496e+01  3.660136e+00 
4.070523e+01  3.467379e+01  6.576017e+00 
7.015407e+02  6.222081e+02  2.450613e+02 
2.140956e+02  1.482301e+02  6.545125e+01 
1.181026e+01  1.710367e+01  2.573806e+00 
8.042590e+01  8.755935e+01  3.065576e+01 
1.283370e+02  1.050651e+02  2.323759e+01 
1.199163e+02  7.366245e+01  3.345636e+01 
1.579560e+02  8.611438e+01  4.764010e+01 
6.887354e+01  8.290493e+01  3.162350e+01 


#DOUBLE_60x2_TORUS_TORUS_MU
-1.050462e+00  -7.119792e-01 
-2.109581e+00  2.404636e+00 
-1.515225e+00  -8.865580e-02 
-1.754331e+00  1.876674e+00 
-1.315009e+00  2.625708e+00 
-1.369113e+00  2.891839e+00 
-1.579125e+00  -3.847667e-01 
-1.895305e+00  2.175879e-01 
-1.113963e+00  -8.235537e-01 
-1.292495e+00  -7.901643e-01 
-1.463867e+00  -7.707750e-01 
-1.149490e+00  -3.025562e-01 
1.515131e+00  -6.361118e-02 
-1.602446e+00  -6.366003e-01 
-1.348256e+00  2.440046e+00 
-1.478606e+00  1.991042e+00 
-1.974411e+00  -9.959035e-01 
-2.250282e+00  -2.024180e-01 
-2.653268e+00  2.811883e+00 
-1.313735e+00  2.447683e+00 
-1.328681e+00  -3.875417e-01 
9.433899e-01  1.365600e+00 
-2.339245e+00  1.373885e+00 
-2.659536e+00  2.675859e+00 
-1.201835e+00  -6.595772e-01 
-1.705432e+00  2.291521e-01 
-1.464815e+00  1.258361e+00 
-1.099893e+00  -4.310476e-01 
-1.559067e+00  -4.337301e-01 
-1.090988e+00  -5.536017e-01 
-2.198316e+00  2.901996e+00 
-1.085215e+00  -7.210470e-01 
-1.642689e+00  -3.609299e-01 
-9.551250e-01  -7.332138e-01 
1.500189e+00  3.766863e-02 
-1.028279e+00  2.329423e+00 
9.938373e-01  7.587015e-01 
3.082074e+00  -2.994253e+00 
1.153349e+00  -2.557914e+00 
-1.881399e+00  -1.254951e-01 
-2.073919e+00  2.060739e+00 
-1.152946e+00  2.605367e+00 
-1.005181e+00  -6.104143e-01 
-1.101900e+00  -4.152864e-01 
-1.657517e+00  -5.279753e-01 
-1.359681e+00  -7.420399e-01 
-1.154131e+00  2.373748e+00 
-1.033334e+00  -6.286658e-01 
-1.717483e+00  2.210556e+00 
2.045055e+00  3.102327e+00 
-2.187580e+00  2.441476e+00 
-1.016937e+00  -8.365193e-01 
-1.104378e+00  -7.340635e-01 
-9.185162e-01  -7.647846e-01 
-2.186610e+00  2.831183e+00 
-1.555353e+00  7.025571e-02 
-9.826357e-01  2.327828e+00 
9.430711e-01  7.458219e-01 
1.096869e+00  4.218468e-01 
1.479829e+00  2.668550e-01 


