#DOUBLE_1x20_DISCRETE_HIDDEN_START
6.906077e-03  1.705801e-01  4.765193e-02  1.312155e-02  1.167127e-01  6.698895e-02  1.795580e-02  7.596685e-03  2.417127e-02  1.588398e-02  2.693370e-02  3.453039e-02  1.174033e-01  8.839779e-02  6.215470e-02  4.627072e-02  1.000000e-50  1.291436e-01  1.000000e-50  7.596685e-03  

#DOUBLE_20x20_DISCRETE_HIDDEN_TRANSITION
1.080178e-02  1.741648e-01  3.685969e-02  1.118040e-01  1.091314e-01  5.445434e-02  1.514477e-02  3.563474e-03  1.792873e-02  2.227171e-04  4.610245e-02  3.051225e-02  9.832962e-02  2.004454e-03  2.772829e-02  1.000000e-50  1.000000e-50  9.031180e-02  1.000000e-50  1.709354e-01 
1.000000e-50  1.317532e-01  3.762227e-04  2.249812e-02  1.288187e-01  1.090293e-01  1.000000e-50  1.000000e-50  4.905944e-02  1.000000e-50  3.912716e-03  1.662904e-02  1.188864e-01  8.058691e-02  6.267871e-02  2.483070e-02  1.000000e-50  2.413093e-01  1.000000e-50  9.631302e-03 
1.000000e-50  1.000000e-50  1.000000e-50  1.000000e-50  1.000000e-50  1.000000e-50  1.000000e-50  3.819942e-01  1.000000e-50  5.901258e-01  1.000000e-50  1.000000e-50  7.744434e-04  1.000000e-50  1.000000e-50  1.000000e-50  1.000000e-50  1.000000e-50  2.710552e-02  1.000000e-50 
1.594533e-02  1.876993e-01  2.209567e-02  6.628702e-02  1.243736e-01  4.487472e-02  1.000000e-50  2.961276e-03  3.917995e-02  3.416856e-03  3.553531e-02  1.685649e-02  8.200456e-02  7.995444e-02  3.576310e-02  5.375854e-02  1.822323e-03  6.082005e-02  1.000000e-50  1.266515e-01 
1.586355e-02  1.044847e-01  3.065363e-02  3.190601e-02  1.769442e-01  5.140744e-02  1.000000e-50  8.647424e-03  6.261927e-03  1.000000e-50  4.508588e-02  5.510496e-02  1.289957e-01  1.771231e-01  3.530534e-02  6.458731e-02  1.000000e-50  2.952052e-02  7.216126e-03  3.089218e-02 
2.757240e-02  5.452865e-02  1.233826e-01  1.802218e-02  1.224584e-01  3.558226e-02  7.624769e-02  9.242144e-03  1.340111e-02  1.786815e-02  1.834566e-01  2.587800e-02  4.574861e-02  6.053604e-02  4.359211e-02  3.250154e-02  1.000000e-50  1.065927e-01  1.000000e-50  3.388786e-03 
1.000000e-50  1.000000e-50  1.000000e-50  1.000000e-50  1.000000e-50  1.000000e-50  7.694393e-01  1.200736e-02  1.000000e-50  1.983797e-01  1.000000e-50  1.000000e-50  7.746683e-04  1.000000e-50  1.000000e-50  1.000000e-50  1.000000e-50  1.000000e-50  1.939899e-02  1.000000e-50 
1.000000e-50  1.000000e-50  1.000000e-50  1.000000e-50  1.000000e-50  1.000000e-50  4.777121e-01  8.843266e-02  1.000000e-50  3.643553e-01  1.000000e-50  1.000000e-50  1.000000e-50  1.000000e-50  1.000000e-50  1.000000e-50  1.000000e-50  1.000000e-50  6.949992e-02  1.000000e-50 
1.175531e-02  6.003196e-02  1.574983e-02  9.815111e-03  7.852089e-02  2.990185e-02  2.624971e-03  1.000000e-50  6.847752e-02  1.000000e-50  6.277106e-02  1.095640e-02  4.884730e-02  3.047249e-02  2.643232e-01  1.446017e-01  1.314768e-01  2.613559e-02  1.000000e-50  3.538005e-03 
1.201821e-01  1.000000e-50  1.000000e-50  1.000000e-50  1.000000e-50  1.000000e-50  1.000000e-50  5.449881e-01  1.000000e-50  7.452062e-02  2.905150e-02  1.000000e-50  1.000000e-50  1.000000e-50  1.000000e-50  1.000000e-50  1.000000e-50  1.000000e-50  2.312576e-01  1.000000e-50 
4.493776e-01  1.344398e-02  1.000000e-50  3.070539e-03  1.745228e-01  1.000000e-50  1.000000e-50  1.000000e-50  1.000000e-50  1.526971e-02  2.748548e-01  6.390041e-03  4.514523e-02  1.792531e-02  1.000000e-50  1.000000e-50  1.000000e-50  1.000000e-50  1.000000e-50  1.000000e-50 
7.117136e-02  6.608769e-02  3.918661e-02  1.758102e-02  1.493328e-01  3.918661e-02  1.355645e-02  2.965473e-03  5.295488e-02  5.507308e-03  7.689049e-02  6.439314e-02  9.637789e-02  7.964414e-02  5.825037e-02  6.841771e-02  1.059098e-03  8.303326e-02  6.778225e-03  7.625503e-03 
2.511374e-02  8.034577e-02  1.013649e-01  1.974522e-02  1.284804e-01  2.429481e-02  2.038217e-02  5.095541e-03  1.373976e-02  5.277525e-03  2.017288e-01  4.904459e-02  7.534122e-02  9.353958e-02  1.182894e-02  1.565059e-02  1.000000e-50  1.144677e-01  1.000000e-50  1.455869e-02 
1.782996e-02  1.058926e-01  4.207436e-02  1.782996e-02  1.377473e-01  5.936073e-02  2.293977e-02  4.892368e-03  1.163296e-02  1.076321e-02  9.969559e-02  5.468580e-02  9.382474e-02  8.490976e-02  4.740161e-02  3.076756e-02  1.000000e-50  1.504675e-01  1.000000e-50  7.284192e-03 
1.000000e-50  1.247365e-02  1.000000e-50  1.754914e-02  1.638780e-02  2.236655e-02  1.000000e-50  1.000000e-50  1.964386e-01  1.000000e-50  1.000000e-50  1.866747e-02  2.271065e-02  1.277474e-02  5.403673e-01  1.205213e-01  4.559336e-03  1.393608e-02  1.000000e-50  1.247365e-03 
4.754123e-03  8.988263e-03  8.171148e-04  1.649086e-02  2.956470e-02  1.879364e-02  1.000000e-50  1.000000e-50  1.169217e-01  1.000000e-50  1.500520e-02  2.793047e-02  2.131927e-02  2.221067e-02  3.188234e-01  3.747586e-01  8.468281e-03  1.262814e-02  1.000000e-50  2.525628e-03 
1.000000e-50  1.000000e-50  1.000000e-50  5.551700e-03  1.000000e-50  1.000000e-50  1.000000e-50  1.000000e-50  4.094379e-02  1.000000e-50  1.000000e-50  7.702984e-02  1.000000e-50  1.000000e-50  4.580153e-02  7.931992e-01  3.747398e-02  1.000000e-50  1.000000e-50  1.000000e-50 
1.000000e-50  1.073490e-01  5.875765e-02  4.583441e-02  1.231154e-01  4.436978e-02  1.000000e-50  1.000000e-50  1.378479e-02  1.000000e-50  8.512105e-02  2.231412e-02  5.677608e-02  6.573619e-02  6.125614e-02  3.342810e-02  1.000000e-50  1.496511e-01  1.000000e-50  1.325062e-01 
1.822209e-02  3.261854e-02  7.691533e-02  3.644418e-02  6.644518e-02  1.520185e-02  1.000000e-50  1.731602e-02  1.610792e-03  2.053760e-02  3.966576e-02  3.130978e-02  8.074096e-02  8.859358e-03  3.120910e-03  1.000000e-50  1.000000e-50  2.899426e-02  4.622974e-01  5.969999e-02 
1.396226e-02  3.967925e-01  6.981132e-03  1.113208e-02  1.364151e-01  1.071698e-01  1.377358e-02  1.075472e-02  2.584906e-02  1.000000e-50  1.811321e-02  1.490566e-02  4.981132e-02  4.830189e-02  6.000000e-02  2.226415e-02  1.000000e-50  5.415094e-02  1.000000e-50  9.622642e-03 


#DOUBLE_1x20_DISCRETE_HIDDEN_DOMINANT-EIGENVECTOR
4.049384e-02  5.864413e-02  2.252595e-02  1.970345e-02  7.447792e-02  2.882268e-02  1.391371e-01  5.574087e-02  3.894861e-02  6.952067e-02  5.358359e-02  2.109237e-02  4.874226e-02  4.069033e-02  1.029046e-01  5.927155e-02  6.389634e-03  5.115785e-02  4.452513e-02  2.362754e-02  

#DOUBLE_20x20_DISCRETE_AA_EMISSION
7.379386e-02  1.151316e-02  1.300439e-01  6.688596e-02  4.166667e-02  4.791667e-02  3.464912e-02  1.326754e-02  5.405702e-02  9.418860e-02  2.357456e-02  1.000000e-01  1.000000e-50  5.372807e-02  5.142544e-02  7.960526e-02  5.537281e-02  1.282895e-02  1.469298e-02  4.078947e-02 
5.749869e-02  2.050861e-02  1.000000e-50  6.838690e-02  5.891565e-02  1.000000e-50  1.737639e-02  1.223805e-01  8.516668e-02  1.481095e-01  2.714595e-02  1.267805e-02  1.000000e-50  5.712581e-02  4.951898e-02  1.230517e-02  6.003431e-02  1.391603e-01  1.789843e-02  4.579014e-02 
9.052307e-02  1.000000e-50  5.018336e-02  8.396063e-02  3.339124e-02  4.226983e-02  1.852924e-02  5.346458e-02  5.095541e-02  9.669948e-02  1.563405e-02  2.007334e-02  1.617448e-01  3.223316e-02  4.477900e-02  4.651612e-02  3.821656e-02  6.022003e-02  2.644277e-02  3.416329e-02 
5.329436e-02  1.619069e-02  1.259276e-01  5.846638e-02  2.810884e-02  9.961772e-02  3.597931e-02  3.597931e-03  9.062289e-02  3.125703e-02  1.686530e-02  2.291432e-01  1.000000e-50  5.082078e-02  5.959074e-02  5.014617e-02  8.545087e-03  6.071509e-03  1.079379e-02  2.496065e-02 
5.857617e-02  2.031509e-02  8.031272e-02  7.018479e-02  3.381900e-02  4.234778e-02  2.517176e-02  3.707652e-02  8.493248e-02  7.598910e-02  1.522151e-02  4.690832e-02  4.981047e-02  3.743189e-02  5.561478e-02  7.433073e-02  9.707415e-02  5.093580e-02  1.273395e-02  3.121298e-02 
4.089611e-02  2.119982e-02  1.296046e-01  2.255300e-02  4.209893e-03  2.113968e-01  1.698993e-02  1.000000e-50  2.195159e-02  2.089911e-02  5.563073e-03  6.931289e-02  3.533303e-02  1.804240e-02  2.510901e-02  2.080890e-01  1.354684e-01  1.000000e-50  2.856713e-03  1.052473e-02 
1.383510e-01  1.362889e-02  3.959790e-02  8.277218e-02  4.091890e-02  3.022199e-02  1.804298e-02  7.056094e-02  7.017431e-02  1.300061e-01  3.022199e-02  2.809550e-02  1.000000e-50  4.939266e-02  6.360151e-02  3.482940e-02  3.756806e-02  7.307407e-02  1.501434e-02  3.392725e-02 
8.211635e-02  8.937834e-03  6.240524e-02  1.056580e-01  4.660442e-02  4.045966e-02  2.577608e-02  7.477456e-02  5.689889e-02  1.048599e-01  2.362142e-02  2.793073e-02  1.596042e-03  5.163195e-02  4.987631e-02  3.543213e-02  5.474423e-02  9.001676e-02  1.492299e-02  4.173649e-02 
6.336992e-02  2.614009e-02  7.049904e-02  4.933801e-02  4.628268e-02  3.360869e-02  2.059522e-02  6.054091e-02  5.861718e-02  1.135001e-01  1.901098e-02  4.390630e-02  1.028630e-01  2.715854e-02  4.628268e-02  4.503791e-02  3.790879e-02  8.011769e-02  2.229263e-02  3.292973e-02 
1.382098e-01  1.110042e-02  5.992942e-02  1.106833e-01  1.931344e-02  3.580366e-02  1.578441e-02  3.368624e-02  7.770292e-02  1.061277e-01  2.906641e-02  4.068014e-02  4.241258e-02  5.293551e-02  7.058069e-02  6.236766e-02  2.656400e-02  3.156882e-02  1.276869e-02  2.271415e-02 
1.129524e-01  1.063567e-02  6.018633e-02  9.143375e-02  2.209580e-02  3.784319e-02  2.110644e-02  3.025806e-02  6.958529e-02  6.208261e-02  1.475802e-02  2.514634e-02  1.667903e-01  3.380328e-02  4.831396e-02  8.549757e-02  3.289636e-02  3.776074e-02  1.566494e-02  2.118889e-02 
2.402340e-02  4.386881e-03  2.924587e-02  1.629413e-02  7.311469e-03  7.756424e-01  9.191560e-03  5.849175e-03  2.130771e-02  1.462294e-02  3.760184e-03  1.545853e-02  1.044496e-03  8.564863e-03  1.253395e-02  2.799248e-02  9.818258e-03  6.266973e-03  1.462294e-03  5.222478e-03 
4.752886e-02  2.543290e-02  1.967893e-01  4.725830e-02  4.148629e-02  2.326840e-02  4.049423e-02  2.876984e-02  4.608586e-02  5.014430e-02  1.551227e-02  1.507937e-01  4.049423e-02  2.732684e-02  4.843074e-02  6.051587e-02  2.958153e-02  3.309885e-02  1.064214e-02  3.634560e-02 
6.702355e-02  2.334047e-02  5.524625e-02  5.085653e-02  4.668094e-02  4.721627e-02  3.982869e-02  2.280514e-02  5.021413e-02  2.890792e-02  1.691649e-02  5.460385e-02  1.000000e-50  3.683084e-02  5.749465e-02  1.398287e-01  1.390792e-01  6.349036e-02  1.423983e-02  4.539615e-02 
3.469177e-02  1.771129e-02  1.491703e-02  4.225776e-02  5.463847e-02  4.986674e-03  2.149428e-02  1.543289e-01  4.440719e-02  1.321468e-01  2.029060e-02  2.037658e-02  1.000000e-50  2.802854e-02  4.479408e-02  2.489038e-02  7.028630e-02  2.043246e-01  1.487404e-02  5.055455e-02 
1.166383e-01  2.660951e-02  2.742257e-02  4.804494e-02  7.901545e-02  8.537216e-02  2.890088e-02  2.860522e-02  4.649272e-02  3.363146e-02  2.269199e-02  2.106586e-02  1.000000e-50  3.385320e-02  5.528864e-02  1.015596e-01  8.943750e-02  5.979747e-02  2.357898e-02  7.199350e-02 
6.375606e-02  9.702010e-03  5.474705e-02  4.989605e-02  2.494802e-02  2.425502e-02  2.494802e-02  9.563410e-02  5.613306e-02  1.455301e-01  2.356202e-02  3.118503e-02  2.217602e-02  2.910603e-02  4.504505e-02  5.821206e-02  6.930007e-02  1.434511e-01  1.039501e-02  1.801802e-02 
1.124180e-01  1.107986e-02  4.789909e-02  5.625160e-02  2.105173e-02  8.608199e-03  1.764255e-02  1.389244e-02  4.815478e-02  4.977414e-02  1.576749e-02  1.704594e-02  3.927384e-01  1.934714e-02  3.971704e-02  5.360948e-02  2.292679e-02  2.224495e-02  9.375266e-03  2.045513e-02 
8.595074e-02  2.044072e-02  3.549706e-02  8.176289e-02  5.314588e-02  1.944361e-02  2.702164e-02  5.294646e-02  8.036694e-02  1.388972e-01  2.841759e-02  4.297537e-02  1.096819e-03  4.576727e-02  6.541031e-02  5.324559e-02  5.693489e-02  5.633662e-02  1.266328e-02  4.167913e-02 
6.583898e-03  2.257336e-03  8.465011e-03  5.831452e-03  6.772009e-03  9.151618e-01  6.019564e-03  5.643341e-04  5.079007e-03  4.514673e-03  2.257336e-03  1.561324e-02  1.000000e-50  1.128668e-03  2.633559e-03  5.455229e-03  5.267118e-03  1.000000e-50  2.445448e-03  3.950339e-03 


#DOUBLE_20x3_DISCRETE_SS_EMISSION
1.000000e-50  1.000000e-50  1.000000e+00 
1.000000e-50  1.000000e-50  1.000000e+00 
1.000000e+00  1.000000e-50  1.000000e-50 
4.046763e-03  3.552158e-02  9.604317e-01 
1.417016e-03  1.121804e-03  9.974612e-01 
1.000000e-50  1.000000e-50  1.000000e+00 
1.000000e+00  1.000000e-50  1.000000e-50 
1.000000e+00  1.000000e-50  1.000000e-50 
1.000000e-50  1.000000e+00  1.000000e-50 
1.000000e+00  1.000000e-50  1.000000e-50 
1.000000e-50  1.000000e-50  1.000000e+00 
2.079434e-02  1.455604e-01  8.336452e-01 
3.521445e-03  2.031603e-02  9.761625e-01 
1.000000e-50  1.000000e-50  1.000000e+00 
1.000000e-50  1.000000e+00  1.000000e-50 
1.000000e-50  1.000000e+00  1.000000e-50 
1.000000e-50  1.000000e+00  1.000000e-50 
2.552757e-04  2.722941e-03  9.970218e-01 
9.994004e-01  1.000000e-50  5.995803e-04 
1.000000e-50  3.767188e-03  9.962328e-01 


#DOUBLE_20x2_DISCRETE_CIS_EMISSION
1.000000e+00  1.000000e-50 
1.000000e+00  1.000000e-50 
1.000000e+00  1.000000e-50 
1.000000e+00  1.000000e-50 
9.902199e-01  9.780096e-03 
1.000000e+00  1.000000e-50 
1.000000e+00  1.000000e-50 
1.000000e+00  1.000000e-50 
1.000000e+00  1.000000e-50 
1.000000e+00  1.000000e-50 
1.000000e+00  1.000000e-50 
9.985411e-01  1.458941e-03 
9.985575e-01  1.442481e-03 
9.983861e-01  1.613944e-03 
9.999142e-01  8.575962e-05 
1.000000e+00  1.000000e-50 
1.000000e+00  1.000000e-50 
9.729156e-01  2.708439e-02 
1.000000e+00  1.000000e-50 
1.000000e+00  1.000000e-50 


#DOUBLE_20x3_TORUS_TORUS_KAPPA
6.666897e+01  6.456753e+01  2.652919e+01 
7.920043e+00  1.261709e+01  6.364711e-01 
1.236458e+02  8.666530e+01  3.891931e+01 
7.598379e+01  3.564432e+01  1.745982e+01 
9.100424e+00  7.681106e+00  2.048139e+00 
2.646578e+01  1.707124e+01  6.404274e+00 
3.910464e+02  3.169078e+02  1.225854e+02 
1.726383e+02  1.402458e+02  5.349466e+01 
1.488806e+01  7.887824e+00  -3.785607e+00 
1.799625e+02  1.332430e+02  5.635270e+01 
1.303765e+02  8.179926e+01  4.057181e+01 
3.352931e+00  3.549477e+00  4.855565e-01 
3.427959e+00  3.164614e+00  -1.656920e+00 
1.025164e+01  9.156079e+00  -1.184540e-01 
1.912008e+01  1.809403e+01  1.936771e+00 
1.440544e+01  1.564858e+01  2.218831e+00 
1.262268e+01  1.127098e+01  2.462110e+00 
6.798076e+01  4.430625e+01  1.801923e+01 
1.908365e+01  1.949879e+01  6.275336e+00 
3.090432e+01  2.452605e+01  9.285614e+00 


#DOUBLE_20x2_TORUS_TORUS_MU
-1.590678e+00  2.576334e-02 
-1.620154e+00  2.407470e+00 
-9.656178e-01  -6.989647e-01 
9.845794e-01  6.938537e-01 
-1.631821e+00  -3.493165e-01 
-1.415389e+00  2.863544e+00 
-1.092218e+00  -7.468464e-01 
-1.184466e+00  -7.671034e-01 
-1.439107e+00  2.293543e+00 
-1.085422e+00  -6.036038e-01 
-1.074080e+00  -4.481412e-01 
1.746361e+00  -2.829838e+00 
-1.808374e+00  1.595256e+00 
-2.465203e+00  2.760434e+00 
-2.044971e+00  2.260779e+00 
-2.465283e+00  2.679500e+00 
-1.654354e+00  -5.107469e-01 
-1.120211e+00  2.517941e+00 
-1.383845e+00  -5.373943e-01 
1.493510e+00  8.011849e-02 


